Temps(s)	Pc(MPa)	Pax(MPa)	Ppam(MPa)	Q(MPa)	Pmoy(MPa)	Defaxcapt	Defvolfluide	Defvolconf	Deplct(µm)
1.867000E+0	5.999186E+1	6.010904E+1	1.000236E+1	1.171808E-1	6.003092E+1	-9.862136E-7	0.000000E+0	-1.376041E-5	-3.932329E-2
2.985000E+0	5.999187E+1	6.011218E+1	1.000352E+1	1.203057E-1	6.003198E+1	2.007751E-6	0.000000E+0	-1.406351E-5	8.005504E-2
4.101000E+0	5.999206E+1	6.010587E+1	1.000348E+1	1.138078E-1	6.002999E+1	2.118762E-6	0.000000E+0	-1.697320E-5	8.448138E-2
5.215000E+0	5.999174E+1	6.011148E+1	1.000335E+1	1.197390E-1	6.003165E+1	-3.567779E-6	0.000000E+0	-1.194186E-5	-1.422580E-1
6.331000E+0	5.999205E+1	5.994232E+1	1.000351E+1	-4.972680E-2	5.997547E+1	3.803155E-6	0.000000E+0	-1.685196E-5	1.516432E-1
7.445000E+0	5.999173E+1	5.976804E+1	1.000224E+1	-2.236849E-1	5.991716E+1	6.994685E-6	0.000000E+0	-1.169938E-5	2.788991E-1
8.565000E+0	5.999197E+1	5.976879E+1	1.000338E+1	-2.231809E-1	5.991758E+1	-6.696132E-5	0.000000E+0	-1.557897E-5	-2.669949E+0
9.680000E+0	5.999177E+1	5.976343E+1	1.000260E+1	-2.283343E-1	5.991566E+1	-5.914847E-5	0.000000E+0	-9.457360E-6	-2.358427E+0
1.079500E+1	5.999192E+1	6.063048E+1	1.000345E+1	6.385606E-1	6.020477E+1	-8.618090E-5	0.000000E+0	-1.188210E-5	-3.436291E+0
1.190900E+1	5.999194E+1	6.062559E+1	1.000356E+1	6.336539E-1	6.020315E+1	-8.297706E-5	0.000000E+0	-1.212458E-5	-3.308544E+0
1.302800E+1	5.999178E+1	6.045571E+1	1.000269E+1	4.639342E-1	6.014642E+1	-7.657902E-5	0.000000E+0	-9.639215E-6	-3.053435E+0
1.414700E+1	5.999179E+1	6.045595E+1	1.000339E+1	4.641567E-1	6.014651E+1	-8.604569E-5	0.000000E+0	-9.821071E-6	-3.430900E+0
1.526100E+1	5.999167E+1	6.045387E+1	1.000234E+1	4.622033E-1	6.014574E+1	-7.778115E-5	0.000000E+0	-7.881277E-6	-3.101368E+0
1.638000E+1	5.999182E+1	6.045587E+1	1.000334E+1	4.640438E-1	6.014650E+1	-7.683359E-5	0.000000E+0	-1.054842E-5	-3.063586E+0
1.749200E+1	5.999170E+1	6.062548E+1	1.000347E+1	6.337831E-1	6.020296E+1	-8.763082E-5	0.000000E+0	-8.366225E-6	-3.494104E+0
1.861200E+1	5.999184E+1	6.063072E+1	1.000347E+1	6.388825E-1	6.020480E+1	-8.196887E-5	0.000000E+0	-1.054849E-5	-3.268345E+0
1.972800E+1	5.999187E+1	6.062948E+1	1.000356E+1	6.376147E-1	6.020441E+1	-8.247856E-5	0.000000E+0	-1.103344E-5	-3.288667E+0
2.084500E+1	5.999165E+1	6.045601E+1	1.000232E+1	4.643593E-1	6.014644E+1	-7.885588E-5	0.000000E+0	-7.578184E-6	-3.144220E+0
2.196100E+1	5.999179E+1	6.045293E+1	1.000352E+1	4.611356E-1	6.014550E+1	-7.922444E-5	0.000000E+0	-9.821071E-6	-3.158916E+0
2.307500E+1	5.999162E+1	6.062337E+1	1.000225E+1	6.317588E-1	6.020220E+1	-8.351627E-5	0.000000E+0	-7.032617E-6	-3.330044E+0
2.419000E+1	5.999191E+1	6.079757E+1	1.000341E+1	8.056534E-1	6.026046E+1	-8.740851E-5	0.000000E+0	-1.176087E-5	-3.485239E+0
2.530400E+1	5.999145E+1	6.062412E+1	1.000352E+1	6.326709E-1	6.020234E+1	-8.409824E-5	0.000000E+0	-4.365400E-6	-3.353249E+0
2.642000E+1	5.999191E+1	6.062953E+1	1.000290E+1	6.376186E-1	6.020445E+1	-8.144297E-5	0.000000E+0	-1.194265E-5	-3.247376E+0
2.753900E+1	5.999195E+1	6.062930E+1	1.000345E+1	6.373466E-1	6.020440E+1	-8.571020E-5	0.000000E+0	-1.267007E-5	-3.417523E+0
2.865500E+1	5.999188E+1	6.045322E+1	1.000218E+1	4.613433E-1	6.014566E+1	-7.681087E-5	0.000000E+0	-1.170010E-5	-3.062680E+0
2.976700E+1	5.999180E+1	6.079746E+1	1.000346E+1	8.056644E-1	6.026035E+1	-8.777284E-5	0.000000E+0	-1.042711E-5	-3.499767E+0
3.088600E+1	5.999171E+1	6.062427E+1	1.000343E+1	6.325593E-1	6.020257E+1	-8.676331E-5	0.000000E+0	-9.093504E-6	-3.459513E+0
3.199800E+1	6.004589E+1	6.062914E+1	1.000316E+1	5.832419E-1	6.024031E+1	-8.715235E-5	0.000000E+0	-8.592898E-4	-3.475026E+0
3.311400E+1	6.004576E+1	6.062896E+1	1.000347E+1	5.832066E-1	6.024016E+1	-9.024355E-5	0.000000E+0	-8.570569E-4	-3.598281E+0
3.423200E+1	6.004593E+1	6.079699E+1	1.000193E+1	7.510657E-1	6.029628E+1	-9.235537E-5	0.000000E+0	-8.597860E-4	-3.682486E+0
3.535100E+1	6.004586E+1	6.062901E+1	1.000338E+1	5.831534E-1	6.024024E+1	-8.365200E-5	0.000000E+0	-8.587316E-4	-3.335456E+0
3.646900E+1	6.004559E+1	6.062366E+1	1.000199E+1	5.780685E-1	6.023828E+1	-8.657182E-5	0.000000E+0	-8.543279E-4	-3.451878E+0
3.758600E+1	6.004603E+1	6.070451E+1	1.000322E+1	6.584821E-1	6.026552E+1	-8.568770E-5	0.000000E+0	-8.614607E-4	-3.416626E+0
3.870000E+1	6.004576E+1	6.078591E+1	1.000321E+1	7.401559E-1	6.029248E+1	-8.998619E-5	0.000000E+0	-8.570569E-4	-3.588020E+0
3.981700E+1	6.004599E+1	6.079765E+1	1.000306E+1	7.516664E-1	6.029654E+1	-9.106705E-5	0.000000E+0	-8.607784E-4	-3.631116E+0
4.093100E+1	6.004585E+1	6.079776E+1	1.000309E+1	7.519188E-1	6.029648E+1	-9.399832E-5	0.000000E+0	-8.584835E-4	-3.747995E+0
4.204500E+1	6.004591E+1	6.079587E+1	1.000205E+1	7.499587E-1	6.029590E+1	-9.378824E-5	0.000000E+0	-8.597803E-4	-3.739619E+0
4.315900E+1	6.004591E+1	6.079760E+1	1.000318E+1	7.516852E-1	6.029647E+1	-9.167901E-5	0.000000E+0	-8.595379E-4	-3.655517E+0
4.427600E+1	6.009924E+1	6.079376E+1	1.000327E+1	6.945211E-1	6.033075E+1	-8.805107E-5	0.000000E+0	-1.726880E-3	-3.510860E+0
4.538900E+1	6.009914E+1	6.079954E+1	1.000331E+1	7.004037E-1	6.033261E+1	-9.090366E-5	0.000000E+0	-2.189710E-3	-3.624602E+0
4.650800E+1	6.009914E+1	6.063090E+1	1.000326E+1	5.317647E-1	6.027640E+1	-8.862661E-5	0.000000E+0	-2.816562E-3	-3.533809E+0
4.762300E+1	6.004593E+1	6.063021E+1	1.000207E+1	5.842816E-1	6.024069E+1	-8.912775E-5	0.000000E+0	-2.729316E-3	-3.553791E+0
4.873700E+1	5.999147E+1	6.045596E+1	1.000264E+1	4.644944E-1	6.014630E+1	-7.978112E-5	0.000000E+0	-1.902254E-3	-3.181113E+0
4.985700E+1	5.999177E+1	6.045048E+1	1.000268E+1	4.587089E-1	6.014467E+1	-7.686389E-5	0.000000E+0	-1.906982E-3	-3.064794E+0
5.097500E+1	5.999090E+1	6.063060E+1	1.000326E+1	6.396981E-1	6.020413E+1	-8.551600E-5	0.000000E+0	-1.893404E-3	-3.409780E+0
5.208800E+1	5.999168E+1	6.079420E+1	1.000332E+1	8.025197E-1	6.025919E+1	-8.591599E-5	0.000000E+0	-1.906134E-3	-3.425728E+0
5.320600E+1	6.004583E+1	6.080002E+1	1.000253E+1	7.541861E-1	6.029723E+1	-9.235359E-5	0.000000E+0	-2.755822E-3	-3.682415E+0
5.431900E+1	6.004501E+1	6.079964E+1	1.000324E+1	7.546360E-1	6.029655E+1	-9.175010E-5	0.000000E+0	-2.742121E-3	-3.658352E+0
5.543400E+1	6.004541E+1	6.062785E+1	1.000204E+1	5.824355E-1	6.023956E+1	-8.332974E-5	0.000000E+0	-2.748757E-3	-3.322607E+0
5.655500E+1	6.004525E+1	6.079939E+1	1.000333E+1	7.541483E-1	6.029663E+1	-9.078997E-5	0.000000E+0	-2.746271E-3	-3.620069E+0
5.766500E+1	6.004561E+1	6.079378E+1	1.000364E+1	7.481752E-1	6.029500E+1	-9.424634E-5	0.000000E+0	-2.751921E-3	-3.757884E+0
5.878300E+1	6.004524E+1	6.079962E+1	1.000354E+1	7.543861E-1	6.029670E+1	-9.582190E-5	0.000000E+0	-2.745904E-3	-3.820706E+0
5.989700E+1	6.004538E+1	6.063075E+1	1.000357E+1	5.853758E-1	6.024050E+1	-8.943959E-5	0.000000E+0	-2.748379E-3	-3.566225E+0
6.101300E+1	6.004526E+1	6.079927E+1	1.000247E+1	7.540140E-1	6.029660E+1	-9.151808E-5	0.000000E+0	-2.746457E-3	-3.649100E+0
6.212800E+1	6.009848E+1	6.063064E+1	1.000348E+1	5.321563E-1	6.027587E+1	-9.083653E-5	0.000000E+0	-3.611577E-3	-3.621925E+0
6.324400E+1	6.009854E+1	6.079358E+1	1.000340E+1	6.950372E-1	6.033022E+1	-9.398940E-5	0.000000E+0	-4.075073E-3	-3.747639E+0
6.436200E+1	6.004522E+1	6.063041E+1	1.000339E+1	5.851831E-1	6.024028E+1	-9.156680E-5	0.000000E+0	-3.832103E-3	-3.651043E+0
6.547500E+1	6.004545E+1	6.045627E+1	1.000340E+1	4.108235E-1	6.018239E+1	-8.684669E-5	0.000000E+0	-3.857336E-3	-3.462838E+0
6.659000E+1	6.004515E+1	6.045584E+1	1.000226E+1	4.106970E-1	6.018205E+1	-7.957144E-5	0.000000E+0	-3.852436E-3	-3.172752E+0
6.770600E+1	6.004549E+1	6.045619E+1	1.000336E+1	4.106951E-1	6.018239E+1	-8.348084E-5	0.000000E+0	-3.858019E-3	-3.328631E+0
6.882000E+1	6.004512E+1	6.062540E+1	1.000266E+1	5.802796E-1	6.023855E+1	-9.163965E-5	0.000000E+0	-3.852002E-3	-3.653948E+0
6.994100E+1	6.004591E+1	6.079939E+1	1.005543E+1	7.534730E-1	6.029707E+1	-9.142848E-5	0.000000E+0	-3.864903E-3	-3.645528E+0
7.105900E+1	6.004519E+1	6.062330E+1	1.005567E+1	5.781104E-1	6.023789E+1	-8.228737E-5	1.599855E-5	-3.853057E-3	-3.281044E+0
7.218000E+1	6.004513E+1	6.063074E+1	1.000342E+1	5.856160E-1	6.024033E+1	-9.093955E-5	4.411721E-5	-3.852126E-3	-3.626033E+0
7.329300E+1	6.004519E+1	6.063028E+1	1.000339E+1	5.850946E-1	6.024022E+1	-8.352015E-5	4.484442E-5	-3.853057E-3	-3.330199E+0
7.440900E+1	6.004521E+1	6.063016E+1	1.000236E+1	5.849527E-1	6.024019E+1	-8.912375E-5	4.460202E-5	-3.853429E-3	-3.553631E+0
7.552700E+1	6.004520E+1	6.079949E+1	1.000342E+1	7.542975E-1	6.029663E+1	-8.954927E-5	4.484442E-5	-3.853243E-3	-3.570598E+0
7.664200E+1	6.004524E+1	6.079339E+1	1.000248E+1	7.481518E-1	6.029463E+1	-8.911514E-5	4.460202E-5	-3.854472E-3	-3.553288E+0
7.775600E+1	6.009903E+1	6.079941E+1	1.000335E+1	7.003820E-1	6.033249E+1	-9.687928E-5	4.484442E-5	-4.728710E-3	-3.862868E+0
7.887300E+1	6.009924E+1	6.079978E+1	1.000345E+1	7.005386E-1	6.033276E+1	-8.912441E-5	4.460202E-5	-5.200082E-3	-3.553658E+0
7.998700E+1	6.004565E+1	6.079952E+1	1.000233E+1	7.538762E-1	6.029694E+1	-9.398639E-5	4.484442E-5	-4.960826E-3	-3.747519E+0
8.110000E+1	6.004597E+1	6.063066E+1	1.000343E+1	5.846943E-1	6.024087E+1	-9.126927E-5	4.484442E-5	-4.987367E-3	-3.639180E+0
8.221500E+1	6.004591E+1	6.079318E+1	1.000275E+1	7.472657E-1	6.029500E+1	-9.166047E-5	4.484442E-5	-4.986679E-3	-3.654778E+0
8.333100E+1	6.004588E+1	6.079916E+1	1.000331E+1	7.532772E-1	6.029698E+1	-8.771835E-5	4.484442E-5	-4.986245E-3	-3.497594E+0
8.444500E+1	6.004568E+1	6.079916E+1	1.000330E+1	7.534756E-1	6.029684E+1	-9.059605E-5	4.484442E-5	-4.983020E-3	-3.612336E+0
8.555900E+1	6.009921E+1	6.079922E+1	1.000223E+1	7.000168E-1	6.033254E+1	-9.136831E-5	4.484442E-5	-5.853221E-3	-3.643128E+0
8.667500E+1	6.009943E+1	6.063015E+1	1.000341E+1	5.307135E-1	6.027634E+1	-8.914829E-5	4.484442E-5	-6.324536E-3	-3.554610E+0
8.779000E+1	6.004582E+1	6.044827E+1	1.000230E+1	4.024468E-1	6.017997E+1	-8.744214E-5	4.484442E-5	-6.086486E-3	-3.486580E+0
8.890800E+1	6.004587E+1	6.062922E+1	1.000336E+1	5.833510E-1	6.024032E+1	-8.844870E-5	4.460202E-5	-6.108624E-3	-3.526715E+0
9.002400E+1	6.004573E+1	6.062398E+1	1.000339E+1	5.782478E-1	6.023848E+1	-8.409206E-5	4.484442E-5	-6.106391E-3	-3.353003E+0
9.114200E+1	6.004588E+1	6.062891E+1	1.000308E+1	5.830231E-1	6.024022E+1	-8.852996E-5	4.460202E-5	-6.108810E-3	-3.529955E+0
9.225800E+1	6.004589E+1	6.045388E+1	1.000346E+1	4.079889E-1	6.018188E+1	-8.520904E-5	4.484442E-5	-6.108872E-3	-3.397540E+0
9.336900E+1	6.004589E+1	6.044801E+1	1.000217E+1	4.021192E-1	6.017993E+1	-7.869992E-5	4.460202E-5	-6.108934E-3	-3.138002E+0
9.448700E+1	6.004559E+1	6.062890E+1	1.000323E+1	5.833129E-1	6.024002E+1	-8.954997E-5	4.484442E-5	-6.103972E-3	-3.570626E+0
9.560000E+1	6.004569E+1	6.079236E+1	1.000307E+1	7.466697E-1	6.029458E+1	-8.891171E-5	4.484442E-5	-6.105709E-3	-3.545177E+0
9.671400E+1	6.009938E+1	6.075815E+1	1.000289E+1	6.587705E-1	6.031897E+1	-9.186310E-5	4.484442E-5	-6.978819E-3	-3.662857E+0
9.783100E+1	6.009930E+1	6.079736E+1	1.000267E+1	6.980645E-1	6.033199E+1	-8.902403E-5	4.484442E-5	-7.445657E-3	-3.549655E+0
9.894200E+1	6.004586E+1	6.062459E+1	1.000207E+1	5.787300E-1	6.023877E+1	-8.549139E-5	4.460202E-5	-7.207670E-3	-3.408798E+0
1.000640E+2	6.004539E+1	6.079781E+1	1.000300E+1	7.524132E-1	6.029620E+1	-8.651626E-5	4.484442E-5	-7.222951E-3	-3.449663E+0
1.011800E+2	6.004564E+1	6.062413E+1	1.000321E+1	5.784910E-1	6.023847E+1	-9.167617E-5	4.460202E-5	-7.226982E-3	-3.655404E+0
1.022950E+2	6.004559E+1	6.079931E+1	1.000293E+1	7.537149E-1	6.029683E+1	-9.603263E-5	4.484442E-5	-7.226176E-3	-3.829109E+0
1.034050E+2	6.004587E+1	6.079914E+1	1.000300E+1	7.532638E-1	6.029696E+1	-9.445055E-5	4.460202E-5	-7.230704E-3	-3.766027E+0
1.045250E+2	6.004517E+1	6.079914E+1	1.000212E+1	7.539695E-1	6.029649E+1	-9.173136E-5	4.484442E-5	-7.219229E-3	-3.657605E+0
1.056420E+2	6.009932E+1	6.063027E+1	1.000327E+1	5.309507E-1	6.027630E+1	-8.443130E-5	4.460202E-5	-8.099664E-3	-3.366529E+0
1.067550E+2	6.009898E+1	6.062509E+1	1.000254E+1	5.261073E-1	6.027435E+1	-8.586566E-5	4.484442E-5	-8.564529E-3	-3.423721E+0
1.078700E+2	6.004553E+1	6.079922E+1	1.000295E+1	7.536896E-1	6.029676E+1	-8.875048E-5	4.484442E-5	-8.325690E-3	-3.538748E+0
1.089870E+2	6.004522E+1	6.063016E+1	1.000323E+1	5.849319E-1	6.024020E+1	-8.460368E-5	4.484442E-5	-8.343209E-3	-3.373403E+0
1.101060E+2	6.004515E+1	6.063055E+1	1.000239E+1	5.854071E-1	6.024028E+1	-8.780459E-5	4.484442E-5	-8.341969E-3	-3.501032E+0
1.112200E+2	6.004530E+1	6.063043E+1	1.000322E+1	5.851355E-1	6.024034E+1	-8.900743E-5	4.484442E-5	-8.344388E-3	-3.548993E+0
1.123320E+2	6.004510E+1	6.079329E+1	1.000228E+1	7.481933E-1	6.029450E+1	-9.007079E-5	4.484442E-5	-8.341163E-3	-3.591393E+0
1.134510E+2	6.009850E+1	6.079919E+1	1.000341E+1	7.006975E-1	6.033206E+1	-9.057862E-5	4.460202E-5	-9.209621E-3	-3.611641E+0
1.145650E+2	6.009848E+1	6.062540E+1	1.000338E+1	5.269158E-1	6.027412E+1	-8.950384E-5	4.484442E-5	-9.671149E-3	-3.568787E+0
1.156820E+2	6.004512E+1	6.045603E+1	1.000340E+1	4.109059E-1	6.018209E+1	-8.447491E-5	4.484442E-5	-9.426347E-3	-3.368268E+0
1.167960E+2	6.004523E+1	6.045598E+1	1.000359E+1	4.107531E-1	6.018214E+1	-8.242624E-5	4.484442E-5	-9.449111E-3	-3.286581E+0
1.179090E+2	5.999054E+1	6.044968E+1	1.000234E+1	4.591393E-1	6.014359E+1	-8.265100E-5	4.484442E-5	-8.591098E-3	-3.295543E+0
1.190240E+2	5.999091E+1	6.045593E+1	1.000354E+1	4.650207E-1	6.014591E+1	-8.539416E-5	4.484442E-5	-8.597160E-3	-3.404921E+0
1.201420E+2	5.999055E+1	6.079059E+1	1.000342E+1	8.000466E-1	6.025723E+1	-8.943897E-5	4.484442E-5	-8.591462E-3	-3.566200E+0
1.212600E+2	6.004534E+1	6.045614E+1	1.000340E+1	4.108056E-1	6.018227E+1	-9.155588E-5	4.484442E-5	-9.451152E-3	-3.650608E+0
1.223720E+2	6.004530E+1	6.045565E+1	1.000342E+1	4.103508E-1	6.018208E+1	-8.383960E-5	4.460202E-5	-9.450531E-3	-3.342936E+0
1.234920E+2	6.004593E+1	6.045577E+1	1.000230E+1	4.098441E-1	6.018254E+1	-8.820690E-5	4.460202E-5	-9.460703E-3	-3.517074E+0
1.246030E+2	6.004591E+1	6.079959E+1	1.000351E+1	7.536821E-1	6.029714E+1	-9.277232E-5	4.484442E-5	-9.460455E-3	-3.699111E+0
1.257200E+2	6.004568E+1	6.062516E+1	1.000328E+1	5.794809E-1	6.023884E+1	-9.050921E-5	4.460202E-5	-9.456734E-3	-3.608874E+0
1.268340E+2	6.004577E+1	6.063058E+1	1.000355E+1	5.848025E-1	6.024071E+1	-8.892346E-5	4.484442E-5	-9.458222E-3	-3.545645E+0
1.279470E+2	6.004567E+1	6.079967E+1	1.000352E+1	7.540010E-1	6.029700E+1	-9.816261E-5	4.460202E-5	-9.456548E-3	-3.914038E+0
1.290640E+2	6.009916E+1	6.079958E+1	1.000230E+1	7.004212E-1	6.033263E+1	-9.839030E-5	4.484442E-5	-1.032625E-2	-3.923116E+0
1.301790E+2	6.009910E+1	6.063049E+1	1.000351E+1	5.313945E-1	6.027623E+1	-9.032739E-5	4.460202E-5	-1.079091E-2	-3.601624E+0
1.312950E+2	6.009935E+1	6.079396E+1	1.000350E+1	6.946064E-1	6.033089E+1	-9.667368E-5	4.484442E-5	-1.142235E-2	-3.854670E+0
1.324090E+2	6.004585E+1	6.079925E+1	1.000352E+1	7.533979E-1	6.029699E+1	-9.896073E-5	4.460202E-5	-1.133281E-2	-3.945861E+0
1.335240E+2	6.004575E+1	6.079755E+1	1.000348E+1	7.517995E-1	6.029635E+1	-9.093442E-5	4.484442E-5	-1.135932E-2	-3.625828E+0
1.346420E+2	6.004583E+1	6.079741E+1	1.000228E+1	7.515832E-1	6.029636E+1	-9.542714E-5	4.460202E-5	-1.136056E-2	-3.804966E+0
1.357580E+2	6.004595E+1	6.079758E+1	1.000348E+1	7.516338E-1	6.029649E+1	-9.736775E-5	4.484442E-5	-1.136248E-2	-3.882344E+0
1.368720E+2	6.004601E+1	6.079221E+1	1.000236E+1	7.461922E-1	6.029474E+1	-9.628248E-5	4.484442E-5	-1.136402E-2	-3.839071E+0
1.379870E+2	6.009905E+1	6.079759E+1	1.000345E+1	6.985332E-1	6.033190E+1	-9.200651E-5	4.484442E-5	-1.222616E-2	-3.668575E+0
1.391070E+2	6.009901E+1	6.079434E+1	1.000341E+1	6.953277E-1	6.033079E+1	-9.874566E-5	4.484442E-5	-1.268920E-2	-3.937286E+0
1.402200E+2	6.009891E+1	6.079768E+1	1.000217E+1	6.987645E-1	6.033183E+1	-8.875586E-5	4.484442E-5	-1.331031E-2	-3.538962E+0
1.413360E+2	6.004570E+1	6.079725E+1	1.000346E+1	7.515519E-1	6.029622E+1	-9.964462E-5	4.484442E-5	-1.321985E-2	-3.973130E+0
1.424510E+2	6.004581E+1	6.088964E+1	1.000221E+1	8.438279E-1	6.032709E+1	-9.602434E-5	4.484442E-5	-1.324935E-2	-3.828778E+0
1.435650E+2	6.004576E+1	6.079731E+1	1.000302E+1	7.515484E-1	6.029628E+1	-9.598129E-5	4.484442E-5	-1.324872E-2	-3.827062E+0
1.446800E+2	6.009914E+1	6.096747E+1	1.000302E+1	8.683295E-1	6.038859E+1	-1.010145E-4	4.484442E-5	-1.411669E-2	-4.027750E+0
1.457950E+2	6.009909E+1	6.062919E+1	1.000224E+1	5.300979E-1	6.027579E+1	-8.776034E-5	4.484442E-5	-1.458124E-2	-3.499268E+0
1.469090E+2	6.009923E+1	6.045445E+1	1.000326E+1	3.552216E-1	6.021764E+1	-8.711904E-5	4.460202E-5	-1.521105E-2	-3.473698E+0
1.480230E+2	6.004572E+1	6.045001E+1	1.000207E+1	4.042955E-1	6.018048E+1	-9.006783E-5	4.484442E-5	-1.512254E-2	-3.591274E+0
1.491370E+2	5.999172E+1	6.045565E+1	1.000306E+1	4.639282E-1	6.014636E+1	-8.166873E-5	4.460202E-5	-1.430174E-2	-3.256377E+0
1.502530E+2	5.999067E+1	6.062556E+1	1.000324E+1	6.348822E-1	6.020230E+1	-8.430865E-5	4.484442E-5	-1.428507E-2	-3.361639E+0
1.513680E+2	5.999134E+1	6.063036E+1	1.000280E+1	6.390160E-1	6.020435E+1	-8.988373E-5	4.460202E-5	-1.429622E-2	-3.583934E+0
1.524870E+2	5.999138E+1	6.045565E+1	1.000307E+1	4.642753E-1	6.014614E+1	-8.753011E-5	4.484442E-5	-1.429677E-2	-3.490088E+0
1.536000E+2	5.999083E+1	6.045036E+1	1.000205E+1	4.595342E-1	6.014400E+1	-8.887140E-5	4.484442E-5	-1.428798E-2	-3.543569E+0
1.547190E+2	6.004522E+1	6.063042E+1	1.000324E+1	5.851986E-1	6.024029E+1	-8.874912E-5	4.484442E-5	-1.514114E-2	-3.538694E+0
1.558300E+2	6.004513E+1	6.062503E+1	1.000349E+1	5.799018E-1	6.023843E+1	-8.879047E-5	4.484442E-5	-1.513965E-2	-3.540342E+0
1.569470E+2	6.004537E+1	6.063039E+1	1.000335E+1	5.850172E-1	6.024038E+1	-9.265947E-5	4.460202E-5	-1.514356E-2	-3.694611E+0
1.580650E+2	6.004528E+1	6.063050E+1	1.000343E+1	5.852238E-1	6.024035E+1	-8.990095E-5	4.484442E-5	-1.514201E-2	-3.584621E+0
1.591800E+2	6.007438E+1	6.079765E+1	1.000222E+1	7.232643E-1	6.031547E+1	-1.001114E-4	4.484442E-5	-1.561525E-2	-3.991744E+0
1.602950E+2	6.009845E+1	6.097068E+1	1.000345E+1	8.722348E-1	6.038919E+1	-1.019426E-4	4.484442E-5	-1.626424E-2	-4.064756E+0
1.614090E+2	6.009843E+1	6.079365E+1	1.000302E+1	6.952132E-1	6.033017E+1	-9.595929E-5	4.460202E-5	-1.681594E-2	-3.826185E+0
1.625240E+2	6.009849E+1	6.079934E+1	1.000337E+1	7.008492E-1	6.033211E+1	-9.323743E-5	4.484442E-5	-1.752444E-2	-3.717656E+0
1.636420E+2	6.004511E+1	6.063041E+1	1.000288E+1	5.853053E-1	6.024021E+1	-9.095252E-5	4.460202E-5	-1.751385E-2	-3.626550E+0
1.647580E+2	5.999076E+1	6.063022E+1	1.000226E+1	6.394557E-1	6.020391E+1	-8.504696E-5	4.484442E-5	-1.669158E-2	-3.391078E+0
1.658730E+2	6.004526E+1	6.079969E+1	1.000350E+1	7.544363E-1	6.029674E+1	-9.470179E-5	4.460202E-5	-1.754681E-2	-3.776044E+0
1.669870E+2	6.004516E+1	6.062495E+1	1.000232E+1	5.797927E-1	6.023842E+1	-9.214085E-5	4.484442E-5	-1.754520E-2	-3.673932E+0
1.681010E+2	6.004574E+1	6.063044E+1	1.000349E+1	5.847046E-1	6.024064E+1	-8.696689E-5	4.484442E-5	-1.755463E-2	-3.467631E+0
1.692180E+2	6.004600E+1	6.063082E+1	1.000353E+1	5.848193E-1	6.024094E+1	-9.536143E-5	4.484442E-5	-1.755891E-2	-3.802346E+0
1.703310E+2	6.009925E+1	6.079957E+1	1.000237E+1	7.003202E-1	6.033269E+1	-9.387065E-5	4.484442E-5	-1.842470E-2	-3.742905E+0
1.714460E+2	6.009937E+1	6.063036E+1	1.000346E+1	5.309876E-1	6.027637E+1	-9.582456E-5	4.460202E-5	-1.889162E-2	-3.820813E+0
1.725650E+2	6.004590E+1	6.044976E+1	1.000230E+1	4.038572E-1	6.018052E+1	-8.404274E-5	4.484442E-5	-1.865144E-2	-3.351036E+0
1.736750E+2	6.004585E+1	6.045545E+1	1.000349E+1	4.096039E-1	6.018238E+1	-9.142859E-5	4.460202E-5	-1.867311E-2	-3.645532E+0
1.747930E+2	6.004593E+1	6.045447E+1	1.000349E+1	4.085493E-1	6.018211E+1	-9.433246E-5	4.484442E-5	-1.867441E-2	-3.761318E+0
1.759090E+2	6.004572E+1	6.045505E+1	1.000257E+1	4.093308E-1	6.018217E+1	-1.012578E-4	4.460202E-5	-1.867088E-2	-4.037454E+0
1.770220E+2	6.004588E+1	6.063013E+1	1.000336E+1	5.842547E-1	6.024063E+1	-9.817163E-5	4.484442E-5	-1.867337E-2	-3.914397E+0
1.781370E+2	6.004572E+1	6.079163E+1	1.000228E+1	7.459144E-1	6.029436E+1	-1.062742E-4	4.484442E-5	-1.867106E-2	-4.237470E+0
1.792550E+2	6.009921E+1	6.079923E+1	1.000343E+1	7.000208E-1	6.033255E+1	-1.084210E-4	4.484442E-5	-1.954083E-2	-4.323071E+0
1.803720E+2	6.009920E+1	6.079187E+1	1.000343E+1	6.926664E-1	6.033009E+1	-1.007472E-4	4.484442E-5	-2.000606E-2	-4.017092E+0
1.814870E+2	6.009909E+1	6.079710E+1	1.000320E+1	6.980175E-1	6.033176E+1	-1.052537E-4	4.460202E-5	-2.063129E-2	-4.196781E+0
1.826050E+2	6.004590E+1	6.062922E+1	1.000349E+1	5.833188E-1	6.024034E+1	-1.035758E-4	4.484442E-5	-2.054920E-2	-4.129878E+0
1.837200E+2	5.999137E+1	6.062879E+1	1.000229E+1	6.374106E-1	6.020385E+1	-9.982292E-5	4.484442E-5	-1.971997E-2	-3.980239E+0
1.848360E+2	6.004585E+1	6.079717E+1	1.000342E+1	7.513169E-1	6.029629E+1	-1.050150E-4	4.484442E-5	-2.057458E-2	-4.187263E+0
1.859510E+2	6.004573E+1	6.062177E+1	1.000274E+1	5.760306E-1	6.023774E+1	-9.944148E-5	4.484442E-5	-2.057272E-2	-3.965030E+0
1.870650E+2	6.004584E+1	6.062890E+1	1.000350E+1	5.830633E-1	6.024019E+1	-1.068699E-4	4.460202E-5	-2.057488E-2	-4.261223E+0
1.881840E+2	6.009925E+1	6.062930E+1	1.000342E+1	5.300528E-1	6.027594E+1	-1.043762E-4	4.484442E-5	-2.144310E-2	-4.161792E+0
1.893000E+2	6.009925E+1	6.079719E+1	1.000207E+1	6.979437E-1	6.033190E+1	-1.092337E-4	4.460202E-5	-2.190802E-2	-4.355475E+0
1.904170E+2	6.009930E+1	6.079759E+1	1.000342E+1	6.982892E-1	6.033207E+1	-1.045639E-4	4.484442E-5	-2.253599E-2	-4.169278E+0
1.915290E+2	6.004594E+1	6.062392E+1	1.000211E+1	5.779786E-1	6.023860E+1	-9.699828E-5	4.460202E-5	-2.244711E-2	-3.867612E+0
1.926480E+2	6.004588E+1	6.062898E+1	1.000308E+1	5.831000E-1	6.024025E+1	-9.823711E-5	4.484442E-5	-2.247460E-2	-3.917008E+0
1.937620E+2	6.004581E+1	6.079655E+1	1.000336E+1	7.507391E-1	6.029606E+1	-1.026625E-4	4.460202E-5	-2.247342E-2	-4.093462E+0
1.948760E+2	6.009950E+1	6.079755E+1	1.000288E+1	6.980504E-1	6.033219E+1	-1.045978E-4	4.484442E-5	-2.334617E-2	-4.170629E+0
1.959910E+2	6.009906E+1	6.062935E+1	1.000335E+1	5.302817E-1	6.027582E+1	-1.012872E-4	4.484442E-5	-2.380809E-2	-4.038624E+0
1.971090E+2	6.004588E+1	6.113558E+1	1.000211E+1	1.089692E+0	6.040911E+1	-1.147144E-4	4.484442E-5	-2.357171E-2	-4.574008E+0
1.982210E+2	6.004566E+1	6.045601E+1	1.000332E+1	4.103508E-1	6.018244E+1	-9.697691E-5	4.484442E-5	-2.359011E-2	-3.866760E+0
1.993360E+2	6.004591E+1	6.044988E+1	1.000299E+1	4.039742E-1	6.018056E+1	-1.032089E-4	4.484442E-5	-2.359390E-2	-4.115249E+0
2.004510E+2	6.004594E+1	6.045589E+1	1.000320E+1	4.099534E-1	6.018259E+1	-9.906146E-5	4.484442E-5	-2.359440E-2	-3.949878E+0
2.015660E+2	6.004532E+1	6.045581E+1	1.000309E+1	4.104889E-1	6.018215E+1	-1.010538E-4	4.460202E-5	-2.358465E-2	-4.029318E+0
2.026800E+2	6.004548E+1	6.062543E+1	1.000220E+1	5.799536E-1	6.023879E+1	-1.026535E-4	4.484442E-5	-2.358689E-2	-4.093101E+0
2.037950E+2	6.009852E+1	6.079943E+1	1.000350E+1	7.009087E-1	6.033215E+1	-1.063545E-4	4.460202E-5	-2.444958E-2	-4.240672E+0
2.049140E+2	6.009863E+1	6.079399E+1	1.000359E+1	6.953638E-1	6.033041E+1	-1.057477E-4	4.484442E-5	-2.491334E-2	-4.216478E+0
2.060290E+2	6.009853E+1	6.063058E+1	1.000354E+1	5.320569E-1	6.027588E+1	-1.012164E-4	4.460202E-5	-2.553470E-2	-4.035802E+0
2.071420E+2	6.009855E+1	6.063078E+1	1.000355E+1	5.322354E-1	6.027596E+1	-1.057512E-4	4.484442E-5	-2.630785E-2	-4.216620E+0
2.082610E+2	6.004562E+1	6.062745E+1	1.000237E+1	5.818343E-1	6.023956E+1	-1.028221E-4	4.460202E-5	-2.636760E-2	-4.099824E+0
2.093720E+2	5.999072E+1	6.079962E+1	1.000359E+1	8.089096E-1	6.026035E+1	-1.066060E-4	4.484442E-5	-2.553781E-2	-4.250700E+0
2.104870E+2	5.999090E+1	6.062532E+1	1.000360E+1	6.344231E-1	6.020237E+1	-1.015521E-4	4.484442E-5	-2.554047E-2	-4.049186E+0
2.116070E+2	6.004516E+1	6.063056E+1	1.000340E+1	5.854035E-1	6.024029E+1	-1.047180E-4	4.484442E-5	-2.639167E-2	-4.175422E+0
2.127200E+2	6.004513E+1	6.063034E+1	1.000359E+1	5.852115E-1	6.024020E+1	-1.045500E-4	4.460202E-5	-2.639142E-2	-4.168722E+0
2.138350E+2	6.004518E+1	6.079915E+1	1.000233E+1	7.539698E-1	6.029650E+1	-1.053811E-4	4.484442E-5	-2.639204E-2	-4.201862E+0
2.149510E+2	6.004577E+1	6.045615E+1	1.000346E+1	4.103784E-1	6.018256E+1	-9.410092E-5	4.460202E-5	-2.640184E-2	-3.752086E+0
2.160650E+2	6.009889E+1	6.045016E+1	1.000346E+1	3.512702E-1	6.021598E+1	-9.480730E-5	4.484442E-5	-2.726534E-2	-3.780251E+0
2.171800E+2	6.009911E+1	6.063051E+1	1.000351E+1	5.313985E-1	6.027624E+1	-1.010095E-4	4.460202E-5	-2.773163E-2	-4.027551E+0
2.182950E+2	6.009916E+1	6.079981E+1	1.000351E+1	7.006420E-1	6.033271E+1	-1.054067E-4	4.484442E-5	-2.835910E-2	-4.202880E+0
2.194090E+2	6.004580E+1	6.062673E+1	1.000236E+1	5.809357E-1	6.023944E+1	-1.024250E-4	4.484442E-5	-2.826950E-2	-4.083993E+0
2.205250E+2	6.004567E+1	6.063062E+1	1.000355E+1	5.849498E-1	6.024065E+1	-9.952791E-5	4.484442E-5	-2.829478E-2	-3.968476E+0
2.216420E+2	6.004587E+1	6.062529E+1	1.000269E+1	5.794208E-1	6.023901E+1	-9.788685E-5	4.484442E-5	-2.829813E-2	-3.903043E+0
2.227580E+2	6.004601E+1	6.063065E+1	1.005565E+1	5.846391E-1	6.024089E+1	-9.531227E-5	4.460202E-5	-2.830042E-2	-3.800386E+0
2.238730E+2	6.004577E+1	6.079964E+1	1.000353E+1	7.538715E-1	6.029706E+1	-1.004364E-4	6.908465E-5	-2.829652E-2	-4.004700E+0
2.249870E+2	6.009909E+1	6.079945E+1	1.000238E+1	7.003597E-1	6.033254E+1	-1.041467E-4	6.981185E-5	-2.916361E-2	-4.152640E+0
2.261070E+2	6.009905E+1	6.079752E+1	1.000348E+1	6.984663E-1	6.033187E+1	-1.075171E-4	6.981185E-5	-2.962968E-2	-4.287027E+0
2.272200E+2	6.009904E+1	6.079217E+1	1.000242E+1	6.931221E-1	6.033009E+1	-1.074755E-4	6.981185E-5	-3.025543E-2	-4.285370E+0
2.283360E+2	6.009929E+1	6.079754E+1	1.000353E+1	6.982470E-1	6.033204E+1	-1.095940E-4	6.981185E-5	-3.103782E-2	-4.369842E+0
2.294510E+2	6.004581E+1	6.079489E+1	1.000292E+1	7.490780E-1	6.029550E+1	-1.057381E-4	6.981185E-5	-3.109834E-2	-4.216095E+0
2.305650E+2	5.999191E+1	6.079779E+1	1.000322E+1	8.058819E-1	6.026054E+1	-1.044100E-4	6.981185E-5	-3.028659E-2	-4.163141E+0
2.316830E+2	6.004578E+1	6.079774E+1	1.000356E+1	7.519609E-1	6.029643E+1	-1.079024E-4	6.981185E-5	-3.113147E-2	-4.302393E+0
2.328000E+2	6.004580E+1	6.079221E+1	1.000240E+1	7.464136E-1	6.029460E+1	-1.060882E-4	6.981185E-5	-3.113209E-2	-4.230055E+0
2.339120E+2	6.009924E+1	6.079751E+1	1.000354E+1	6.982716E-1	6.033200E+1	-1.120085E-4	6.981185E-5	-3.200074E-2	-4.466115E+0
2.350280E+2	6.009946E+1	6.110630E+1	1.000355E+1	1.006839E+0	6.043508E+1	-1.136564E-4	6.981185E-5	-3.247127E-2	-4.531821E+0
2.361500E+2	6.009937E+1	6.062916E+1	1.000356E+1	5.297944E-1	6.027596E+1	-9.994926E-5	6.981185E-5	-3.310281E-2	-3.985277E+0
2.372620E+2	6.004582E+1	6.045436E+1	1.000355E+1	4.085333E-1	6.018200E+1	-9.244384E-5	6.981185E-5	-3.301811E-2	-3.686013E+0
2.383830E+2	6.004578E+1	6.096911E+1	1.000205E+1	9.233218E-1	6.035356E+1	-1.071922E-4	6.981185E-5	-3.304488E-2	-4.274075E+0
2.394980E+2	6.004572E+1	6.062938E+1	1.000348E+1	5.836630E-1	6.024027E+1	-9.720377E-5	6.981185E-5	-3.304382E-2	-3.875806E+0
2.406120E+2	6.004585E+1	6.074772E+1	1.000218E+1	7.018731E-1	6.027981E+1	-1.039234E-4	6.981185E-5	-3.304593E-2	-4.143736E+0
2.417250E+2	6.004580E+1	6.045461E+1	1.000320E+1	4.088151E-1	6.018207E+1	-1.020675E-4	6.981185E-5	-3.304506E-2	-4.069739E+0
2.428400E+2	6.009930E+1	6.079977E+1	1.000327E+1	7.004720E-1	6.033279E+1	-1.086309E-4	6.981185E-5	-3.391495E-2	-4.331441E+0
2.439560E+2	6.009920E+1	6.079744E+1	1.000257E+1	6.982405E-1	6.033194E+1	-1.062897E-4	6.981185E-5	-3.437972E-2	-4.238090E+0
2.450700E+2	6.009932E+1	6.079945E+1	1.000327E+1	7.001287E-1	6.033270E+1	-1.082326E-4	6.981185E-5	-3.501026E-2	-4.315559E+0
2.461860E+2	6.009922E+1	6.079358E+1	1.000209E+1	6.943658E-1	6.033067E+1	-1.044399E-4	6.981185E-5	-3.579033E-2	-4.164331E+0
2.473050E+2	6.004570E+1	6.079948E+1	1.000321E+1	7.537807E-1	6.029696E+1	-1.088566E-4	6.981185E-5	-3.585223E-2	-4.340439E+0
2.484200E+2	6.004595E+1	6.062549E+1	1.000328E+1	5.795420E-1	6.023913E+1	-9.722854E-5	6.981185E-5	-3.588971E-2	-3.876794E+0
2.495340E+2	6.004521E+1	6.063032E+1	1.000327E+1	5.851159E-1	6.024025E+1	-9.907850E-5	6.981185E-5	-3.587768E-2	-3.950557E+0
2.506510E+2	6.004595E+1	6.063041E+1	1.000331E+1	5.844622E-1	6.024077E+1	-9.990888E-5	6.981185E-5	-3.588995E-2	-3.983667E+0
2.517670E+2	6.004599E+1	6.062479E+1	1.000215E+1	5.788056E-1	6.023892E+1	-9.866738E-5	6.981185E-5	-3.589033E-2	-3.934165E+0
2.528790E+2	6.004533E+1	6.045576E+1	1.000323E+1	4.104315E-1	6.018214E+1	-9.295800E-5	6.981185E-5	-3.587960E-2	-3.706514E+0
2.539980E+2	6.004524E+1	6.044989E+1	1.000355E+1	4.046495E-1	6.018013E+1	-9.670739E-5	6.981185E-5	-3.587848E-2	-3.856014E+0
2.551120E+2	6.004509E+1	6.045579E+1	1.000319E+1	4.107083E-1	6.018199E+1	-9.901018E-5	6.981185E-5	-3.587569E-2	-3.947833E+0
2.562250E+2	6.004513E+1	6.079978E+1	1.000355E+1	7.546484E-1	6.029668E+1	-1.082926E-4	6.956945E-5	-3.587662E-2	-4.317950E+0
2.573440E+2	6.009831E+1	6.063045E+1	1.000239E+1	5.321421E-1	6.027569E+1	-1.038500E-4	6.956945E-5	-3.674160E-2	-4.140812E+0
2.584610E+2	6.009858E+1	6.079978E+1	1.000357E+1	7.012046E-1	6.033231E+1	-1.092359E-4	6.981185E-5	-3.720530E-2	-4.355563E+0
2.595760E+2	6.009856E+1	6.062524E+1	1.000237E+1	5.266785E-1	6.027412E+1	-1.038355E-4	6.981185E-5	-3.782851E-2	-4.140232E+0
2.606900E+2	6.004547E+1	6.079943E+1	1.000338E+1	7.539637E-1	6.029679E+1	-1.101313E-4	6.981185E-5	-3.773827E-2	-4.391266E+0
2.618090E+2	6.004530E+1	6.079920E+1	1.000338E+1	7.539090E-1	6.029660E+1	-1.024824E-4	6.981185E-5	-3.776184E-2	-4.086283E+0
2.629250E+2	6.004525E+1	6.063037E+1	1.000278E+1	5.851182E-1	6.024029E+1	-1.013659E-4	6.981185E-5	-3.776110E-2	-4.041763E+0
2.640390E+2	6.004539E+1	6.063039E+1	1.000351E+1	5.850019E-1	6.024039E+1	-1.058244E-4	6.981185E-5	-3.776339E-2	-4.219537E+0
2.651540E+2	6.009853E+1	6.079336E+1	1.000229E+1	6.948300E-1	6.033014E+1	-1.117337E-4	6.981185E-5	-3.862733E-2	-4.455156E+0
2.662660E+2	6.009859E+1	6.079928E+1	1.000349E+1	7.006847E-1	6.033216E+1	-1.053415E-4	6.981185E-5	-3.909143E-2	-4.200283E+0
2.673840E+2	6.009886E+1	6.079914E+1	1.000330E+1	7.002777E-1	6.033229E+1	-1.046971E-4	6.981185E-5	-3.971875E-2	-4.174587E+0
2.684990E+2	6.009892E+1	6.079937E+1	1.000341E+1	7.004506E-1	6.033240E+1	-1.004024E-4	6.981185E-5	-4.049482E-2	-4.003345E+0
2.696130E+2	6.004601E+1	6.045553E+1	1.000352E+1	4.095184E-1	6.018252E+1	-9.705464E-5	6.981185E-5	-4.056083E-2	-3.869860E+0
2.707310E+2	5.999192E+1	6.062501E+1	1.000227E+1	6.330920E-1	6.020295E+1	-1.017822E-4	6.981185E-5	-3.974519E-2	-4.058361E+0
2.718450E+2	5.999193E+1	6.063033E+1	1.000332E+1	6.383997E-1	6.020473E+1	-1.012652E-4	6.981185E-5	-3.974543E-2	-4.037746E+0
2.729620E+2	6.004573E+1	6.079343E+1	1.000343E+1	7.477001E-1	6.029496E+1	-1.075761E-4	6.981185E-5	-4.058951E-2	-4.289382E+0
2.740770E+2	6.004622E+1	6.131712E+1	1.000345E+1	1.270903E+0	6.046985E+1	-1.212047E-4	6.981185E-5	-4.059745E-2	-4.832794E+0
2.751920E+2	6.004593E+1	6.148827E+1	1.000361E+1	1.442339E+0	6.052671E+1	-1.241300E-4	6.981185E-5	-4.059297E-2	-4.949434E+0
2.763090E+2	6.004610E+1	6.148363E+1	1.000244E+1	1.437534E+0	6.052527E+1	-1.255411E-4	6.981185E-5	-4.059546E-2	-5.005702E+0
2.774250E+2	6.004594E+1	6.148737E+1	1.000357E+1	1.441431E+0	6.052641E+1	-1.204370E-4	6.981185E-5	-4.059310E-2	-4.802186E+0
2.785390E+2	6.009945E+1	6.147984E+1	1.000292E+1	1.380400E+0	6.055958E+1	-1.216903E-4	6.981185E-5	-4.146287E-2	-4.852157E+0
2.796540E+2	6.004593E+1	6.148580E+1	1.000351E+1	1.439872E+0	6.052589E+1	-1.235367E-4	6.981185E-5	-4.106033E-2	-4.925778E+0
2.807670E+2	6.004612E+1	6.131492E+1	1.000353E+1	1.268802E+0	6.046905E+1	-1.227484E-4	6.981185E-5	-4.108058E-2	-4.894346E+0
2.818860E+2	6.004601E+1	6.131452E+1	1.000237E+1	1.268510E+0	6.046885E+1	-1.214322E-4	6.981185E-5	-4.107890E-2	-4.841866E+0
2.830030E+2	6.004585E+1	6.131458E+1	1.000340E+1	1.268731E+0	6.046876E+1	-1.194473E-4	6.981185E-5	-4.107593E-2	-4.762722E+0
2.841190E+2	6.004575E+1	6.147973E+1	1.000234E+1	1.433980E+0	6.052375E+1	-1.213340E-4	6.981185E-5	-4.107468E-2	-4.837951E+0
2.852320E+2	6.004583E+1	6.148581E+1	1.000342E+1	1.439979E+0	6.052582E+1	-1.226937E-4	6.981185E-5	-4.107568E-2	-4.892167E+0
2.863500E+2	6.004594E+1	6.148560E+1	1.000346E+1	1.439667E+0	6.052583E+1	-1.188345E-4	6.981185E-5	-4.107742E-2	-4.738289E+0
2.874610E+2	6.004585E+1	6.148546E+1	1.000249E+1	1.439615E+0	6.052572E+1	-1.183674E-4	6.981185E-5	-4.107617E-2	-4.719665E+0
2.885760E+2	6.004593E+1	6.148564E+1	1.000342E+1	1.439707E+0	6.052583E+1	-1.169997E-4	6.956945E-5	-4.107729E-2	-4.665131E+0
2.896950E+2	6.004586E+1	6.130992E+1	1.000235E+1	1.264063E+0	6.046721E+1	-1.153511E-4	6.981185E-5	-4.107612E-2	-4.599392E+0
2.908080E+2	6.004607E+1	6.131570E+1	1.000319E+1	1.269636E+0	6.046928E+1	-1.154210E-4	6.981185E-5	-4.107977E-2	-4.602181E+0
2.919250E+2	6.004586E+1	6.131617E+1	1.000301E+1	1.270310E+0	6.046929E+1	-1.166759E-4	6.981185E-5	-4.107612E-2	-4.652219E+0
2.930390E+2	6.004581E+1	6.131464E+1	1.000293E+1	1.268827E+0	6.046876E+1	-1.148128E-4	6.981185E-5	-4.107568E-2	-4.577929E+0
2.941540E+2	6.004598E+1	6.131642E+1	1.000301E+1	1.270439E+0	6.046946E+1	-1.188530E-4	6.981185E-5	-4.107840E-2	-4.739025E+0
2.952730E+2	6.004578E+1	5.976282E+1	1.000204E+1	-2.829568E-1	5.995146E+1	-7.693440E-5	6.956945E-5	-4.107487E-2	-3.067605E+0
2.963870E+2	6.004595E+1	6.011112E+1	1.000303E+1	6.517347E-2	6.006767E+1	-8.453651E-5	6.981185E-5	-4.107809E-2	-3.370724E+0
2.975030E+2	6.004610E+1	6.027829E+1	1.000302E+1	2.321924E-1	6.012349E+1	-9.035809E-5	6.981185E-5	-4.108027E-2	-3.602848E+0
2.986210E+2	6.004593E+1	6.028404E+1	1.000307E+1	2.381148E-1	6.012530E+1	-8.794376E-5	6.981185E-5	-4.107747E-2	-3.506581E+0
2.997340E+2	6.004585E+1	6.028418E+1	1.000329E+1	2.383312E-1	6.012530E+1	-8.862219E-5	6.981185E-5	-4.107630E-2	-3.533632E+0
3.008500E+2	6.004581E+1	6.027995E+1	1.000200E+1	2.341358E-1	6.012386E+1	-9.505247E-5	6.981185E-5	-4.107586E-2	-3.790027E+0
3.019670E+2	6.004594E+1	6.028400E+1	1.000313E+1	2.380631E-1	6.012529E+1	-8.542214E-5	6.981185E-5	-4.107766E-2	-3.406037E+0
3.030810E+2	6.004517E+1	6.027839E+1	1.000302E+1	2.332191E-1	6.012291E+1	-8.226409E-5	6.981185E-5	-4.106526E-2	-3.280116E+0
3.041930E+2	5.999091E+1	6.114222E+1	1.000322E+1	1.151312E+0	6.037468E+1	-1.055452E-4	6.956945E-5	-4.021393E-2	-4.208405E+0
3.053150E+2	5.999073E+1	6.114213E+1	1.000323E+1	1.151397E+0	6.037453E+1	-1.094193E-4	6.956945E-5	-4.021120E-2	-4.362875E+0
3.064280E+2	5.999084E+1	6.114174E+1	1.000218E+1	1.150896E+0	6.037447E+1	-1.071108E-4	6.956945E-5	-4.021290E-2	-4.270831E+0
3.075450E+2	5.999097E+1	6.114220E+1	1.000323E+1	1.151234E+0	6.037471E+1	-1.116247E-4	6.981185E-5	-4.021490E-2	-4.450812E+0
3.086600E+2	6.004519E+1	6.113584E+1	1.000230E+1	1.090653E+0	6.040874E+1	-1.123196E-4	6.981185E-5	-4.106575E-2	-4.478518E+0
3.097740E+2	6.004532E+1	6.114174E+1	1.000351E+1	1.096422E+0	6.041080E+1	-1.145119E-4	6.981185E-5	-4.106767E-2	-4.565932E+0
3.108920E+2	6.004522E+1	6.114160E+1	1.000359E+1	1.096381E+0	6.041068E+1	-1.127953E-4	6.981185E-5	-4.106624E-2	-4.497487E+0
3.120080E+2	6.004532E+1	6.114163E+1	1.000293E+1	1.096311E+0	6.041076E+1	-1.110950E-4	6.981185E-5	-4.106761E-2	-4.429690E+0
3.131210E+2	6.004504E+1	6.114202E+1	1.000356E+1	1.096980E+0	6.041070E+1	-1.160304E-4	6.981185E-5	-4.106339E-2	-4.626478E+0
3.142370E+2	6.004533E+1	6.113589E+1	1.000232E+1	1.090558E+0	6.040885E+1	-1.142799E-4	6.981185E-5	-4.106810E-2	-4.556684E+0
