Temps(s)	Pc(MPa)	Pax(MPa)	Ppam(MPa)	Q(MPa)	Pmoy(MPa)	Defaxcapt	Defvolfluide	Defvolconf	Deplct(µm)
1.867000E+0	3.998203E+1	3.979680E+1	9.997987E+0	-1.852278E-1	3.992028E+1	-2.868570E-6	0.000000E+0	8.158596E-7	-1.147428E-1
2.987000E+0	3.998199E+1	3.979718E+1	9.998024E+0	-1.848106E-1	3.992038E+1	-3.303683E-7	0.000000E+0	1.495743E-6	-1.321473E-2
4.101000E+0	3.998181E+1	3.979339E+1	9.997777E+0	-1.884217E-1	3.991900E+1	-4.548060E-6	0.000000E+0	4.691193E-6	-1.819224E-1
5.215000E+0	3.998185E+1	3.979690E+1	9.997849E+0	-1.849534E-1	3.992020E+1	-3.240444E-6	0.000000E+0	3.943322E-6	-1.296177E-1
6.335000E+0	3.998161E+1	3.979742E+1	9.996514E+0	-1.841888E-1	3.992021E+1	-1.090924E-4	0.000000E+0	8.294573E-6	-4.363697E+0
7.448000E+0	3.998181E+1	3.979687E+1	9.997831E+0	-1.849376E-1	3.992016E+1	-1.051312E-4	0.000000E+0	4.691193E-6	-4.205247E+0
8.566000E+0	3.998169E+1	3.979667E+1	9.996692E+0	-1.850170E-1	3.992001E+1	-1.118296E-4	0.000000E+0	6.866819E-6	-4.473185E+0
9.683000E+0	3.998212E+1	3.979339E+1	9.997805E+0	-1.887332E-1	3.991921E+1	-1.140230E-4	0.000000E+0	1.972454E-6	-4.560922E+0
1.079700E+1	3.998114E+1	3.979826E+1	9.997806E+0	-1.828813E-1	3.992018E+1	-1.143132E-4	0.000000E+0	1.951344E-5	-4.572527E+0
1.191200E+1	3.998188E+1	3.979328E+1	9.997627E+0	-1.886081E-1	3.991901E+1	-1.093438E-4	0.000000E+0	6.012027E-6	-4.373752E+0
1.303100E+1	3.998177E+1	3.979834E+1	9.997911E+0	-1.834257E-1	3.992062E+1	-1.065949E-4	0.000000E+0	8.363355E-6	-4.263795E+0
1.414400E+1	3.998087E+1	3.979845E+1	9.996870E+0	-1.824129E-1	3.992006E+1	-1.052997E-4	0.000000E+0	2.440859E-5	-4.211989E+0
1.526200E+1	3.998104E+1	3.979793E+1	9.997866E+0	-1.831088E-1	3.992000E+1	-1.075325E-4	0.000000E+0	2.128113E-5	-4.301301E+0
1.637800E+1	3.998106E+1	3.979854E+1	9.997892E+0	-1.825199E-1	3.992022E+1	-1.042834E-4	0.000000E+0	2.100918E-5	-4.171335E+0
1.749700E+1	3.998105E+1	3.979445E+1	9.997697E+0	-1.865980E-1	3.991885E+1	-1.096014E-4	0.000000E+0	2.090146E-5	-4.384057E+0
1.862300E+1	3.998175E+1	3.979655E+1	9.996700E+0	-1.851995E-1	3.992002E+1	-1.113394E-4	0.000000E+0	8.391617E-6	-4.453578E+0
1.974800E+1	3.998180E+1	3.979413E+1	9.997742E+0	-1.876622E-1	3.991924E+1	-1.092472E-4	0.000000E+0	7.819448E-6	-4.369888E+0
2.086500E+1	3.998191E+1	3.979712E+1	9.997786E+0	-1.847868E-1	3.992032E+1	-1.093798E-4	0.000000E+0	5.779799E-6	-4.375190E+0
2.198200E+1	3.998192E+1	3.979313E+1	9.997813E+0	-1.887926E-1	3.991899E+1	-1.074078E-4	0.000000E+0	5.575834E-6	-4.296311E+0
2.309600E+1	3.998159E+1	3.962403E+1	9.997822E+0	-3.575566E-1	3.986240E+1	-1.027990E-4	0.000000E+0	1.155881E-5	-4.111959E+0
2.421200E+1	3.998176E+1	3.962429E+1	9.996807E+0	-3.574732E-1	3.986260E+1	-1.028291E-4	0.000000E+0	8.187652E-6	-4.113163E+0
2.533200E+1	3.998166E+1	3.962395E+1	9.997831E+0	-3.577129E-1	3.986242E+1	-1.026469E-4	0.000000E+0	1.026703E-5	-4.105874E+0
2.644500E+1	3.998173E+1	4.048297E+1	9.996854E+0	5.012393E-1	4.014881E+1	-1.288499E-4	0.000000E+0	8.731559E-6	-5.153995E+0
2.756400E+1	3.998168E+1	4.047831E+1	9.997796E+0	4.966276E-1	4.014722E+1	-1.302841E-4	0.000000E+0	9.615407E-6	-5.211363E+0
2.868200E+1	4.003540E+1	4.065697E+1	9.997833E+0	6.215705E-1	4.024259E+1	-1.331031E-4	0.000000E+0	-9.477279E-4	-5.324125E+0
2.979500E+1	4.008920E+1	4.065352E+1	9.997772E+0	5.643140E-1	4.027731E+1	-1.291626E-4	0.000000E+0	-2.057332E-3	-5.166504E+0
3.091500E+1	4.008909E+1	4.073402E+1	9.997690E+0	6.449279E-1	4.030406E+1	-1.262470E-4	0.000000E+0	-2.497907E-3	-5.049878E+0
3.203000E+1	4.014318E+1	4.031163E+1	9.996756E+0	1.684458E-1	4.019933E+1	-1.203762E-4	0.000000E+0	-4.004982E-3	-4.815049E+0
3.314400E+1	4.008915E+1	4.014010E+1	9.997688E+0	5.095537E-2	4.010613E+1	-1.170881E-4	0.000000E+0	-4.288135E-3	-4.683524E+0
3.425800E+1	4.003544E+1	4.048293E+1	9.997822E+0	4.474957E-1	4.018460E+1	-1.315764E-4	0.000000E+0	-4.208816E-3	-5.263054E+0
3.537600E+1	3.998181E+1	4.030843E+1	9.997760E+0	3.266200E-1	4.009068E+1	-1.243838E-4	0.000000E+0	-3.290010E-3	-4.975351E+0
3.648900E+1	3.998185E+1	4.048311E+1	9.997795E+0	5.012636E-1	4.014893E+1	-1.240090E-4	0.000000E+0	-3.290933E-3	-4.960360E+0
3.760900E+1	4.003569E+1	4.014166E+1	9.996861E+0	1.059683E-1	4.007101E+1	-1.193663E-4	0.000000E+0	-4.250344E-3	-4.774652E+0
3.872500E+1	4.003550E+1	4.014045E+1	9.997795E+0	1.049544E-1	4.007048E+1	-1.239865E-4	0.000000E+0	-4.246877E-3	-4.959458E+0
3.984000E+1	4.003571E+1	4.014062E+1	9.996789E+0	1.049146E-1	4.007068E+1	-1.242090E-4	0.000000E+0	-4.250616E-3	-4.968360E+0
4.100800E+1	4.003502E+1	4.014139E+1	9.996557E+0	1.063718E-1	4.007048E+1	-1.232948E-4	0.000000E+0	-4.238446E-3	-4.931793E+0
4.212700E+1	4.003495E+1	4.014105E+1	9.997884E+0	1.061053E-1	4.007031E+1	-1.203195E-4	0.000000E+0	-4.237330E-3	-4.812780E+0
4.324800E+1	4.003466E+1	4.013970E+1	9.996870E+0	1.050391E-1	4.006967E+1	-1.192040E-4	0.000000E+0	-4.231988E-3	-4.768161E+0
4.436100E+1	4.003485E+1	4.014074E+1	9.997759E+0	1.058842E-1	4.007015E+1	-1.151522E-4	0.000000E+0	-4.235387E-3	-4.606087E+0
4.548000E+1	4.003490E+1	4.014137E+1	9.997849E+0	1.064638E-1	4.007039E+1	-1.236088E-4	0.000000E+0	-4.236339E-3	-4.944350E+0
4.659200E+1	4.003485E+1	4.013788E+1	9.997554E+0	1.030369E-1	4.006919E+1	-1.227294E-4	0.000000E+0	-4.235319E-3	-4.909177E+0
4.770500E+1	4.003487E+1	4.014137E+1	9.997679E+0	1.064918E-1	4.007037E+1	-1.151438E-4	0.000000E+0	-4.235795E-3	-4.605752E+0
4.882300E+1	4.003483E+1	4.048417E+1	9.996540E+0	4.493394E-1	4.018461E+1	-1.278112E-4	0.000000E+0	-4.235047E-3	-5.112447E+0
4.993600E+1	4.003494E+1	4.014114E+1	9.997608E+0	1.061993E-1	4.007034E+1	-1.215450E-4	0.000000E+0	-4.237438E-3	-4.861801E+0
5.105300E+1	4.008854E+1	4.082914E+1	9.997698E+0	7.405960E-1	4.033540E+1	-1.313565E-4	0.000000E+0	-5.343545E-3	-5.254260E+0
5.217000E+1	4.008859E+1	4.030935E+1	9.997555E+0	2.207559E-1	4.016218E+1	-1.300003E-4	0.000000E+0	-5.782620E-3	-5.200014E+0
5.328500E+1	4.008853E+1	4.031277E+1	9.997591E+0	2.242409E-1	4.016328E+1	-1.201783E-4	0.000000E+0	-6.354488E-3	-4.807130E+0
5.439900E+1	4.008843E+1	4.031297E+1	9.996575E+0	2.245428E-1	4.016328E+1	-1.206153E-4	0.000000E+0	-7.045286E-3	-4.824612E+0
5.551700E+1	4.003506E+1	4.031291E+1	9.997581E+0	2.778566E-1	4.012768E+1	-1.276132E-4	0.000000E+0	-6.756141E-3	-5.104526E+0
5.663200E+1	3.998111E+1	4.031306E+1	9.996575E+0	3.319454E-1	4.009176E+1	-1.188815E-4	0.000000E+0	-5.824625E-3	-4.755260E+0
5.775200E+1	3.998115E+1	4.030926E+1	9.997555E+0	3.281118E-1	4.009052E+1	-1.248193E-4	0.000000E+0	-5.825305E-3	-4.992773E+0
5.886600E+1	3.998200E+1	4.031288E+1	9.997643E+0	3.308827E-1	4.009230E+1	-1.243681E-4	0.000000E+0	-5.840534E-3	-4.974726E+0
5.998200E+1	4.003566E+1	4.030909E+1	9.997200E+0	2.734284E-1	4.012681E+1	-1.229699E-4	0.000000E+0	-6.796926E-3	-4.918798E+0
6.109600E+1	4.008910E+1	4.048383E+1	9.997591E+0	3.947276E-1	4.022068E+1	-1.293947E-4	0.000000E+0	-7.900553E-3	-5.175788E+0
6.221200E+1	4.008934E+1	4.048438E+1	9.996594E+0	3.950352E-1	4.022102E+1	-1.247410E-4	0.000000E+0	-8.344238E-3	-4.989638E+0
6.332500E+1	4.008924E+1	4.030961E+1	9.997475E+0	2.203664E-1	4.016270E+1	-1.231887E-4	0.000000E+0	-8.919105E-3	-4.927549E+0
6.444400E+1	4.003568E+1	4.048428E+1	9.997891E+0	4.486089E-1	4.018521E+1	-1.268406E-4	0.000000E+0	-8.513201E-3	-5.073622E+0
6.555900E+1	4.003564E+1	4.013791E+1	9.997785E+0	1.022659E-1	4.006973E+1	-1.165245E-4	0.000000E+0	-8.538488E-3	-4.660981E+0
6.667400E+1	4.003542E+1	4.100228E+1	9.997643E+0	9.668684E-1	4.035771E+1	-1.448232E-4	0.000000E+0	-8.534409E-3	-5.792929E+0
6.779000E+1	4.008930E+1	4.048399E+1	9.996851E+0	3.946915E-1	4.022087E+1	-1.244809E-4	0.000000E+0	-9.645378E-3	-4.979238E+0
6.890800E+1	4.008913E+1	4.014105E+1	9.997919E+0	5.191884E-2	4.010644E+1	-1.214957E-4	0.000000E+0	-1.008570E-2	-4.859829E+0
7.002500E+1	4.008924E+1	4.031312E+1	9.996861E+0	2.238741E-1	4.016387E+1	-1.233427E-4	0.000000E+0	-1.066442E-2	-4.933708E+0
7.114000E+1	4.003556E+1	4.047951E+1	9.997857E+0	4.439496E-1	4.018354E+1	-1.271618E-4	0.000000E+0	-1.025745E-2	-5.086470E+0
7.225900E+1	4.003554E+1	4.048409E+1	9.997841E+0	4.485526E-1	4.018506E+1	-1.290226E-4	0.000000E+0	-1.028287E-2	-5.160903E+0
7.337500E+1	4.008928E+1	4.048006E+1	9.997253E+0	3.907829E-1	4.021954E+1	-1.282867E-4	0.000000E+0	-1.139127E-2	-5.131470E+0
7.449100E+1	4.008935E+1	4.048403E+1	9.997894E+0	3.946849E-1	4.022091E+1	-1.235385E-4	0.000000E+0	-1.183427E-2	-4.941540E+0
7.560800E+1	4.008936E+1	4.048400E+1	9.996737E+0	3.946459E-1	4.022090E+1	-1.310984E-4	0.000000E+0	-1.241194E-2	-5.243938E+0
7.672200E+1	4.008927E+1	4.048055E+1	9.997885E+0	3.912834E-1	4.021970E+1	-1.242509E-4	0.000000E+0	-1.311105E-2	-4.970037E+0
7.783400E+1	4.008928E+1	4.065814E+1	9.997831E+0	5.688572E-1	4.027890E+1	-1.298933E-4	0.000000E+0	-1.393468E-2	-5.195733E+0
7.895200E+1	4.003558E+1	4.048015E+1	9.997849E+0	4.445623E-1	4.018377E+1	-1.323231E-4	0.000000E+0	-1.377456E-2	-5.292925E+0
8.007000E+1	3.998196E+1	4.065806E+1	9.997886E+0	6.760987E-1	4.020732E+1	-1.301712E-4	0.000000E+0	-1.285314E-2	-5.206848E+0
8.118400E+1	4.003567E+1	4.014437E+1	9.996800E+0	1.087009E-1	4.007190E+1	-1.133613E-4	0.000000E+0	-1.381042E-2	-4.534450E+0
8.230000E+1	4.003566E+1	4.013968E+1	9.997832E+0	1.040186E-1	4.007033E+1	-1.231736E-4	0.000000E+0	-1.381028E-2	-4.926945E+0
8.341200E+1	4.008926E+1	4.134968E+1	9.997450E+0	1.260411E+0	4.050940E+1	-1.494499E-4	0.000000E+0	-1.491624E-2	-5.977997E+0
8.453300E+1	4.019629E+1	4.117033E+1	9.997751E+0	9.740444E-1	4.052097E+1	-1.453974E-4	0.000000E+0	-1.706877E-2	-5.815895E+0
8.564900E+1	4.019631E+1	4.031170E+1	9.997786E+0	1.153907E-1	4.023478E+1	-1.219290E-4	0.000000E+0	-1.850143E-2	-4.877159E+0
8.676400E+1	4.008909E+1	4.013970E+1	9.996709E+0	5.061100E-2	4.010596E+1	-1.175765E-4	0.000000E+0	-1.859174E-2	-4.703060E+0
8.787700E+1	4.003571E+1	4.055732E+1	9.997831E+0	5.216098E-1	4.020958E+1	-1.299164E-4	0.000000E+0	-1.878117E-2	-5.196656E+0
8.899400E+1	3.998191E+1	4.082724E+1	9.996807E+0	8.453216E-1	4.026369E+1	-1.384909E-4	0.000000E+0	-1.786901E-2	-5.539637E+0
9.010800E+1	4.003565E+1	4.099677E+1	9.997777E+0	9.611153E-1	4.035602E+1	-1.468381E-4	0.000000E+0	-1.882677E-2	-5.873522E+0
9.122600E+1	4.008953E+1	4.048285E+1	9.997876E+0	3.933183E-1	4.022064E+1	-1.305203E-4	0.000000E+0	-1.993752E-2	-5.220812E+0
9.234000E+1	4.008921E+1	4.030811E+1	9.997547E+0	2.189071E-1	4.016218E+1	-1.249487E-4	0.000000E+0	-2.037394E-2	-4.997949E+0
9.345600E+1	4.014324E+1	4.031151E+1	9.997831E+0	1.682671E-1	4.019933E+1	-1.211336E-4	0.000000E+0	-2.187954E-2	-4.845343E+0
9.457200E+1	4.014312E+1	4.065696E+1	9.996756E+0	5.138357E-1	4.031440E+1	-1.293442E-4	0.000000E+0	-2.308646E-2	-5.173770E+0
9.568900E+1	4.008913E+1	4.065615E+1	9.997681E+0	5.670194E-1	4.027814E+1	-1.312908E-4	0.000000E+0	-2.369712E-2	-5.251631E+0
9.680300E+1	4.003548E+1	4.048257E+1	9.997787E+0	4.470886E-1	4.018451E+1	-1.298019E-4	0.000000E+0	-2.393335E-2	-5.192077E+0
9.791800E+1	3.998183E+1	4.047958E+1	9.997646E+0	4.977513E-1	4.014774E+1	-1.272397E-4	0.000000E+0	-2.302541E-2	-5.089586E+0
9.903400E+1	4.003493E+1	4.065820E+1	9.997780E+0	6.232667E-1	4.024269E+1	-1.316310E-4	0.000000E+0	-2.397195E-2	-5.265240E+0
1.001520E+2	4.008933E+1	4.065814E+1	9.996810E+0	5.688116E-1	4.027894E+1	-1.258064E-4	0.000000E+0	-2.509201E-2	-5.032258E+0
1.012640E+2	4.008961E+1	4.065812E+1	9.997833E+0	5.685107E-1	4.027911E+1	-1.289212E-4	0.000000E+0	-2.554268E-2	-5.156847E+0
1.023790E+2	4.008866E+1	4.048444E+1	9.997689E+0	3.957782E-1	4.022058E+1	-1.258628E-4	0.000000E+0	-2.610853E-2	-5.034514E+0
1.034970E+2	4.008861E+1	4.013763E+1	9.997831E+0	4.901873E-2	4.010495E+1	-1.202844E-4	0.000000E+0	-2.680738E-2	-4.811377E+0
1.046100E+2	4.003468E+1	4.014106E+1	9.997787E+0	1.063736E-1	4.007014E+1	-1.221057E-4	0.000000E+0	-2.651476E-2	-4.884230E+0
1.057270E+2	4.003506E+1	4.065773E+1	9.996514E+0	6.226689E-1	4.024262E+1	-1.327464E-4	0.000000E+0	-2.655202E-2	-5.309855E+0
1.068440E+2	4.007558E+1	4.065807E+1	9.997883E+0	5.824969E-1	4.026974E+1	-1.269914E-4	0.000000E+0	-2.727406E-2	-5.079658E+0
1.079580E+2	4.008851E+1	4.065793E+1	9.996575E+0	5.694238E-1	4.027832E+1	-1.309882E-4	0.000000E+0	-2.798410E-2	-5.239529E+0
1.090750E+2	4.014284E+1	4.065465E+1	9.997599E+0	5.118109E-1	4.031344E+1	-1.280292E-4	0.000000E+0	-2.945339E-2	-5.121169E+0
1.101910E+2	4.014277E+1	4.065848E+1	9.997563E+0	5.157102E-1	4.031467E+1	-1.272140E-4	0.000000E+0	-3.062356E-2	-5.088560E+0
1.113060E+2	4.008851E+1	4.065497E+1	9.997475E+0	5.664602E-1	4.027733E+1	-1.333820E-4	0.000000E+0	-3.118888E-2	-5.335279E+0
1.124230E+2	3.998103E+1	4.048432E+1	9.997546E+0	5.032846E-1	4.014879E+1	-1.288138E-4	0.000000E+0	-3.042337E-2	-5.152552E+0
1.135400E+2	3.998125E+1	4.031312E+1	9.996647E+0	3.318605E-1	4.009187E+1	-1.261603E-4	0.000000E+0	-3.047508E-2	-5.046411E+0
1.146520E+2	3.998102E+1	4.065512E+1	9.997698E+0	6.740997E-1	4.020572E+1	-1.341100E-4	0.000000E+0	-3.047086E-2	-5.364400E+0
1.157730E+2	4.008853E+1	4.065811E+1	9.997538E+0	5.695787E-1	4.027839E+1	-1.334543E-4	0.000000E+0	-3.253810E-2	-5.338174E+0
1.168860E+2	4.008853E+1	4.065446E+1	9.997494E+0	5.659246E-1	4.027717E+1	-1.325108E-4	0.000000E+0	-3.329890E-2	-5.300432E+0
1.180010E+2	4.008847E+1	4.065817E+1	9.997591E+0	5.697011E-1	4.027837E+1	-1.304253E-4	0.000000E+0	-3.420359E-2	-5.217010E+0
1.191190E+2	4.008851E+1	4.065811E+1	9.996558E+0	5.695990E-1	4.027837E+1	-1.272022E-4	0.000000E+0	-3.522878E-2	-5.088087E+0
1.202360E+2	4.003464E+1	4.048395E+1	9.997592E+0	4.493115E-1	4.018441E+1	-1.289144E-4	0.000000E+0	-3.526366E-2	-5.156575E+0
1.213470E+2	4.003508E+1	4.048421E+1	9.996986E+0	4.491292E-1	4.018479E+1	-1.296703E-4	0.000000E+0	-3.531462E-2	-5.186810E+0
1.224640E+2	4.003558E+1	4.013777E+1	9.997581E+0	1.021882E-1	4.006965E+1	-1.212909E-4	0.000000E+0	-3.532366E-2	-4.851638E+0
1.235820E+2	4.003570E+1	4.048409E+1	9.997670E+0	4.483872E-1	4.018516E+1	-1.294784E-4	0.000000E+0	-3.532570E-2	-5.179135E+0
1.246970E+2	4.008918E+1	4.082730E+1	9.996675E+0	7.381125E-1	4.033522E+1	-1.363210E-4	0.000000E+0	-3.642960E-2	-5.452840E+0
1.258140E+2	4.014320E+1	4.082873E+1	9.997591E+0	6.855362E-1	4.037171E+1	-1.319757E-4	0.000000E+0	-3.779883E-2	-5.279028E+0
1.269280E+2	4.014321E+1	4.065817E+1	9.996595E+0	5.149590E-1	4.031486E+1	-1.283097E-4	0.000000E+0	-3.888718E-2	-5.132390E+0
1.280450E+2	4.014324E+1	4.065645E+1	9.997575E+0	5.132085E-1	4.031431E+1	-1.299417E-4	0.000000E+0	-4.030470E-2	-5.197669E+0
1.291620E+2	4.008926E+1	4.065820E+1	9.997922E+0	5.689416E-1	4.027891E+1	-1.306514E-4	0.000000E+0	-4.110807E-2	-5.226055E+0
1.302760E+2	4.003557E+1	4.065446E+1	9.997620E+0	6.188892E-1	4.024187E+1	-1.357604E-4	0.000000E+0	-4.153952E-2	-5.430415E+0
1.313950E+2	3.998185E+1	4.065832E+1	9.997825E+0	6.764761E-1	4.020734E+1	-1.328776E-4	0.000000E+0	-4.063681E-2	-5.315106E+0
1.325080E+2	4.003552E+1	4.082831E+1	9.996836E+0	7.927835E-1	4.029978E+1	-1.402852E-4	0.000000E+0	-4.159347E-2	-5.611409E+0
1.336220E+2	4.008934E+1	4.065719E+1	9.997824E+0	5.678506E-1	4.027863E+1	-1.336006E-4	0.000000E+0	-4.270326E-2	-5.344023E+0
1.347370E+2	4.014319E+1	4.065808E+1	9.997850E+0	5.148955E-1	4.031482E+1	-1.307930E-4	0.000000E+0	-4.407179E-2	-5.231722E+0
1.358540E+2	4.014300E+1	4.082476E+1	9.997849E+0	6.817639E-1	4.037025E+1	-1.360999E-4	0.000000E+0	-4.515733E-2	-5.443995E+0
1.369710E+2	4.014312E+1	4.014108E+1	9.997885E+0	-2.040496E-3	4.014244E+1	-1.176927E-4	0.000000E+0	-4.657314E-2	-4.707709E+0
1.380860E+2	4.003556E+1	3.997164E+1	9.996756E+0	-6.391612E-2	4.001425E+1	-1.152576E-4	0.000000E+0	-4.627343E-2	-4.610304E+0
1.392050E+2	3.998195E+1	4.065782E+1	9.997903E+0	6.758698E-1	4.020724E+1	-1.306529E-4	0.000000E+0	-4.538240E-2	-5.226115E+0
1.403180E+2	3.998183E+1	4.048440E+1	9.996825E+0	5.025698E-1	4.014936E+1	-1.270172E-4	0.000000E+0	-4.538029E-2	-5.080687E+0
1.414350E+2	4.003566E+1	4.082134E+1	9.997929E+0	7.856740E-1	4.029755E+1	-1.380009E-4	0.000000E+0	-4.634016E-2	-5.520036E+0
1.425490E+2	4.008918E+1	4.031188E+1	9.997795E+0	2.226941E-1	4.016342E+1	-1.254077E-4	0.000000E+0	-4.744443E-2	-5.016309E+0
1.436640E+2	4.008926E+1	4.030802E+1	9.997751E+0	2.187648E-1	4.016218E+1	-1.258065E-4	0.000000E+0	-4.788658E-2	-5.032261E+0
1.447840E+2	4.008925E+1	4.048274E+1	9.997875E+0	3.934867E-1	4.022041E+1	-1.270293E-4	0.000000E+0	-4.846271E-2	-5.081172E+0
1.459010E+2	4.008919E+1	4.082747E+1	9.996782E+0	7.382801E-1	4.033528E+1	-1.310724E-4	0.000000E+0	-4.916112E-2	-5.242897E+0
1.470140E+2	4.003565E+1	4.082537E+1	9.997913E+0	7.897215E-1	4.029889E+1	-1.350230E-4	0.000000E+0	-4.887800E-2	-5.400921E+0
1.481290E+2	3.998183E+1	4.065734E+1	9.997958E+0	6.755143E-1	4.020700E+1	-1.285473E-4	0.000000E+0	-4.794865E-2	-5.141893E+0
1.492480E+2	3.998186E+1	4.065392E+1	9.997825E+0	6.720522E-1	4.020588E+1	-1.274141E-4	0.000000E+0	-4.794909E-2	-5.096563E+0
1.503600E+2	3.998185E+1	4.065728E+1	9.997788E+0	6.754313E-1	4.020699E+1	-1.265471E-4	0.000000E+0	-4.794882E-2	-5.061885E+0
1.514760E+2	3.998175E+1	4.065713E+1	9.996800E+0	6.753840E-1	4.020688E+1	-1.322325E-4	0.000000E+0	-4.794729E-2	-5.289302E+0
1.525970E+2	3.998175E+1	4.065719E+1	9.997814E+0	6.754390E-1	4.020690E+1	-1.282839E-4	0.000000E+0	-4.794729E-2	-5.131358E+0
1.537090E+2	3.998169E+1	4.065791E+1	9.996791E+0	6.762232E-1	4.020709E+1	-1.286263E-4	0.000000E+0	-4.794589E-2	-5.145051E+0
1.548320E+2	3.998197E+1	4.065405E+1	1.004994E+1	6.720815E-1	4.020600E+1	-1.285160E-4	0.000000E+0	-4.795099E-2	-5.140638E+0
1.559450E+2	3.998175E+1	4.082718E+1	1.005009E+1	8.454333E-1	4.026356E+1	-1.337262E-4	0.000000E+0	-4.794729E-2	-5.349047E+0
1.570650E+2	3.998196E+1	4.082379E+1	1.004999E+1	8.418321E-1	4.026257E+1	-1.313106E-4	-5.361200E-6	-4.795097E-2	-5.252425E+0
1.581780E+2	3.998186E+1	4.082742E+1	1.004999E+1	8.455542E-1	4.026372E+1	-1.365413E-4	-5.604890E-6	-4.794909E-2	-5.461651E+0
1.592930E+2	3.998191E+1	4.082759E+1	1.004877E+1	8.456849E-1	4.026380E+1	-1.377514E-4	-5.604890E-6	-4.794984E-2	-5.510056E+0
1.604140E+2	3.998196E+1	4.082742E+1	9.997388E+0	8.454525E-1	4.026378E+1	-1.379104E-4	-5.604890E-6	-4.795110E-2	-5.516418E+0
1.615300E+2	3.998189E+1	4.082765E+1	9.996890E+0	8.457590E-1	4.026381E+1	-1.393639E-4	-5.848581E-6	-4.794999E-2	-5.574555E+0
1.626430E+2	3.998191E+1	4.082362E+1	9.997770E+0	8.417052E-1	4.026248E+1	-1.615463E-4	-5.604890E-6	-4.795039E-2	-6.461853E+0
1.637570E+2	3.998177E+1	4.082781E+1	9.997743E+0	8.460484E-1	4.026378E+1	-1.491653E-4	-5.604890E-6	-4.794757E-2	-5.966613E+0
1.648760E+2	3.998193E+1	4.082733E+1	9.997342E+0	8.453915E-1	4.026373E+1	-1.536920E-4	-5.604890E-6	-4.795056E-2	-6.147679E+0
1.659910E+2	3.998193E+1	4.082758E+1	9.997911E+0	8.456580E-1	4.026381E+1	-1.534874E-4	-5.604890E-6	-4.795067E-2	-6.139494E+0
1.671090E+2	3.998185E+1	4.082755E+1	9.996718E+0	8.457068E-1	4.026375E+1	-1.598147E-4	-5.604890E-6	-4.794924E-2	-6.392590E+0
1.682220E+2	3.998198E+1	4.082390E+1	9.997857E+0	8.419127E-1	4.026262E+1	-1.580207E-4	-5.848581E-6	-4.795144E-2	-6.320828E+0
1.693390E+2	3.998191E+1	4.082879E+1	1.004997E+1	8.468830E-1	4.026420E+1	-1.628531E-4	-5.604890E-6	-4.795008E-2	-6.514123E+0
1.704570E+2	3.998191E+1	4.082502E+1	1.005008E+1	8.431137E-1	4.026294E+1	-1.561233E-4	-5.604890E-6	-4.795033E-2	-6.244934E+0
1.715750E+2	3.998190E+1	4.082775E+1	1.005007E+1	8.458484E-1	4.026385E+1	-1.566803E-4	-2.924291E-6	-4.795026E-2	-6.267212E+0
1.726930E+2	3.998180E+1	4.082914E+1	1.004884E+1	8.473377E-1	4.026425E+1	-1.573724E-4	1.949527E-6	-4.794818E-2	-6.294894E+0
1.738050E+2	3.998183E+1	4.082860E+1	1.004997E+1	8.467619E-1	4.026409E+1	-1.516895E-4	2.193218E-6	-4.794879E-2	-6.067581E+0
1.749210E+2	3.998182E+1	4.082885E+1	1.004883E+1	8.470296E-1	4.026417E+1	-1.554869E-4	2.193218E-6	-4.794883E-2	-6.219478E+0
1.760370E+2	3.998186E+1	4.082497E+1	1.004989E+1	8.431084E-1	4.026289E+1	-1.585662E-4	2.193218E-6	-4.794944E-2	-6.342646E+0
1.771570E+2	3.998170E+1	4.082908E+1	1.004992E+1	8.473857E-1	4.026416E+1	-1.527766E-4	1.949527E-6	-4.794634E-2	-6.111063E+0
1.782700E+2	3.998190E+1	4.082526E+1	1.004995E+1	8.433632E-1	4.026302E+1	-1.585264E-4	2.193218E-6	-4.795012E-2	-6.341057E+0
1.793860E+2	3.998101E+1	4.082903E+1	1.005008E+1	8.480148E-1	4.026368E+1	-1.523579E-4	2.193218E-6	-4.793435E-2	-6.094317E+0
1.805080E+2	3.998184E+1	4.082888E+1	1.004868E+1	8.470419E-1	4.026419E+1	-1.531814E-4	4.630127E-6	-4.794917E-2	-6.127256E+0
1.816220E+2	3.998172E+1	4.082842E+1	1.004989E+1	8.467049E-1	4.026395E+1	-1.589373E-4	4.630127E-6	-4.794693E-2	-6.357492E+0
1.827370E+2	3.998169E+1	4.082897E+1	1.004909E+1	8.472771E-1	4.026412E+1	-1.520639E-4	4.630127E-6	-4.794652E-2	-6.082557E+0
1.838500E+2	3.998103E+1	4.082505E+1	9.997717E+0	8.440212E-1	4.026237E+1	-1.577950E-4	4.630127E-6	-4.793476E-2	-6.311802E+0
1.849660E+2	3.998101E+1	4.082908E+1	9.997707E+0	8.480724E-1	4.026370E+1	-1.563686E-4	4.630127E-6	-4.793435E-2	-6.254746E+0
1.860830E+2	3.998111E+1	4.082883E+1	9.996605E+0	8.477130E-1	4.026368E+1	-1.502003E-4	4.630127E-6	-4.793643E-2	-6.008011E+0
1.872000E+2	3.998100E+1	4.082900E+1	9.997744E+0	8.480001E-1	4.026367E+1	-1.563298E-4	4.630127E-6	-4.793439E-2	-6.253192E+0
1.883170E+2	3.998113E+1	4.082934E+1	9.996711E+0	8.482131E-1	4.026387E+1	-1.559442E-4	4.630127E-6	-4.793646E-2	-6.237770E+0
1.894300E+2	3.998119E+1	4.082552E+1	9.997620E+0	8.443316E-1	4.026263E+1	-1.526725E-4	4.630127E-6	-4.793748E-2	-6.106900E+0
1.905450E+2	3.998109E+1	4.082900E+1	9.997602E+0	8.479124E-1	4.026372E+1	-1.534917E-4	4.630127E-6	-4.793571E-2	-6.139667E+0
1.916660E+2	3.998127E+1	4.082506E+1	1.004961E+1	8.437912E-1	4.026253E+1	-1.594317E-4	4.630127E-6	-4.793890E-2	-6.377270E+0
1.927760E+2	3.998109E+1	4.082891E+1	1.004951E+1	8.478260E-1	4.026370E+1	-1.531059E-4	4.630127E-6	-4.793595E-2	-6.124235E+0
1.938940E+2	3.998103E+1	4.082897E+1	1.004818E+1	8.479344E-1	4.026368E+1	-1.588730E-4	4.630127E-6	-4.793500E-2	-6.354922E+0
1.950070E+2	3.998103E+1	4.082523E+1	9.997512E+0	8.441939E-1	4.026243E+1	-1.533787E-4	4.630127E-6	-4.793500E-2	-6.135147E+0
1.961230E+2	3.998105E+1	4.082874E+1	9.997494E+0	8.476890E-1	4.026361E+1	-1.558975E-4	4.630127E-6	-4.793527E-2	-6.235898E+0
1.972410E+2	3.998123E+1	4.082560E+1	9.997637E+0	8.443734E-1	4.026269E+1	-1.503862E-4	4.630127E-6	-4.793847E-2	-6.015449E+0
1.983570E+2	3.998130E+1	4.082888E+1	1.004970E+1	8.475746E-1	4.026383E+1	-1.566493E-4	4.630127E-6	-4.793983E-2	-6.265970E+0
1.994700E+2	3.998123E+1	4.082868E+1	1.004840E+1	8.474457E-1	4.026371E+1	-1.537321E-4	4.630127E-6	-4.793854E-2	-6.149285E+0
2.005890E+2	3.998183E+1	4.082880E+1	1.004966E+1	8.469645E-1	4.026415E+1	-1.560914E-4	4.630127E-6	-4.794921E-2	-6.243657E+0
2.017070E+2	3.998109E+1	4.082911E+1	1.004876E+1	8.480185E-1	4.026376E+1	-1.583229E-4	4.630127E-6	-4.793602E-2	-6.332915E+0
2.028210E+2	3.998116E+1	4.082499E+1	1.004967E+1	8.438352E-1	4.026244E+1	-1.520945E-4	4.630127E-6	-4.793724E-2	-6.083779E+0
2.039380E+2	3.998172E+1	4.082888E+1	1.004962E+1	8.471652E-1	4.026410E+1	-1.560074E-4	4.630127E-6	-4.794741E-2	-6.240295E+0
2.050550E+2	3.998185E+1	4.065673E+1	1.004919E+1	6.748807E-1	4.020681E+1	-1.503663E-4	4.630127E-6	-4.794948E-2	-6.014650E+0
2.061670E+2	3.998198E+1	4.065808E+1	1.004967E+1	6.761007E-1	4.020734E+1	-1.483825E-4	4.630127E-6	-4.795179E-2	-5.935301E+0
2.072870E+2	3.998200E+1	4.065834E+1	1.004840E+1	6.763356E-1	4.020745E+1	-1.509428E-4	4.630127E-6	-4.795227E-2	-6.037711E+0
2.084030E+2	3.998182E+1	4.065485E+1	1.004973E+1	6.730319E-1	4.020616E+1	-1.487140E-4	4.630127E-6	-4.794901E-2	-5.948561E+0
2.095150E+2	3.998185E+1	4.065857E+1	1.004995E+1	6.767158E-1	4.020742E+1	-1.515397E-4	4.630127E-6	-4.794955E-2	-6.061590E+0
2.106340E+2	3.998188E+1	4.065517E+1	1.004997E+1	6.732862E-1	4.020631E+1	-1.476381E-4	4.630127E-6	-4.795065E-2	-5.905522E+0
2.117460E+2	3.998195E+1	4.065787E+1	1.005001E+1	6.759260E-1	4.020726E+1	-1.479054E-4	4.630127E-6	-4.795156E-2	-5.916217E+0
2.128680E+2	3.998173E+1	4.065845E+1	1.004853E+1	6.767253E-1	4.020730E+1	-1.509635E-4	7.067036E-6	-4.794762E-2	-6.038538E+0
2.139840E+2	3.998185E+1	4.065788E+1	1.004991E+1	6.760239E-1	4.020719E+1	-1.461247E-4	6.823345E-6	-4.794986E-2	-5.844987E+0
2.151010E+2	3.998193E+1	4.065813E+1	1.004882E+1	6.762040E-1	4.020733E+1	-1.496863E-4	7.067036E-6	-4.795122E-2	-5.987454E+0
2.162160E+2	3.998170E+1	4.065494E+1	1.004995E+1	6.732327E-1	4.020612E+1	-1.554141E-4	6.823345E-6	-4.794745E-2	-6.216564E+0
2.173330E+2	3.998199E+1	4.065862E+1	1.005002E+1	6.766282E-1	4.020753E+1	-1.528612E-4	7.067036E-6	-4.795224E-2	-6.114447E+0
2.184520E+2	3.998169E+1	4.065522E+1	1.005003E+1	6.735267E-1	4.020620E+1	-1.489396E-4	9.503945E-6	-4.794725E-2	-5.957582E+0
2.195710E+2	3.998190E+1	4.065809E+1	1.005007E+1	6.761916E-1	4.020730E+1	-1.552725E-4	1.462145E-5	-4.795074E-2	-6.210900E+0
2.206900E+2	3.998192E+1	4.065856E+1	1.004833E+1	6.766354E-1	4.020747E+1	-1.502199E-4	2.241956E-5	-4.795133E-2	-6.008797E+0
2.218040E+2	3.998188E+1	4.065821E+1	9.997677E+0	6.763360E-1	4.020732E+1	-1.459805E-4	2.266325E-5	-4.795027E-2	-5.839220E+0
2.229170E+2	3.998182E+1	4.065692E+1	9.996771E+0	6.751036E-1	4.020685E+1	-1.491781E-4	2.266325E-5	-4.794949E-2	-5.967125E+0
2.240350E+2	3.998178E+1	4.065471E+1	9.997857E+0	6.729288E-1	4.020609E+1	-1.529337E-4	2.266325E-5	-4.794857E-2	-6.117349E+0
2.251530E+2	3.998182E+1	4.065837E+1	9.997849E+0	6.765500E-1	4.020734E+1	-1.540805E-4	2.266325E-5	-4.794949E-2	-6.163220E+0
2.262660E+2	3.998171E+1	4.065469E+1	9.997734E+0	6.729738E-1	4.020604E+1	-1.487292E-4	2.266325E-5	-4.794735E-2	-5.949166E+0
2.273860E+2	3.998186E+1	4.065860E+1	9.997875E+0	6.767357E-1	4.020744E+1	-1.500630E-4	2.266325E-5	-4.795024E-2	-6.002520E+0
2.284980E+2	3.998190E+1	4.065857E+1	9.996780E+0	6.766700E-1	4.020745E+1	-1.534349E-4	2.266325E-5	-4.795110E-2	-6.137395E+0
2.296150E+2	3.998190E+1	4.065638E+1	9.997786E+0	6.744756E-1	4.020673E+1	-1.478184E-4	2.266325E-5	-4.795099E-2	-5.912737E+0
2.307320E+2	3.998183E+1	4.065842E+1	9.997457E+0	6.765871E-1	4.020736E+1	-1.469712E-4	2.266325E-5	-4.795001E-2	-5.878848E+0
2.318490E+2	3.998152E+1	4.065508E+1	9.997839E+0	6.735622E-1	4.020604E+1	-1.507642E-4	2.266325E-5	-4.794419E-2	-6.030570E+0
2.329640E+2	3.998172E+1	4.065825E+1	9.997919E+0	6.765327E-1	4.020723E+1	-1.516962E-4	2.266325E-5	-4.794790E-2	-6.067847E+0
2.340820E+2	3.998166E+1	4.065837E+1	9.996782E+0	6.767103E-1	4.020723E+1	-1.480010E-4	2.266325E-5	-4.794664E-2	-5.920039E+0
2.351980E+2	3.998191E+1	4.065819E+1	9.997893E+0	6.762794E-1	4.020734E+1	-1.493509E-4	2.266325E-5	-4.795144E-2	-5.974035E+0
2.363110E+2	3.998186E+1	4.065834E+1	9.996871E+0	6.764781E-1	4.020736E+1	-1.504606E-4	2.266325E-5	-4.795031E-2	-6.018424E+0
2.374290E+2	3.998178E+1	4.065377E+1	9.997769E+0	6.719807E-1	4.020578E+1	-1.545705E-4	2.266325E-5	-4.794912E-2	-6.182821E+0
2.385430E+2	3.998186E+1	4.065730E+1	9.997831E+0	6.754473E-1	4.020701E+1	-1.489868E-4	2.266325E-5	-4.795042E-2	-5.959471E+0
2.396620E+2	3.998164E+1	4.065351E+1	9.997681E+0	6.718628E-1	4.020560E+1	-1.444636E-4	2.266325E-5	-4.794637E-2	-5.778544E+0
2.407780E+2	3.998183E+1	4.065747E+1	9.997875E+0	6.756478E-1	4.020704E+1	-1.528323E-4	2.266325E-5	-4.794987E-2	-6.113294E+0
2.418920E+2	3.998165E+1	4.065716E+1	9.996158E+0	6.755080E-1	4.020682E+1	-1.518481E-4	2.266325E-5	-4.794643E-2	-6.073923E+0
2.430090E+2	3.998182E+1	4.065621E+1	9.997759E+0	6.743830E-1	4.020662E+1	-1.504796E-4	2.266325E-5	-4.794980E-2	-6.019184E+0
2.441250E+2	3.998181E+1	4.065739E+1	9.996887E+0	6.755780E-1	4.020700E+1	-1.548584E-4	2.241956E-5	-4.794953E-2	-6.194337E+0
2.452420E+2	3.998191E+1	4.065373E+1	9.997821E+0	6.718182E-1	4.020585E+1	-1.462922E-4	2.241956E-5	-4.795137E-2	-5.851688E+0
2.463610E+2	3.998186E+1	4.065735E+1	9.997776E+0	6.754868E-1	4.020703E+1	-1.474955E-4	2.266325E-5	-4.795055E-2	-5.899822E+0
2.474760E+2	3.998161E+1	4.065718E+1	9.997224E+0	6.755735E-1	4.020680E+1	-1.515345E-4	2.266325E-5	-4.794593E-2	-6.061382E+0
2.485900E+2	3.998190E+1	4.065726E+1	9.997766E+0	6.753598E-1	4.020702E+1	-1.489364E-4	2.266325E-5	-4.795148E-2	-5.957455E+0
2.497060E+2	3.998167E+1	4.065701E+1	9.996762E+0	6.753387E-1	4.020678E+1	-1.492673E-4	2.266325E-5	-4.794733E-2	-5.970692E+0
2.508210E+2	3.998196E+1	4.065342E+1	9.997767E+0	6.714509E-1	4.020578E+1	-1.549651E-4	2.241956E-5	-4.795256E-2	-6.198602E+0
2.519360E+2	3.998185E+1	4.065739E+1	9.997768E+0	6.755425E-1	4.020703E+1	-1.462848E-4	2.241956E-5	-4.795046E-2	-5.851392E+0
2.530550E+2	3.998195E+1	4.065359E+1	9.997663E+0	6.716402E-1	4.020583E+1	-1.538281E-4	2.241956E-5	-4.795212E-2	-6.153124E+0
2.541690E+2	3.998193E+1	4.065705E+1	9.997779E+0	6.751120E-1	4.020697E+1	-1.474046E-4	2.241956E-5	-4.795178E-2	-5.896185E+0
2.552830E+2	3.998176E+1	4.065546E+1	9.996755E+0	6.736985E-1	4.020633E+1	-1.529941E-4	2.266325E-5	-4.794872E-2	-6.119765E+0
2.564030E+2	3.998195E+1	4.065586E+1	9.997839E+0	6.739131E-1	4.020658E+1	-1.500878E-4	2.266325E-5	-4.795198E-2	-6.003512E+0
2.575300E+2	3.998191E+1	4.065747E+1	9.996647E+0	6.755575E-1	4.020710E+1	-1.473955E-4	2.266325E-5	-4.795144E-2	-5.895821E+0
2.586550E+2	3.998181E+1	4.065813E+1	9.997555E+0	6.763261E-1	4.020725E+1	-1.450349E-4	2.266325E-5	-4.794953E-2	-5.801397E+0
2.597770E+2	3.998178E+1	4.065819E+1	9.996513E+0	6.764039E-1	4.020725E+1	-1.535206E-4	2.266325E-5	-4.794937E-2	-6.140824E+0
2.608910E+2	3.998161E+1	4.065793E+1	9.997581E+0	6.763231E-1	4.020705E+1	-1.481597E-4	2.266325E-5	-4.794648E-2	-5.926389E+0
2.620460E+2	3.998180E+1	4.065704E+1	1.004993E+1	6.752339E-1	4.020688E+1	-1.544974E-4	2.266325E-5	-4.794971E-2	-6.179897E+0
2.631640E+2	3.998196E+1	4.065730E+1	1.004876E+1	6.753327E-1	4.020708E+1	-1.497180E-4	2.266325E-5	-4.795256E-2	-5.988720E+0
