Temps(s)	Pc(MPa)	Pax(MPa)	Ppam(MPa)	Q(MPa)	Pmoy(MPa)	Defaxcapt	Defvolfluide	Defvolconf	Deplct(µm)
1.881000E+0	4.105295E+0	4.193082E+0	1.487239E+0	8.778762E-2	4.134557E+0	-4.704566E-6	-5.385569E-5	-1.723044E-4	-1.881827E-1
3.000000E+0	4.105525E+0	4.192967E+0	1.432780E+0	8.744121E-2	4.134673E+0	-1.562352E-7	-1.323242E-4	-5.198687E-4	-6.249408E-3
4.119000E+0	4.105275E+0	4.192822E+0	1.433269E+0	8.754661E-2	4.134457E+0	-3.385119E-6	-2.551444E-4	-1.027626E-3	-1.354047E-1
5.239000E+0	4.051759E+0	4.191987E+0	1.380394E+0	1.402280E-1	4.098501E+0	-4.434184E-6	-4.020900E-4	-2.360621E-4	-1.773674E-1
6.358000E+0	4.051821E+0	4.193137E+0	1.380918E+0	1.413164E-1	4.098926E+0	-2.431990E-6	-5.938747E-4	-2.377149E-4	-9.727960E-2
7.478000E+0	4.051785E+0	4.192274E+0	1.380455E+0	1.404888E-1	4.098615E+0	2.063625E-6	-8.085664E-4	-2.367614E-4	8.254501E-2
8.600000E+0	3.998580E+0	4.192561E+0	1.380954E+0	1.939810E-1	4.063241E+0	1.914232E-6	-1.047627E-3	9.376985E-4	7.656930E-2
9.719000E+0	3.999016E+0	4.192158E+0	1.380535E+0	1.931421E-1	4.063397E+0	2.062174E-6	-1.309351E-3	9.268802E-4	8.248698E-2
1.083800E+1	3.999212E+0	4.192993E+0	1.380865E+0	1.937808E-1	4.063806E+0	8.623350E-6	-1.594957E-3	9.220155E-4	3.449340E-1
1.195700E+1	3.999034E+0	4.192705E+0	1.381007E+0	1.936709E-1	4.063591E+0	5.617168E-8	-1.903957E-3	9.264364E-4	2.246867E-3
1.307800E+1	3.999034E+0	4.192647E+0	1.380900E+0	1.936133E-1	4.063572E+0	4.489383E-6	-2.235377E-3	9.264364E-4	1.795753E-1
1.419700E+1	3.998936E+0	4.011694E+0	1.381051E+0	1.275794E-2	4.003189E+0	9.982729E-6	-2.590678E-3	9.288628E-4	3.993092E-1
1.531700E+1	3.999274E+0	4.012269E+0	1.381042E+0	1.299554E-2	4.003606E+0	2.963160E-6	-2.968399E-3	9.204827E-4	1.185264E-1
1.643300E+1	3.999052E+0	4.011953E+0	1.381087E+0	1.290124E-2	4.003352E+0	1.097477E-5	-3.368783E-3	9.259984E-4	4.389906E-1
1.755100E+1	3.998945E+0	4.011148E+0	1.432681E+0	1.220269E-2	4.003013E+0	5.701244E-6	-3.792561E-3	9.286438E-4	2.280497E-1
1.867100E+1	3.999310E+0	4.012241E+0	1.433419E+0	1.293100E-2	4.003620E+0	7.954277E-6	-4.218289E-3	9.195950E-4	3.181711E-1
1.979400E+1	3.999016E+0	4.011723E+0	1.432797E+0	1.270682E-2	4.003251E+0	6.779850E-6	-4.671554E-3	9.268861E-4	2.711940E-1
2.091900E+1	3.998998E+0	4.011780E+0	1.433313E+0	1.278201E-2	4.003259E+0	9.954988E-6	-5.145046E-3	9.273241E-4	3.981995E-1
2.203800E+1	3.999007E+0	4.011550E+0	1.486446E+0	1.254326E-2	4.003188E+0	9.157465E-6	-5.642906E-3	9.271051E-4	3.662986E-1
2.315800E+1	3.999043E+0	4.011838E+0	1.487202E+0	1.279525E-2	4.003308E+0	3.846018E-6	-6.139792E-3	9.262115E-4	1.538407E-1
2.427900E+1	3.999186E+0	4.009853E+0	1.538476E+0	1.066760E-2	4.002741E+0	9.237641E-6	-6.660316E-3	9.226724E-4	3.695057E-1
2.539900E+1	3.998785E+0	4.011608E+0	1.592445E+0	1.282305E-2	4.003060E+0	9.599019E-6	-7.183276E-3	9.326090E-4	3.839608E-1
2.651500E+1	3.998679E+0	4.010170E+0	1.591752E+0	1.149123E-2	4.002509E+0	3.926329E-6	-7.705018E-3	9.352544E-4	1.570532E-1
2.763600E+1	3.944709E+0	4.011292E+0	1.645143E+0	6.658276E-2	3.966904E+0	1.024263E-5	-8.253079E-3	2.274903E-3	4.097053E-1
2.875500E+1	3.944709E+0	4.009767E+0	1.699762E+0	6.505777E-2	3.966395E+0	1.291352E-5	-8.800896E-3	2.274908E-3	5.165408E-1
2.987200E+1	3.944576E+0	4.011695E+0	1.751453E+0	6.711908E-2	3.966949E+0	1.517655E-5	-9.347495E-3	2.278223E-3	6.070620E-1
3.099400E+1	3.944656E+0	4.011407E+0	1.804400E+0	6.675124E-2	3.966906E+0	1.027006E-5	-9.899455E-3	2.276234E-3	4.108026E-1
3.211200E+1	3.944753E+0	4.011205E+0	1.856981E+0	6.645208E-2	3.966904E+0	8.451090E-6	-1.045093E-2	2.673461E-3	3.380436E-1
3.323300E+1	3.944674E+0	4.011349E+0	1.911414E+0	6.667581E-2	3.966899E+0	7.344577E-6	-1.100264E-2	3.247386E-3	2.937831E-1
3.434900E+1	3.998688E+0	4.011004E+0	1.963372E+0	1.231682E-2	4.002793E+0	9.731901E-6	-1.153535E-2	2.526337E-3	3.892761E-1
3.546500E+1	4.051447E+0	4.011695E+0	2.017546E+0	-3.975251E-2	4.038197E+0	2.948825E-6	-1.155119E-2	1.384986E-3	1.179530E-1
3.658100E+1	4.051723E+0	4.191871E+0	1.963043E+0	1.401484E-1	4.098439E+0	1.730961E-6	-1.155119E-2	1.019668E-3	6.923843E-2
3.770100E+1	3.998829E+0	4.193022E+0	1.926138E+0	1.941922E-1	4.063560E+0	5.813096E-6	-1.155119E-2	1.774197E-3	2.325238E-1
3.881900E+1	3.998687E+0	4.009162E+0	1.911147E+0	1.047508E-2	4.002179E+0	1.282407E-5	-1.157142E-2	1.763347E-3	5.129630E-1
3.993600E+1	3.998704E+0	4.011176E+0	1.911458E+0	1.247177E-2	4.002862E+0	1.054912E-5	-1.160627E-2	1.762921E-3	4.219649E-1
4.105800E+1	3.998945E+0	4.009766E+0	1.857088E+0	1.082157E-2	4.002552E+0	1.248872E-5	-1.164916E-2	1.756955E-3	4.995488E-1
4.217700E+1	3.999203E+0	4.011435E+0	1.857213E+0	1.223221E-2	4.003281E+0	9.303485E-6	-1.173469E-2	2.085615E-3	3.721394E-1
4.329800E+1	3.999061E+0	4.011982E+0	1.857257E+0	1.292124E-2	4.003368E+0	4.094844E-6	-1.184216E-2	2.772939E-3	1.637938E-1
4.441500E+1	4.052114E+0	4.011349E+0	1.857177E+0	-4.076492E-2	4.038526E+0	-1.084444E-6	-1.197253E-2	2.633430E-3	-4.337775E-2
4.553400E+1	4.052212E+0	4.192561E+0	1.857221E+0	1.403492E-1	4.098995E+0	-3.018469E-6	-1.212606E-2	3.690148E-3	-1.207388E-1
4.665100E+1	4.105639E+0	4.191554E+0	1.856278E+0	8.591543E-2	4.134277E+0	6.323848E-7	-1.230176E-2	3.660547E-3	2.529539E-2
4.776700E+1	4.159226E+0	4.192648E+0	1.911582E+0	3.342185E-2	4.170367E+0	-6.581075E-6	-1.250256E-2	3.681137E-3	-2.632430E-1
4.888500E+1	4.212849E+0	4.359560E+0	1.910755E+0	1.467114E-1	4.261752E+0	-1.725491E-5	-1.270458E-2	3.818030E-3	-6.901963E-1
5.000800E+1	4.319150E+0	4.361027E+0	1.911681E+0	4.187700E-2	4.333109E+0	-1.076017E-5	-1.292999E-2	2.650016E-3	-4.304069E-1
5.113200E+1	4.372790E+0	4.529464E+0	1.963292E+0	1.566738E-1	4.425015E+0	-2.170974E-5	-1.317758E-2	2.404656E-3	-8.683897E-1
5.225300E+1	4.426831E+0	4.531334E+0	1.964128E+0	1.045031E-1	4.461666E+0	-2.923101E-5	-1.342859E-2	2.362242E-3	-1.169241E+0
5.337800E+1	4.480089E+0	4.529522E+0	2.017057E+0	4.943293E-2	4.496566E+0	-2.711936E-5	-1.370128E-2	2.344633E-3	-1.084774E+0
5.450000E+1	4.533515E+0	4.531708E+0	2.070946E+0	-1.807355E-3	4.532913E+0	-2.807637E-5	-1.395959E-2	1.993426E-3	-1.123055E+0
5.562800E+1	4.587325E+0	4.700807E+0	2.070564E+0	1.134822E-1	4.625152E+0	-2.972193E-5	-1.419962E-2	1.430123E-3	-1.188877E+0
5.675400E+1	4.587627E+0	4.701412E+0	2.125290E+0	1.137842E-1	4.625555E+0	-3.053866E-5	-1.444405E-2	1.818507E-3	-1.221546E+0
5.788100E+1	4.587574E+0	4.701929E+0	2.125227E+0	1.143554E-1	4.625692E+0	-3.001187E-5	-1.467044E-2	2.272509E-3	-1.200475E+0
5.900600E+1	4.642024E+0	4.701613E+0	2.176955E+0	5.958870E-2	4.661887E+0	-3.566959E-5	-1.489975E-2	1.724081E-3	-1.426784E+0
6.012700E+1	4.641891E+0	4.701411E+0	2.177035E+0	5.952080E-2	4.661731E+0	-3.040922E-5	-1.511395E-2	1.991324E-3	-1.216369E+0
6.124500E+1	4.641935E+0	4.701785E+0	2.229892E+0	5.985050E-2	4.661885E+0	-2.868584E-5	-1.533059E-2	2.312135E-3	-1.147433E+0
6.236100E+1	4.642024E+0	4.701181E+0	2.228869E+0	5.915728E-2	4.661743E+0	-2.749935E-5	-1.553066E-2	2.701050E-3	-1.099974E+0
6.348100E+1	4.694775E+0	4.700634E+0	2.282287E+0	5.859827E-3	4.696728E+0	-2.625260E-5	-1.573536E-2	1.847948E-3	-1.050104E+0
6.459800E+1	4.694872E+0	4.699225E+0	2.281362E+0	4.352204E-3	4.696323E+0	-2.999454E-5	-1.592374E-2	2.058743E-3	-1.199782E+0
9.480600E+1	5.015069E+0	5.045249E+0	2.815158E+0	3.018035E-2	5.025129E+0	-4.951422E-5	-1.991832E-2	2.789361E-3	-1.980569E+0
1.250640E+2	5.282158E+0	5.387762E+0	3.188594E+0	1.056039E-1	5.317360E+0	-6.629275E-5	-2.230795E-2	3.941000E-3	-2.651710E+0
1.553020E+2	5.601911E+0	5.729126E+0	3.505525E+0	1.272153E-1	5.644316E+0	-9.067269E-5	-2.403231E-2	4.023679E-3	-3.626908E+0
1.855350E+2	5.923309E+0	5.903635E+0	3.825838E+0	-1.967341E-2	5.916751E+0	-9.945186E-5	-2.548958E-2	4.452836E-3	-3.978075E+0
2.157320E+2	6.190771E+0	6.248507E+0	4.143275E+0	5.773607E-2	6.210016E+0	-1.205388E-4	-2.694271E-2	6.445942E-3	-4.821551E+0
2.459630E+2	6.512088E+0	6.592977E+0	4.463150E+0	8.088901E-2	6.539051E+0	-1.595433E-4	-2.819357E-2	6.607453E-3	-6.381734E+0
2.761620E+2	6.831493E+0	6.937564E+0	4.782894E+0	1.060703E-1	6.866850E+0	-1.792146E-4	-2.938936E-2	6.310118E-3	-7.168586E+0
3.063770E+2	7.099782E+0	7.103439E+0	5.046548E+0	3.656597E-3	7.101001E+0	-1.914106E-4	-3.045088E-2	7.441639E-3	-7.656422E+0
3.366270E+2	7.418938E+0	7.448283E+0	5.365285E+0	2.934497E-2	7.428719E+0	-2.168263E-4	-3.148413E-2	7.765429E-3	-8.673050E+0
3.668680E+2	7.738414E+0	7.791977E+0	5.683800E+0	5.356304E-2	7.756268E+0	-2.349034E-4	-3.246231E-2	7.414912E-3	-9.396137E+0
3.970890E+2	8.006732E+0	8.133456E+0	6.004878E+0	1.267236E-1	8.048973E+0	-2.454448E-4	-3.337054E-2	8.659489E-3	-9.817791E+0
4.272810E+2	8.327702E+0	8.309056E+0	6.272526E+0	-1.864558E-2	8.321486E+0	-2.549329E-4	-3.426318E-2	8.802340E-3	-1.019732E+1
4.574820E+2	8.594177E+0	8.651109E+0	6.592100E+0	5.693194E-2	8.613155E+0	-2.830726E-4	-3.518263E-2	9.796954E-3	-1.132290E+1
4.877020E+2	8.914949E+0	8.999002E+0	6.908691E+0	8.405214E-2	8.942967E+0	-2.923209E-4	-3.602604E-2	9.108733E-3	-1.169284E+1
5.179420E+2	9.235297E+0	9.170460E+0	7.227490E+0	-6.483692E-2	9.213685E+0	-3.243407E-4	-3.676369E-2	9.428661E-3	-1.297363E+1
5.481700E+2	9.501711E+0	9.516427E+0	7.544271E+0	1.471623E-2	9.506616E+0	-3.337354E-4	-3.750062E-2	1.130436E-2	-1.334942E+1
5.784210E+2	9.826134E+0	9.868033E+0	7.810035E+0	4.189916E-2	9.840100E+0	-3.475116E-4	-3.814518E-2	1.041471E-2	-1.390047E+1
6.086410E+2	1.014620E+1	1.020856E+1	8.131504E+0	6.236504E-2	1.016699E+1	-3.755648E-4	-3.876172E-2	1.046633E-2	-1.502259E+1
6.388790E+2	1.041332E+1	1.038016E+1	8.448007E+0	-3.315749E-2	1.040227E+1	-3.948742E-4	-3.939726E-2	1.183182E-2	-1.579497E+1
6.691040E+2	1.073229E+1	1.072438E+1	8.713327E+0	-7.915293E-3	1.072965E+1	-4.192344E-4	-4.003330E-2	1.144192E-2	-1.676937E+1
6.993260E+2	1.105298E+1	1.106954E+1	9.032706E+0	1.655982E-2	1.105850E+1	-4.258221E-4	-4.076291E-2	1.094216E-2	-1.703289E+1
7.295470E+2	1.137430E+1	1.141021E+1	9.353016E+0	3.590638E-2	1.138627E+1	-4.476806E-4	-4.135702E-2	1.099875E-2	-1.790722E+1
7.597640E+2	1.164180E+1	1.175557E+1	9.619223E+0	1.137699E-1	1.167972E+1	-4.617108E-4	-4.190094E-2	1.184970E-2	-1.846843E+1
7.899830E+2	1.196242E+1	1.192599E+1	9.938323E+0	-3.643059E-2	1.195028E+1	-4.865897E-4	-4.246704E-2	1.111098E-2	-1.946359E+1
8.201310E+2	1.223101E+1	1.227241E+1	1.004538E+1	4.140328E-2	1.224481E+1	-5.030817E-4	-4.249238E-2	1.165168E-2	-2.012327E+1
8.502760E+2	1.255154E+1	1.260851E+1	1.004502E+1	5.697587E-2	1.257053E+1	-5.154585E-4	-4.235932E-2	1.154466E-2	-2.061834E+1
8.804210E+2	1.287276E+1	1.278204E+1	1.009826E+1	-9.071391E-2	1.284252E+1	-5.349741E-4	-4.235932E-2	1.123181E-2	-2.139896E+1
9.105560E+2	1.314188E+1	1.312732E+1	1.004506E+1	-1.456513E-2	1.313703E+1	-5.515176E-4	-4.226648E-2	1.111121E-2	-2.206070E+1
9.406890E+2	1.346290E+1	1.346540E+1	1.004531E+1	2.503021E-3	1.346373E+1	-5.684636E-4	-4.211344E-2	1.137991E-2	-2.273854E+1
9.708370E+2	1.378284E+1	1.381588E+1	1.004528E+1	3.303971E-2	1.379385E+1	-5.919898E-4	-4.202035E-2	1.187263E-2	-2.367959E+1
1.000989E+3	1.405106E+1	1.398035E+1	1.009824E+1	-7.071419E-2	1.402749E+1	-6.041489E-4	-4.183149E-2	1.235262E-2	-2.416596E+1
1.031148E+3	1.437066E+1	1.432833E+1	1.004515E+1	-4.232454E-2	1.435655E+1	-6.185771E-4	-4.150933E-2	1.211668E-2	-2.474308E+1
1.061304E+3	1.469170E+1	1.466886E+1	1.004474E+1	-2.284702E-2	1.468409E+1	-6.341123E-4	-4.118863E-2	1.176943E-2	-2.536449E+1
1.091462E+3	1.495994E+1	1.484803E+1	1.009829E+1	-1.119139E-1	1.492264E+1	-6.504015E-4	-4.093788E-2	1.250753E-2	-2.601606E+1
1.121621E+3	1.527988E+1	1.520144E+1	1.004408E+1	-7.844191E-2	1.525374E+1	-6.655094E-4	-4.065446E-2	1.208590E-2	-2.662037E+1
1.151777E+3	1.554770E+1	1.553731E+1	1.004517E+1	-1.039448E-2	1.554424E+1	-6.936329E-4	-4.037398E-2	1.304769E-2	-2.774532E+1
1.181930E+3	1.586689E+1	1.588362E+1	1.004495E+1	1.673548E-2	1.587246E+1	-7.134905E-4	-4.012833E-2	1.308962E-2	-2.853962E+1
1.212084E+3	1.618766E+1	1.604901E+1	1.009817E+1	-1.386515E-1	1.614144E+1	-7.295360E-4	-3.987563E-2	1.210234E-2	-2.918144E+1
1.242232E+3	1.645512E+1	1.639618E+1	1.004502E+1	-5.893981E-2	1.643548E+1	-7.339846E-4	-3.965411E-2	1.318844E-2	-2.935939E+1
1.272385E+3	1.677747E+1	1.674019E+1	1.009809E+1	-3.727979E-2	1.676504E+1	-7.442928E-4	-3.946306E-2	1.246083E-2	-2.977171E+1
1.302531E+3	1.709788E+1	1.708406E+1	1.004389E+1	-1.381489E-2	1.709327E+1	-7.626913E-4	-3.922887E-2	1.209443E-2	-3.050765E+1
1.332688E+3	1.736553E+1	1.725810E+1	1.009784E+1	-1.074252E-1	1.732972E+1	-7.789987E-4	-3.898347E-2	1.281559E-2	-3.115995E+1
1.362839E+3	1.768447E+1	1.760347E+1	1.009770E+1	-8.100526E-2	1.765747E+1	-8.034196E-4	-3.878730E-2	1.287588E-2	-3.213678E+1
1.392998E+3	1.800458E+1	1.794394E+1	1.009759E+1	-6.064054E-2	1.798436E+1	-8.290335E-4	-3.860283E-2	1.265953E-2	-3.316134E+1
1.513607E+3	1.918129E+1	1.914350E+1	1.009792E+1	-3.778975E-2	1.916870E+1	-8.931581E-4	-3.787468E-2	1.201014E-2	-3.572633E+1
1.634177E+3	2.041155E+1	2.035701E+1	1.009766E+1	-5.454682E-2	2.039337E+1	-9.421947E-4	-3.725692E-2	1.196404E-2	-3.768779E+1
1.754755E+3	2.158624E+1	2.155914E+1	1.009661E+1	-2.709950E-2	2.157720E+1	-1.015953E-3	-3.670984E-2	1.186877E-2	-4.063811E+1
1.875317E+3	2.281509E+1	2.276135E+1	1.004446E+1	-5.373790E-2	2.279717E+1	-1.073401E-3	-3.619126E-2	1.055470E-2	-4.293606E+1
1.995888E+3	2.399283E+1	2.395355E+1	1.004364E+1	-3.927768E-2	2.397974E+1	-1.142008E-3	-3.572338E-2	1.017595E-2	-4.568031E+1
2.116459E+3	2.522342E+1	2.498866E+1	1.004469E+1	-2.347573E-1	2.514517E+1	-1.204311E-3	-3.531739E-2	8.749210E-3	-4.817243E+1
2.237031E+3	2.645367E+1	2.620176E+1	1.004329E+1	-2.519088E-1	2.636970E+1	-1.275298E-3	-3.478858E-2	7.248458E-3	-5.101193E+1
2.357597E+3	2.763271E+1	2.739850E+1	1.004461E+1	-2.342095E-1	2.755464E+1	-1.332900E-3	-3.497062E-2	6.151795E-3	-5.331601E+1
2.478151E+3	2.886217E+1	2.860513E+1	1.004467E+1	-2.570420E-1	2.877649E+1	-1.415605E-3	-3.446008E-2	4.390364E-3	-5.662421E+1
2.598715E+3	3.003640E+1	2.980332E+1	1.009765E+1	-2.330811E-1	2.995871E+1	-1.473475E-3	-3.407091E-2	3.986759E-3	-5.893899E+1
2.719312E+3	3.123957E+1	3.100959E+1	1.004303E+1	-2.299774E-1	3.116291E+1	-1.523604E-3	-3.363617E-2	3.020641E-3	-6.094415E+1
2.839861E+3	3.244349E+1	3.222278E+1	1.004430E+1	-2.207076E-1	3.236992E+1	-1.604759E-3	-3.320215E-2	1.800218E-3	-6.419036E+1
2.960373E+3	3.367289E+1	3.341855E+1	1.004290E+1	-2.543342E-1	3.358811E+1	-1.692991E-3	-3.287902E-2	2.317346E-4	-6.771963E+1
3.080929E+3	3.489960E+1	3.462311E+1	1.009745E+1	-2.764925E-1	3.480744E+1	-1.748087E-3	-3.252713E-2	-1.386622E-3	-6.992348E+1
3.201553E+3	3.607587E+1	3.582863E+1	1.004430E+1	-2.472409E-1	3.599345E+1	-1.811148E-3	-3.214234E-2	-2.907098E-3	-7.244591E+1
3.322135E+3	3.725441E+1	3.703660E+1	1.004453E+1	-2.178038E-1	3.718180E+1	-1.861207E-3	-3.167543E-2	-1.933682E-3	-7.444827E+1
3.442697E+3	3.848161E+1	3.824325E+1	1.004463E+1	-2.383552E-1	3.840215E+1	-1.930655E-3	-3.127870E-2	-2.363131E-3	-7.722619E+1
3.563259E+3	3.971314E+1	3.944112E+1	1.009750E+1	-2.720199E-1	3.962247E+1	-1.987759E-3	-3.083470E-2	-3.758489E-3	-7.951038E+1
3.683802E+3	3.997975E+1	3.978646E+1	1.004404E+1	-1.932939E-1	3.991532E+1	-1.998388E-3	-3.063316E-2	-2.048257E-3	-7.993552E+1
3.804340E+3	3.997999E+1	3.979271E+1	1.004444E+1	-1.872816E-1	3.991756E+1	-2.000596E-3	-3.046794E-2	-3.093514E-4	-8.002386E+1
3.924873E+3	3.997923E+1	3.979014E+1	1.004407E+1	-1.890845E-1	3.991620E+1	-2.001452E-3	-3.046794E-2	5.067204E-4	-8.005810E+1
4.045391E+3	3.997997E+1	3.961552E+1	1.004449E+1	-3.644500E-1	3.985848E+1	-1.998388E-3	-3.046794E-2	8.929400E-4	-7.993552E+1
4.165923E+3	3.997974E+1	3.979377E+1	1.004426E+1	-1.859703E-1	3.991775E+1	-2.000787E-3	-3.045308E-2	2.167380E-3	-8.003148E+1
4.286476E+3	3.997998E+1	3.979387E+1	1.004448E+1	-1.861108E-1	3.991794E+1	-2.003486E-3	-3.042578E-2	2.161391E-3	-8.013945E+1
4.407014E+3	3.998004E+1	3.979269E+1	1.004451E+1	-1.873528E-1	3.991759E+1	-2.000926E-3	-3.040019E-2	2.559401E-3	-8.003706E+1
4.527550E+3	3.997991E+1	3.979395E+1	1.004408E+1	-1.859621E-1	3.991792E+1	-2.008359E-3	-3.040019E-2	2.560006E-3	-8.033436E+1
4.648089E+3	3.998002E+1	3.979295E+1	1.004258E+1	-1.870734E-1	3.991766E+1	-1.999630E-3	-3.037363E-2	2.956537E-3	-7.998522E+1
4.768632E+3	3.997916E+1	3.979349E+1	1.004255E+1	-1.856646E-1	3.991727E+1	-1.999115E-3	-3.037363E-2	2.969953E-3	-7.996459E+1
4.889153E+3	3.997986E+1	3.979269E+1	1.004308E+1	-1.871760E-1	3.991747E+1	-2.005911E-3	-3.037363E-2	3.356297E-3	-8.023645E+1
5.009681E+3	3.997979E+1	3.979392E+1	1.004272E+1	-1.858752E-1	3.991784E+1	-2.001581E-3	-3.031588E-2	3.758393E-3	-8.006324E+1
5.130233E+3	3.997982E+1	3.979334E+1	1.004402E+1	-1.864774E-1	3.991766E+1	-2.005202E-3	-3.031588E-2	3.756211E-3	-8.020809E+1
5.250763E+3	3.997921E+1	3.979366E+1	1.004308E+1	-1.855479E-1	3.991736E+1	-2.005210E-3	-3.031588E-2	4.166011E-3	-8.020841E+1
5.371309E+3	3.997989E+1	3.979394E+1	1.004376E+1	-1.859443E-1	3.991791E+1	-2.006999E-3	-3.031588E-2	4.151960E-3	-8.027996E+1
5.491852E+3	3.997973E+1	3.979259E+1	1.004394E+1	-1.871364E-1	3.991735E+1	-2.004817E-3	-3.031588E-2	4.153109E-3	-8.019267E+1
5.612372E+3	3.997984E+1	3.979368E+1	1.004367E+1	-1.861524E-1	3.991778E+1	-2.004540E-3	-3.031588E-2	4.550371E-3	-8.018158E+1
5.732923E+3	3.997977E+1	3.979268E+1	1.004398E+1	-1.870883E-1	3.991740E+1	-2.007904E-3	-3.031588E-2	4.549889E-3	-8.031616E+1
5.853462E+3	3.997968E+1	3.979395E+1	1.004397E+1	-1.857320E-1	3.991777E+1	-2.003508E-3	-3.031588E-2	4.549260E-3	-8.014034E+1
5.974006E+3	3.997907E+1	3.961655E+1	1.004245E+1	-3.625180E-1	3.985823E+1	-1.994369E-3	-3.031588E-2	4.558608E-3	-7.977477E+1
6.094527E+3	3.997972E+1	3.979391E+1	1.004402E+1	-1.858039E-1	3.991778E+1	-2.004615E-3	-3.031588E-2	4.946771E-3	-8.018460E+1
6.215062E+3	3.997963E+1	3.961902E+1	1.004364E+1	-3.606056E-1	3.985943E+1	-1.994977E-3	-3.031588E-2	4.946385E-3	-7.979906E+1
6.335602E+3	3.997998E+1	3.962032E+1	1.004339E+1	-3.596643E-1	3.986009E+1	-1.998447E-3	-3.028980E-2	4.938668E-3	-7.993786E+1
6.456135E+3	3.997918E+1	3.962082E+1	1.004262E+1	-3.583589E-1	3.985973E+1	-1.995415E-3	-3.028980E-2	5.353817E-3	-7.981659E+1
6.576670E+3	3.997975E+1	3.962065E+1	1.004263E+1	-3.591012E-1	3.986005E+1	-1.999931E-3	-3.029005E-2	5.341913E-3	-7.999722E+1
6.697196E+3	3.997949E+1	3.961828E+1	1.004301E+1	-3.612138E-1	3.985909E+1	-1.998182E-3	-3.029005E-2	5.344586E-3	-7.992729E+1
6.817734E+3	3.997967E+1	3.979263E+1	1.004258E+1	-1.870454E-1	3.991732E+1	-1.999251E-3	-3.028980E-2	5.740800E-3	-7.997003E+1
6.938265E+3	3.997905E+1	3.979185E+1	1.004285E+1	-1.871991E-1	3.991665E+1	-2.005578E-3	-3.028980E-2	5.749865E-3	-8.022311E+1
7.058802E+3	3.997956E+1	3.979302E+1	1.004223E+1	-1.865454E-1	3.991738E+1	-1.996794E-3	-3.023132E-2	5.739117E-3	-7.987178E+1
7.179339E+3	3.997905E+1	3.979319E+1	1.004378E+1	-1.858616E-1	3.991710E+1	-2.009534E-3	-3.023132E-2	5.746521E-3	-8.038136E+1
7.299868E+3	3.997970E+1	3.979337E+1	1.004250E+1	-1.863363E-1	3.991759E+1	-1.998772E-3	-3.023132E-2	5.732702E-3	-7.995088E+1
7.420407E+3	4.003264E+1	3.979235E+1	1.004397E+1	-2.402900E-1	3.995254E+1	-1.996016E-3	-3.023132E-2	5.657986E-3	-7.984066E+1
7.540911E+3	3.997988E+1	3.979396E+1	1.004294E+1	-1.859177E-1	3.991790E+1	-2.003847E-3	-3.023132E-2	6.596139E-3	-8.015387E+1
7.661451E+3	3.997939E+1	3.979365E+1	1.004273E+1	-1.857472E-1	3.991748E+1	-2.005710E-3	-3.023132E-2	6.603068E-3	-8.022839E+1
7.781981E+3	3.997956E+1	3.979318E+1	1.004280E+1	-1.863842E-1	3.991744E+1	-1.997299E-3	-3.023132E-2	6.598059E-3	-7.989196E+1
7.902523E+3	3.997888E+1	3.979192E+1	1.004290E+1	-1.869560E-1	3.991656E+1	-1.997812E-3	-3.023132E-2	6.608835E-3	-7.991248E+1
8.023069E+3	3.997975E+1	3.979317E+1	1.004372E+1	-1.865809E-1	3.991755E+1	-1.997172E-3	-3.023132E-2	6.591628E-3	-7.988688E+1
8.143605E+3	3.997964E+1	3.979222E+1	1.004420E+1	-1.874147E-1	3.991717E+1	-1.999456E-3	-3.023132E-2	6.591650E-3	-7.997826E+1
8.264143E+3	3.997937E+1	3.962024E+1	1.004418E+1	-3.591337E-1	3.985966E+1	-2.000465E-3	-3.023132E-2	6.594703E-3	-8.001859E+1
8.384671E+3	3.997957E+1	3.961865E+1	1.004417E+1	-3.609196E-1	3.985926E+1	-1.997352E-3	-3.023132E-2	6.991308E-3	-7.989408E+1
8.505216E+3	3.997919E+1	3.962048E+1	1.004433E+1	-3.587077E-1	3.985962E+1	-1.998505E-3	-3.023132E-2	6.996401E-3	-7.994021E+1
8.625753E+3	3.997982E+1	3.961809E+1	1.004410E+1	-3.617253E-1	3.985924E+1	-2.001699E-3	-3.023132E-2	6.982990E-3	-8.006796E+1
8.746287E+3	3.997887E+1	3.961688E+1	1.004428E+1	-3.619941E-1	3.985821E+1	-1.995973E-3	-3.023132E-2	6.998077E-3	-7.983891E+1
8.866848E+3	3.997885E+1	3.962013E+1	1.004243E+1	-3.587249E-1	3.985928E+1	-1.997275E-3	-3.023132E-2	6.997023E-3	-7.989102E+1
8.987402E+3	3.997920E+1	3.962042E+1	1.004428E+1	-3.587856E-1	3.985961E+1	-1.998360E-3	-3.023156E-2	7.390665E-3	-7.993442E+1
9.107933E+3	3.997973E+1	3.961868E+1	1.004399E+1	-3.610520E-1	3.985938E+1	-1.998882E-3	-3.023156E-2	7.379089E-3	-7.995528E+1
9.228477E+3	3.997888E+1	3.962046E+1	1.004435E+1	-3.584237E-1	3.985941E+1	-1.995326E-3	-3.023132E-2	7.392720E-3	-7.981303E+1
9.349016E+3	3.997986E+1	3.962043E+1	1.004408E+1	-3.594329E-1	3.986005E+1	-1.995941E-3	-3.023132E-2	7.373298E-3	-7.983763E+1
9.469546E+3	3.997893E+1	3.962049E+1	1.004434E+1	-3.584407E-1	3.985945E+1	-2.001787E-3	-3.023132E-2	7.388249E-3	-8.007147E+1
9.590082E+3	3.998000E+1	3.979375E+1	1.004445E+1	-1.862458E-1	3.991791E+1	-2.002163E-3	-3.023132E-2	7.768866E-3	-8.008652E+1
9.710613E+3	3.997999E+1	3.979416E+1	1.004441E+1	-1.858252E-1	3.991805E+1	-1.999373E-3	-3.023132E-2	7.767052E-3	-7.997492E+1
9.831153E+3	3.997903E+1	3.979366E+1	1.004439E+1	-1.853632E-1	3.991724E+1	-2.000216E-3	-3.023132E-2	7.782723E-3	-8.000863E+1
9.951696E+3	3.997980E+1	3.979131E+1	1.004274E+1	-1.884855E-1	3.991697E+1	-1.995978E-3	-3.023132E-2	7.767283E-3	-7.983912E+1
1.007222E+4	3.997898E+1	3.979375E+1	1.004428E+1	-1.852311E-1	3.991724E+1	-2.006024E-3	-3.023132E-2	8.180999E-3	-8.024098E+1
1.019276E+4	3.997990E+1	3.979359E+1	1.004283E+1	-1.863129E-1	3.991780E+1	-2.004488E-3	-3.023132E-2	8.163151E-3	-8.017950E+1
1.031331E+4	3.998004E+1	3.979031E+1	1.004440E+1	-1.897342E-1	3.991680E+1	-1.997239E-3	-3.020451E-2	8.158686E-3	-7.988955E+1
1.043383E+4	3.997972E+1	3.979200E+1	1.004267E+1	-1.877250E-1	3.991715E+1	-2.001545E-3	-3.020451E-2	8.162380E-3	-8.006180E+1
1.055436E+4	3.997890E+1	3.979370E+1	1.004310E+1	-1.852009E-1	3.991717E+1	-2.003923E-3	-3.020451E-2	8.175603E-3	-8.015693E+1
1.067490E+4	3.997962E+1	3.961676E+1	1.004440E+1	-3.628654E-1	3.985867E+1	-1.996539E-3	-3.020451E-2	8.160560E-3	-7.986157E+1
1.079542E+4	3.997896E+1	3.979380E+1	1.004313E+1	-1.851578E-1	3.991724E+1	-2.003109E-3	-3.020451E-2	8.570025E-3	-8.012435E+1
1.091595E+4	3.997981E+1	3.962129E+1	1.004287E+1	-3.585262E-1	3.986030E+1	-1.992961E-3	-3.020451E-2	8.553158E-3	-7.971844E+1
1.103649E+4	3.997882E+1	3.962101E+1	1.004311E+1	-3.578148E-1	3.985955E+1	-1.998337E-3	-3.020451E-2	8.568818E-3	-7.993346E+1
1.115703E+4	3.997979E+1	3.962112E+1	1.004411E+1	-3.586673E-1	3.986023E+1	-1.999838E-3	-3.020451E-2	8.549911E-3	-7.999351E+1
1.127758E+4	3.997961E+1	3.961672E+1	1.004408E+1	-3.628840E-1	3.985865E+1	-1.997352E-3	-3.020451E-2	8.551468E-3	-7.989410E+1
1.139811E+4	3.997926E+1	3.961547E+1	1.004442E+1	-3.637965E-1	3.985800E+1	-2.003981E-3	-3.020451E-2	8.555638E-3	-8.015925E+1
1.151865E+4	3.997990E+1	3.961658E+1	1.004447E+1	-3.633238E-1	3.985880E+1	-2.001312E-3	-3.020451E-2	8.542266E-3	-8.005248E+1
1.163920E+4	3.997990E+1	3.962072E+1	1.004406E+1	-3.591719E-1	3.986017E+1	-1.993317E-3	-3.020451E-2	8.941812E-3	-7.973270E+1
1.175975E+4	3.997897E+1	3.961901E+1	1.004319E+1	-3.599650E-1	3.985899E+1	-1.994560E-3	-3.020451E-2	8.956315E-3	-7.978241E+1
1.188028E+4	3.997990E+1	3.962122E+1	1.004320E+1	-3.586841E-1	3.986034E+1	-1.998898E-3	-3.020451E-2	8.938088E-3	-7.995591E+1
1.200082E+4	3.997918E+1	3.961929E+1	1.004302E+1	-3.598820E-1	3.985921E+1	-1.992481E-3	-3.020451E-2	8.948813E-3	-7.969924E+1
1.212134E+4	3.997975E+1	3.962081E+1	1.004311E+1	-3.589432E-1	3.986010E+1	-1.997603E-3	-3.020451E-2	8.937084E-3	-7.990411E+1
1.224190E+4	3.997983E+1	3.962093E+1	1.004412E+1	-3.588981E-1	3.986020E+1	-1.998207E-3	-3.020451E-2	9.335310E-3	-7.992826E+1
1.236243E+4	3.997930E+1	3.962144E+1	1.004452E+1	-3.578562E-1	3.986001E+1	-2.000482E-3	-3.020451E-2	9.343122E-3	-8.001930E+1
1.248295E+4	3.997991E+1	3.961984E+1	1.004409E+1	-3.600740E-1	3.985989E+1	-2.000077E-3	-3.020451E-2	9.330470E-3	-8.000307E+1
1.260350E+4	3.997905E+1	3.962081E+1	1.004439E+1	-3.582324E-1	3.985964E+1	-1.994793E-3	-3.020451E-2	9.343954E-3	-7.979173E+1
1.272403E+4	3.997988E+1	3.962158E+1	1.004469E+1	-3.582985E-1	3.986045E+1	-1.992602E-3	-3.020451E-2	9.327359E-3	-7.970407E+1
1.284455E+4	3.997904E+1	3.962087E+1	1.004456E+1	-3.581723E-1	3.985965E+1	-2.001353E-3	-3.020451E-2	9.340678E-3	-8.005411E+1
1.296508E+4	3.998000E+1	3.961936E+1	1.004408E+1	-3.606345E-1	3.985978E+1	-1.996886E-3	-3.020451E-2	9.321420E-3	-7.987542E+1
1.308563E+4	3.997928E+1	3.962118E+1	1.004454E+1	-3.580986E-1	3.985991E+1	-1.994981E-3	-3.020451E-2	9.733611E-3	-7.979922E+1
1.320617E+4	3.997984E+1	3.962080E+1	1.004444E+1	-3.590407E-1	3.986016E+1	-1.992285E-3	-3.020451E-2	9.721843E-3	-7.969138E+1
1.332671E+4	3.997980E+1	3.961952E+1	1.004416E+1	-3.602847E-1	3.985971E+1	-1.999747E-3	-3.020451E-2	9.720574E-3	-7.998987E+1
1.344724E+4	3.997999E+1	3.962111E+1	1.004445E+1	-3.588781E-1	3.986037E+1	-2.000026E-3	-3.020451E-2	9.715536E-3	-8.000102E+1
1.356779E+4	3.997980E+1	3.961556E+1	1.004327E+1	-3.642443E-1	3.985839E+1	-1.994762E-3	-3.020451E-2	9.717162E-3	-7.979048E+1
1.368833E+4	3.997891E+1	3.961629E+1	1.004285E+1	-3.626207E-1	3.985804E+1	-1.998736E-3	-3.020451E-2	9.730878E-3	-7.994942E+1
1.380887E+4	3.997936E+1	3.961723E+1	1.004462E+1	-3.621327E-1	3.985865E+1	-1.993794E-3	-3.020451E-2	1.012111E-2	-7.975176E+1
1.392941E+4	3.997984E+1	3.961939E+1	1.004462E+1	-3.604566E-1	3.985969E+1	-1.994467E-3	-3.020451E-2	1.011077E-2	-7.977869E+1
1.404995E+4	3.998005E+1	3.962158E+1	1.004426E+1	-3.584721E-1	3.986056E+1	-1.994918E-3	-3.020451E-2	1.010509E-2	-7.979673E+1
1.417049E+4	3.998007E+1	3.962103E+1	1.004467E+1	-3.590454E-1	3.986039E+1	-1.992852E-3	-3.017795E-2	1.010280E-2	-7.971408E+1
1.429104E+4	3.998012E+1	3.962162E+1	1.004471E+1	-3.584946E-1	3.986062E+1	-1.992788E-3	-3.017795E-2	1.010052E-2	-7.971153E+1
1.441156E+4	3.997987E+1	3.961900E+1	1.004453E+1	-3.608725E-1	3.985958E+1	-2.002030E-3	-3.017795E-2	1.010299E-2	-8.008121E+1
1.453209E+4	3.997984E+1	3.962063E+1	1.004443E+1	-3.592169E-1	3.986010E+1	-1.995591E-3	-3.017819E-2	1.050312E-2	-7.982362E+1
1.465263E+4	3.997913E+1	3.962066E+1	1.004427E+1	-3.584760E-1	3.985964E+1	-1.998146E-3	-3.017819E-2	1.051430E-2	-7.992584E+1
1.477316E+4	3.997995E+1	3.962104E+1	1.004466E+1	-3.589133E-1	3.986031E+1	-1.998918E-3	-3.017795E-2	1.049780E-2	-7.995673E+1
1.489369E+4	3.997943E+1	3.961950E+1	1.004469E+1	-3.599308E-1	3.985946E+1	-1.994921E-3	-3.017819E-2	1.050503E-2	-7.979685E+1
1.501422E+4	3.997998E+1	3.961689E+1	1.004435E+1	-3.630896E-1	3.985895E+1	-1.998221E-3	-3.015090E-2	1.049385E-2	-7.992883E+1
1.513474E+4	3.998010E+1	3.961724E+1	1.004466E+1	-3.628639E-1	3.985915E+1	-1.997728E-3	-3.015090E-2	1.048948E-2	-7.990913E+1
1.525528E+4	3.997987E+1	3.961700E+1	1.004450E+1	-3.628690E-1	3.985891E+1	-1.994052E-3	-3.015090E-2	1.049216E-2	-7.976208E+1
1.537582E+4	3.998015E+1	3.961784E+1	1.004486E+1	-3.623118E-1	3.985938E+1	-1.997262E-3	-3.015090E-2	1.088483E-2	-7.989048E+1
1.549635E+4	3.998013E+1	3.962066E+1	1.004491E+1	-3.594742E-1	3.986030E+1	-1.998181E-3	-3.015090E-2	1.088329E-2	-7.992725E+1
1.561688E+4	3.997943E+1	3.961865E+1	1.004497E+1	-3.607839E-1	3.985917E+1	-1.993295E-3	-3.015090E-2	1.089396E-2	-7.973178E+1
1.573742E+4	3.998019E+1	3.962126E+1	1.004377E+1	-3.589323E-1	3.986055E+1	-1.991763E-3	-3.015090E-2	1.087872E-2	-7.967053E+1
1.585797E+4	3.997933E+1	3.961973E+1	1.004321E+1	-3.595939E-1	3.985946E+1	-1.992728E-3	-3.015090E-2	1.089221E-2	-7.970911E+1
1.597850E+4	3.998027E+1	3.962144E+1	1.004365E+1	-3.588220E-1	3.986066E+1	-1.993431E-3	-3.015090E-2	1.087378E-2	-7.973723E+1
1.609905E+4	3.998031E+1	3.962182E+1	1.004475E+1	-3.584925E-1	3.986081E+1	-1.994850E-3	-3.012409E-2	1.087132E-2	-7.979398E+1
1.621957E+4	3.998024E+1	3.962143E+1	1.004468E+1	-3.588016E-1	3.986064E+1	-1.999107E-3	-3.012409E-2	1.127032E-2	-7.996426E+1
1.634009E+4	3.997936E+1	3.979318E+1	1.004319E+1	-1.861757E-1	3.991730E+1	-1.994322E-3	-3.012409E-2	1.128425E-2	-7.977287E+1
1.646065E+4	3.997911E+1	3.979405E+1	1.004432E+1	-1.850633E-1	3.991743E+1	-1.995555E-3	-3.012409E-2	1.128665E-2	-7.982219E+1
1.658119E+4	3.998028E+1	3.979439E+1	1.004478E+1	-1.858930E-1	3.991832E+1	-2.002914E-3	-3.012409E-2	1.126414E-2	-8.011656E+1
1.670173E+4	3.998008E+1	3.979292E+1	1.004477E+1	-1.871557E-1	3.991769E+1	-1.999497E-3	-3.012434E-2	1.126604E-2	-7.997988E+1
1.682227E+4	3.997935E+1	3.979431E+1	1.004443E+1	-1.850447E-1	3.991767E+1	-1.998953E-3	-3.006683E-2	1.127676E-2	-7.995812E+1
1.694280E+4	3.998009E+1	3.979287E+1	1.004469E+1	-1.872221E-1	3.991768E+1	-2.003367E-3	-3.006683E-2	1.126194E-2	-8.013470E+1
1.706334E+4	3.997916E+1	3.979485E+1	1.004315E+1	-1.843136E-1	3.991772E+1	-1.997151E-3	-3.006683E-2	1.127682E-2	-7.988604E+1
1.718387E+4	3.997986E+1	3.979268E+1	1.004437E+1	-1.871836E-1	3.991747E+1	-2.001631E-3	-3.006683E-2	1.126236E-2	-8.006525E+1
1.730440E+4	3.997920E+1	3.979289E+1	1.004314E+1	-1.863121E-1	3.991710E+1	-2.001076E-3	-3.006683E-2	1.127242E-2	-8.004305E+1
1.742493E+4	3.998011E+1	3.979349E+1	1.004462E+1	-1.866183E-1	3.991790E+1	-1.998015E-3	-3.006683E-2	1.125453E-2	-7.992060E+1
1.754547E+4	3.997906E+1	3.979444E+1	1.004321E+1	-1.846160E-1	3.991752E+1	-2.004053E-3	-3.006683E-2	1.127135E-2	-8.016213E+1
1.766602E+4	3.998001E+1	3.979103E+1	1.004375E+1	-1.889839E-1	3.991702E+1	-2.003271E-3	-3.006683E-2	1.158643E-2	-8.013083E+1
1.778656E+4	3.997973E+1	3.978899E+1	1.004439E+1	-1.907394E-1	3.991615E+1	-2.002434E-3	-3.006683E-2	1.158976E-2	-8.009737E+1
1.790707E+4	3.997992E+1	3.979274E+1	1.004303E+1	-1.871757E-1	3.991753E+1	-2.003645E-3	-3.000956E-2	1.158448E-2	-8.014579E+1
1.802760E+4	3.997895E+1	3.979297E+1	1.004272E+1	-1.859842E-1	3.991696E+1	-1.996589E-3	-3.000956E-2	1.160004E-2	-7.986357E+1
1.814813E+4	3.997978E+1	3.979234E+1	1.004301E+1	-1.874399E-1	3.991730E+1	-2.002207E-3	-3.000956E-2	1.158334E-2	-8.008827E+1
1.826868E+4	3.997972E+1	3.979388E+1	1.004389E+1	-1.858412E-1	3.991777E+1	-2.005943E-3	-3.000956E-2	1.158296E-2	-8.023773E+1
1.838921E+4	3.997891E+1	3.979377E+1	1.004419E+1	-1.851463E-1	3.991720E+1	-2.001187E-3	-3.000956E-2	1.159511E-2	-8.004748E+1
1.850975E+4	3.997984E+1	3.961620E+1	1.004428E+1	-3.636327E-1	3.985862E+1	-1.998281E-3	-3.000956E-2	1.157695E-2	-7.993124E+1
1.863031E+4	3.997979E+1	3.961978E+1	9.992630E+0	-3.600178E-1	3.985979E+1	-2.000300E-3	-3.000956E-2	1.157624E-2	-8.001202E+1
1.875086E+4	3.997977E+1	3.962072E+1	9.991497E+0	-3.590594E-1	3.986009E+1	-1.990681E-3	-3.000956E-2	1.157439E-2	-7.962723E+1
1.887142E+4	3.997906E+1	3.979379E+1	9.992567E+0	-1.852701E-1	3.991731E+1	-2.001712E-3	-3.000956E-2	1.158557E-2	-8.006849E+1
1.899195E+4	3.997990E+1	3.979374E+1	1.004476E+1	-1.861631E-1	3.991785E+1	-1.998821E-3	-3.000956E-2	1.197253E-2	-7.995286E+1
1.911248E+4	3.997900E+1	3.979100E+1	9.992487E+0	-1.880001E-1	3.991634E+1	-2.004824E-3	-3.000956E-2	1.198704E-2	-8.019295E+1
1.923301E+4	3.997993E+1	3.962098E+1	1.004459E+1	-3.589454E-1	3.986028E+1	-1.992914E-3	-3.000956E-2	1.196864E-2	-7.971654E+1
1.935355E+4	3.997924E+1	3.962099E+1	9.992722E+0	-3.582423E-1	3.985982E+1	-1.997133E-3	-3.000956E-2	1.197900E-2	-7.988531E+1
1.947410E+4	3.997919E+1	3.961600E+1	9.992825E+0	-3.631907E-1	3.985813E+1	-1.995474E-3	-3.000956E-2	1.197828E-2	-7.981896E+1
1.959464E+4	3.998009E+1	3.961699E+1	9.992944E+0	-3.631026E-1	3.985906E+1	-1.996636E-3	-3.000956E-2	1.196053E-2	-7.986543E+1
1.971523E+4	3.997924E+1	3.961958E+1	9.992915E+0	-3.596674E-1	3.985936E+1	-2.000755E-3	-3.000956E-2	1.197374E-2	-8.003021E+1
1.983579E+4	3.997913E+1	3.961958E+1	9.992035E+0	-3.595466E-1	3.985928E+1	-1.994143E-3	-3.000956E-2	1.197390E-2	-7.976572E+1
1.995635E+4	3.997917E+1	3.962140E+1	9.992927E+0	-3.577683E-1	3.985991E+1	-2.000299E-3	-3.000956E-2	1.197120E-2	-8.001198E+1
2.007693E+4	3.998015E+1	3.962004E+1	1.004391E+1	-3.601086E-1	3.986011E+1	-2.002310E-3	-3.000956E-2	1.195202E-2	-8.009239E+1
2.019746E+4	3.998012E+1	3.979133E+1	1.004331E+1	-1.887962E-1	3.991719E+1	-2.004247E-3	-3.000956E-2	1.235483E-2	-8.016987E+1
2.031800E+4	3.998008E+1	3.961943E+1	1.004427E+1	-3.606505E-1	3.985987E+1	-1.996689E-3	-3.000956E-2	1.235356E-2	-7.986755E+1
2.043853E+4	3.997995E+1	3.961764E+1	9.991593E+0	-3.623107E-1	3.985918E+1	-1.999816E-3	-3.000956E-2	1.235455E-2	-7.999265E+1
2.055908E+4	3.997976E+1	3.962151E+1	9.992846E+0	-3.582470E-1	3.986034E+1	-1.997645E-3	-3.000956E-2	1.235593E-2	-7.990579E+1
2.067961E+4	3.997912E+1	3.961978E+1	9.993032E+0	-3.593350E-1	3.985934E+1	-1.993655E-3	-3.000956E-2	1.236565E-2	-7.974621E+1
2.080018E+4	3.997928E+1	3.962197E+1	9.992926E+0	-3.573085E-1	3.986018E+1	-1.997638E-3	-3.000956E-2	1.236084E-2	-7.990553E+1
2.092074E+4	3.997902E+1	3.962166E+1	1.004514E+1	-3.573644E-1	3.985990E+1	-2.000521E-3	-3.000956E-2	1.236345E-2	-8.002083E+1
2.104130E+4	3.997920E+1	3.962168E+1	9.993051E+0	-3.575174E-1	3.986003E+1	-2.001399E-3	-3.000956E-2	1.235879E-2	-8.005597E+1
2.116188E+4	3.998000E+1	3.961726E+1	9.992989E+0	-3.627470E-1	3.985909E+1	-1.993846E-3	-3.000956E-2	1.234256E-2	-7.975383E+1
2.128242E+4	3.997909E+1	3.962185E+1	9.993041E+0	-3.572367E-1	3.986001E+1	-1.993836E-3	-3.000956E-2	1.235686E-2	-7.975346E+1
2.140298E+4	3.997908E+1	3.962188E+1	9.992097E+0	-3.571990E-1	3.986001E+1	-1.997417E-3	-3.000956E-2	1.235561E-2	-7.989666E+1
2.152352E+4	3.998004E+1	3.962016E+1	9.991956E+0	-3.598842E-1	3.986008E+1	-1.997340E-3	-3.000956E-2	1.233652E-2	-7.989361E+1
2.164406E+4	4.003285E+1	3.962194E+1	9.992017E+0	-4.109134E-1	3.989588E+1	-1.999622E-3	-3.000956E-2	1.225966E-2	-7.998486E+1
2.176459E+4	3.998024E+1	3.961996E+1	9.991787E+0	-3.602801E-1	3.986014E+1	-1.992087E-3	-3.000956E-2	1.319572E-2	-7.968347E+1
2.188513E+4	3.997907E+1	3.962146E+1	9.991921E+0	-3.576116E-1	3.985986E+1	-2.000225E-3	-3.000956E-2	1.321433E-2	-8.000901E+1
2.200566E+4	3.998003E+1	3.961950E+1	9.992649E+0	-3.605307E-1	3.985985E+1	-1.991797E-3	-3.000956E-2	1.319581E-2	-7.967186E+1
2.212621E+4	3.997997E+1	3.961628E+1	9.992784E+0	-3.636897E-1	3.985874E+1	-1.998080E-3	-3.000956E-2	1.319519E-2	-7.992318E+1
2.224676E+4	3.998016E+1	3.962123E+1	1.004502E+1	-3.589277E-1	3.986052E+1	-1.993674E-3	-3.000956E-2	1.318977E-2	-7.974697E+1
2.236730E+4	3.998004E+1	3.961990E+1	1.004503E+1	-3.601431E-1	3.985999E+1	-1.999046E-3	-3.000956E-2	1.319017E-2	-7.996186E+1
2.248784E+4	3.998001E+1	3.962114E+1	1.004357E+1	-3.588703E-1	3.986039E+1	-1.998343E-3	-3.000956E-2	1.318877E-2	-7.993371E+1
2.260839E+4	3.997943E+1	3.962131E+1	1.004393E+1	-3.581217E-1	3.986006E+1	-2.000363E-3	-3.000956E-2	1.319733E-2	-8.001452E+1
2.272892E+4	3.998011E+1	3.961976E+1	1.004341E+1	-3.603494E-1	3.986000E+1	-1.997197E-3	-3.000956E-2	1.318328E-2	-7.988788E+1
2.284945E+4	3.998008E+1	3.962177E+1	1.004393E+1	-3.583098E-1	3.986065E+1	-1.991356E-3	-3.000956E-2	1.318211E-2	-7.965425E+1
2.296999E+4	3.997950E+1	3.961947E+1	1.004505E+1	-3.600241E-1	3.985949E+1	-1.993147E-3	-3.000956E-2	1.319088E-2	-7.972588E+1
2.309052E+4	3.998027E+1	3.962132E+1	1.004497E+1	-3.589558E-1	3.986062E+1	-1.996048E-3	-3.000956E-2	1.317506E-2	-7.984193E+1
2.321105E+4	3.998001E+1	3.961980E+1	1.004509E+1	-3.602138E-1	3.985994E+1	-1.992941E-3	-3.000956E-2	1.317822E-2	-7.971763E+1
2.333157E+4	3.997923E+1	3.962166E+1	1.004389E+1	-3.575717E-1	3.986004E+1	-1.999244E-3	-3.000956E-2	1.319021E-2	-7.996977E+1
2.345210E+4	3.998003E+1	3.962121E+1	1.004339E+1	-3.588154E-1	3.986042E+1	-1.994711E-3	-3.000956E-2	1.317436E-2	-7.978845E+1
2.357263E+4	3.997927E+1	3.961910E+1	1.004394E+1	-3.601668E-1	3.985921E+1	-1.991760E-3	-3.000956E-2	1.318570E-2	-7.967041E+1
2.369316E+4	3.998001E+1	3.961760E+1	1.004474E+1	-3.624081E-1	3.985920E+1	-1.998585E-3	-3.000956E-2	1.317104E-2	-7.994339E+1
2.381368E+4	3.998021E+1	3.962163E+1	1.004454E+1	-3.585859E-1	3.986068E+1	-1.990869E-3	-3.000956E-2	1.316567E-2	-7.963478E+1
2.393419E+4	3.997929E+1	3.962025E+1	1.004508E+1	-3.590400E-1	3.985961E+1	-1.993142E-3	-3.000956E-2	1.318010E-2	-7.972568E+1
2.405471E+4	3.997979E+1	3.962019E+1	1.004441E+1	-3.595960E-1	3.985992E+1	-1.995145E-3	-3.000956E-2	1.316932E-2	-7.980581E+1
2.417522E+4	3.997991E+1	3.961640E+1	1.004344E+1	-3.635124E-1	3.985874E+1	-1.991559E-3	-3.000956E-2	1.316550E-2	-7.966238E+1
2.429576E+4	3.997896E+1	3.961669E+1	1.004430E+1	-3.622646E-1	3.985820E+1	-1.997469E-3	-3.000956E-2	1.318048E-2	-7.989878E+1
2.441628E+4	3.997989E+1	3.961658E+1	1.004353E+1	-3.633143E-1	3.985879E+1	-1.993390E-3	-3.000956E-2	1.316212E-2	-7.973561E+1
2.453682E+4	3.997901E+1	3.961675E+1	1.004414E+1	-3.622592E-1	3.985825E+1	-2.001205E-3	-3.000956E-2	1.317619E-2	-8.004819E+1
2.465737E+4	3.997999E+1	3.962161E+1	1.004513E+1	-3.583769E-1	3.986053E+1	-1.993903E-3	-3.000956E-2	1.315701E-2	-7.975613E+1
2.477790E+4	3.997916E+1	3.961790E+1	1.004533E+1	-3.612520E-1	3.985874E+1	-1.998037E-3	-3.000956E-2	1.317012E-2	-7.992147E+1
2.489842E+4	3.998003E+1	3.961607E+1	1.004379E+1	-3.639645E-1	3.985871E+1	-1.992838E-3	-3.000956E-2	1.315260E-2	-7.971353E+1
2.501894E+4	3.998002E+1	3.962127E+1	1.004406E+1	-3.587477E-1	3.986044E+1	-1.996055E-3	-3.000956E-2	1.315086E-2	-7.984220E+1
2.513947E+4	3.997997E+1	3.961920E+1	1.004388E+1	-3.607736E-1	3.985971E+1	-1.995114E-3	-3.000956E-2	1.315021E-2	-7.980455E+1
2.526000E+4	3.997981E+1	3.962141E+1	1.004416E+1	-3.583991E-1	3.986034E+1	-1.994064E-3	-3.000956E-2	1.315143E-2	-7.976255E+1
2.538053E+4	3.998005E+1	3.962181E+1	1.004383E+1	-3.582429E-1	3.986064E+1	-1.999249E-3	-3.000956E-2	1.314489E-2	-7.996994E+1
2.550106E+4	3.997983E+1	3.961989E+1	1.004485E+1	-3.599419E-1	3.985985E+1	-1.997337E-3	-2.998251E-2	1.354897E-2	-7.989347E+1
2.562159E+4	3.997912E+1	3.962147E+1	1.004384E+1	-3.576473E-1	3.985991E+1	-1.997741E-3	-2.998251E-2	1.355991E-2	-7.990963E+1
2.574213E+4	3.998009E+1	3.962150E+1	1.004427E+1	-3.585900E-1	3.986056E+1	-1.999218E-3	-2.998251E-2	1.354093E-2	-7.996870E+1
2.586265E+4	3.997911E+1	3.962137E+1	1.004384E+1	-3.577433E-1	3.985986E+1	-1.991683E-3	-2.998251E-2	1.355621E-2	-7.966731E+1
2.598318E+4	3.997992E+1	3.961955E+1	1.004429E+1	-3.603686E-1	3.985980E+1	-2.001565E-3	-2.998251E-2	1.354003E-2	-8.006261E+1
2.610370E+4	3.997993E+1	3.961582E+1	1.004567E+1	-3.641104E-1	3.985856E+1	-1.997146E-3	-2.998226E-2	1.353850E-2	-7.988583E+1
2.622422E+4	3.997916E+1	3.961709E+1	1.004560E+1	-3.620665E-1	3.985847E+1	-1.997128E-3	-2.998226E-2	1.355021E-2	-7.988512E+1
2.634474E+4	3.998005E+1	3.961944E+1	1.004557E+1	-3.606159E-1	3.985985E+1	-2.001246E-3	-2.998251E-2	1.353260E-2	-8.004983E+1
2.646527E+4	3.997931E+1	3.962131E+1	1.004574E+1	-3.579980E-1	3.985997E+1	-1.999521E-3	-2.998251E-2	1.393851E-2	-7.998083E+1
2.658580E+4	3.998010E+1	3.962166E+1	1.004526E+1	-3.584449E-1	3.986062E+1	-1.997006E-3	-2.998251E-2	1.392259E-2	-7.988025E+1
2.670634E+4	3.997918E+1	3.962165E+1	1.004577E+1	-3.575281E-1	3.986000E+1	-1.999406E-3	-2.998251E-2	1.393741E-2	-7.997626E+1
2.682686E+4	3.998026E+1	3.962179E+1	1.004573E+1	-3.584689E-1	3.986077E+1	-1.992802E-3	-2.998251E-2	1.391584E-2	-7.971208E+1
2.694740E+4	3.997930E+1	3.962021E+1	1.004579E+1	-3.590901E-1	3.985960E+1	-1.994442E-3	-2.998226E-2	1.393151E-2	-7.977768E+1
2.706791E+4	3.997935E+1	3.962180E+1	1.004476E+1	-3.575559E-1	3.986017E+1	-2.000413E-3	-2.998251E-2	1.392836E-2	-8.001650E+1
2.718844E+4	3.998015E+1	3.962197E+1	1.004550E+1	-3.581742E-1	3.986076E+1	-1.991147E-3	-2.998251E-2	1.391276E-2	-7.964587E+1
2.730898E+4	3.997966E+1	3.962154E+1	1.004546E+1	-3.581225E-1	3.986029E+1	-1.995109E-3	-2.998251E-2	1.391951E-2	-7.980434E+1
2.742950E+4	3.998019E+1	3.962182E+1	1.004494E+1	-3.583714E-1	3.986074E+1	-1.996814E-3	-2.998251E-2	1.390829E-2	-7.987254E+1
2.755006E+4	3.998009E+1	3.962196E+1	1.004546E+1	-3.581283E-1	3.986071E+1	-2.000823E-3	-2.998251E-2	1.390824E-2	-8.003294E+1
2.767060E+4	3.997935E+1	3.962047E+1	1.004558E+1	-3.588870E-1	3.985973E+1	-1.994434E-3	-2.998251E-2	1.391984E-2	-7.977737E+1
2.779112E+4	3.998040E+1	3.962190E+1	1.004575E+1	-3.584974E-1	3.986090E+1	-1.999500E-3	-2.998251E-2	1.389933E-2	-7.998001E+1
2.791163E+4	3.998034E+1	3.961784E+1	1.004463E+1	-3.625010E-1	3.985951E+1	-1.994372E-3	-2.998226E-2	1.389857E-2	-7.977487E+1
2.803216E+4	3.997932E+1	3.961666E+1	1.004459E+1	-3.626634E-1	3.985843E+1	-1.996898E-3	-2.998251E-2	1.391509E-2	-7.987593E+1
2.815269E+4	3.998011E+1	3.961771E+1	1.004454E+1	-3.624046E-1	3.985931E+1	-1.994896E-3	-2.998251E-2	1.389906E-2	-7.979586E+1
2.827323E+4	3.997956E+1	3.961690E+1	1.004542E+1	-3.626672E-1	3.985868E+1	-1.992641E-3	-2.998226E-2	1.390708E-2	-7.970563E+1
2.839375E+4	3.998028E+1	3.962188E+1	1.004459E+1	-3.584003E-1	3.986081E+1	-1.998813E-3	-2.998251E-2	1.389266E-2	-7.995252E+1
2.851426E+4	3.998029E+1	3.962210E+1	1.004603E+1	-3.581981E-1	3.986089E+1	-1.996123E-3	-2.998226E-2	1.429034E-2	-7.984492E+1
2.863480E+4	3.997957E+1	3.962043E+1	1.004554E+1	-3.591345E-1	3.985986E+1	-1.994152E-3	-2.998251E-2	1.430130E-2	-7.976609E+1
2.875534E+4	3.998042E+1	3.962193E+1	1.004468E+1	-3.584864E-1	3.986092E+1	-1.995323E-3	-2.998251E-2	1.428419E-2	-7.981290E+1
2.887588E+4	3.998040E+1	3.961998E+1	1.004463E+1	-3.604176E-1	3.986026E+1	-1.994464E-3	-2.998251E-2	1.428289E-2	-7.977854E+1
2.899641E+4	3.998037E+1	3.962183E+1	1.004474E+1	-3.585482E-1	3.986086E+1	-1.996672E-3	-2.998251E-2	1.428160E-2	-7.986689E+1
2.911693E+4	3.998018E+1	3.962031E+1	1.004438E+1	-3.598774E-1	3.986022E+1	-1.995908E-3	-2.998251E-2	1.428329E-2	-7.983632E+1
2.923745E+4	3.998024E+1	3.962004E+1	1.004607E+1	-3.602050E-1	3.986018E+1	-1.998825E-3	-2.998251E-2	1.428050E-2	-7.995298E+1
2.935798E+4	3.997960E+1	3.962173E+1	1.004570E+1	-3.578690E-1	3.986031E+1	-2.000761E-3	-2.998251E-2	1.428973E-2	-8.003043E+1
2.947853E+4	3.998032E+1	3.962148E+1	1.004467E+1	-3.588375E-1	3.986071E+1	-1.995821E-3	-2.998251E-2	1.427548E-2	-7.983286E+1
2.959905E+4	3.997937E+1	3.962149E+1	1.004564E+1	-3.578788E-1	3.986007E+1	-1.993463E-3	-2.998251E-2	1.429029E-2	-7.973851E+1
2.971957E+4	3.998031E+1	3.961718E+1	1.004613E+1	-3.631294E-1	3.985927E+1	-1.996695E-3	-2.998251E-2	1.427203E-2	-7.986780E+1
2.984010E+4	3.998058E+1	3.961726E+1	1.004626E+1	-3.633164E-1	3.985947E+1	-1.998796E-3	-2.998251E-2	1.466418E-2	-7.995185E+1
2.996063E+4	3.998046E+1	3.961770E+1	1.004617E+1	-3.627628E-1	3.985954E+1	-1.993316E-3	-2.998251E-2	1.466451E-2	-7.973264E+1
3.008117E+4	3.997935E+1	3.962196E+1	1.004598E+1	-3.573918E-1	3.986022E+1	-1.994571E-3	-2.998251E-2	1.468272E-2	-7.978283E+1
3.020172E+4	3.998041E+1	3.961954E+1	1.004556E+1	-3.608666E-1	3.986012E+1	-1.994880E-3	-2.998251E-2	1.466212E-2	-7.979522E+1
3.032224E+4	3.997985E+1	3.962188E+1	1.004510E+1	-3.579779E-1	3.986053E+1	-1.995830E-3	-2.998226E-2	1.466978E-2	-7.983319E+1
3.044278E+4	3.998042E+1	3.962012E+1	1.004516E+1	-3.602938E-1	3.986032E+1	-2.000337E-3	-2.998226E-2	1.465833E-2	-8.001348E+1
3.056331E+4	3.997976E+1	3.962174E+1	1.004510E+1	-3.580213E-1	3.986042E+1	-1.992201E-3	-2.998251E-2	1.466831E-2	-7.968805E+1
3.068384E+4	3.998043E+1	3.961759E+1	1.004638E+1	-3.628398E-1	3.985949E+1	-1.993047E-3	-2.998251E-2	1.465433E-2	-7.972189E+1
3.080437E+4	3.997969E+1	3.961776E+1	1.004605E+1	-3.619220E-1	3.985905E+1	-1.995036E-3	-2.998226E-2	1.466571E-2	-7.980145E+1
3.092490E+4	3.998045E+1	3.961757E+1	1.004512E+1	-3.628775E-1	3.985949E+1	-1.994544E-3	-2.998251E-2	1.465047E-2	-7.978175E+1
3.104543E+4	3.997977E+1	3.944323E+1	1.004483E+1	-5.365471E-1	3.980093E+1	-1.987499E-3	-2.998226E-2	1.466073E-2	-7.949995E+1
3.116597E+4	3.998023E+1	3.961825E+1	1.004523E+1	-3.619835E-1	3.985957E+1	-1.990533E-3	-2.998251E-2	1.465087E-2	-7.962132E+1
3.128649E+4	3.997962E+1	3.961921E+1	1.004613E+1	-3.604122E-1	3.985948E+1	-1.996578E-3	-2.998251E-2	1.466011E-2	-7.986311E+1
3.140701E+4	3.997985E+1	3.944839E+1	1.004652E+1	-5.314616E-1	3.980269E+1	-1.983569E-3	-2.998251E-2	1.465384E-2	-7.934275E+1
3.152753E+4	3.998057E+1	3.944855E+1	1.004654E+1	-5.320175E-1	3.980323E+1	-1.996139E-3	-2.998251E-2	1.463952E-2	-7.984557E+1
3.164807E+4	3.997972E+1	3.944728E+1	1.004662E+1	-5.324366E-1	3.980224E+1	-1.990500E-3	-2.998251E-2	1.465267E-2	-7.962001E+1
3.176860E+4	3.998049E+1	3.962215E+1	1.004649E+1	-3.583383E-1	3.986105E+1	-1.992926E-3	-2.998251E-2	1.503712E-2	-7.971705E+1
3.188915E+4	3.998062E+1	3.962252E+1	1.004535E+1	-3.580977E-1	3.986125E+1	-1.998354E-3	-2.998251E-2	1.503269E-2	-7.993416E+1
3.200969E+4	3.997968E+1	3.962060E+1	1.004522E+1	-3.590858E-1	3.985999E+1	-1.992671E-3	-2.998251E-2	1.504788E-2	-7.970683E+1
3.213022E+4	3.998053E+1	3.962250E+1	1.004515E+1	-3.580299E-1	3.986118E+1	-1.997459E-3	-2.998251E-2	1.503091E-2	-7.989834E+1
3.225073E+4	3.998053E+1	3.962247E+1	1.004663E+1	-3.580586E-1	3.986117E+1	-2.000728E-3	-2.998251E-2	1.502920E-2	-8.002910E+1
3.237128E+4	3.998052E+1	3.962272E+1	1.004530E+1	-3.577984E-1	3.986126E+1	-2.000616E-3	-2.998251E-2	1.502732E-2	-8.002462E+1
3.249180E+4	3.998063E+1	3.944842E+1	1.004622E+1	-5.322048E-1	3.980323E+1	-1.989642E-3	-2.998251E-2	1.502347E-2	-7.958566E+1
3.261233E+4	3.997970E+1	3.944698E+1	1.004653E+1	-5.327265E-1	3.980213E+1	-1.988569E-3	-2.998251E-2	1.503853E-2	-7.954275E+1
3.273288E+4	3.997984E+1	3.944871E+1	9.993165E+0	-5.311261E-1	3.980279E+1	-1.995043E-3	-2.998251E-2	1.503444E-2	-7.980173E+1
3.285344E+4	3.998054E+1	3.944446E+1	9.994234E+0	-5.360789E-1	3.980184E+1	-1.994779E-3	-2.998251E-2	1.501974E-2	-7.979118E+1
3.297399E+4	3.998051E+1	3.962224E+1	9.994233E+0	-3.582723E-1	3.986109E+1	-1.997534E-3	-2.998251E-2	1.542150E-2	-7.990136E+1
3.309455E+4	3.998056E+1	3.962250E+1	9.993201E+0	-3.580592E-1	3.986121E+1	-1.994570E-3	-2.998226E-2	1.541923E-2	-7.978280E+1
3.321512E+4	3.998066E+1	3.961827E+1	9.994367E+0	-3.623918E-1	3.985987E+1	-1.993993E-3	-2.998226E-2	1.541544E-2	-7.975972E+1
3.333569E+4	3.998070E+1	3.962265E+1	9.993256E+0	-3.580539E-1	3.986135E+1	-1.991369E-3	-2.998251E-2	1.541281E-2	-7.965477E+1
3.345626E+4	3.998006E+1	3.961819E+1	9.994609E+0	-3.618640E-1	3.985944E+1	-1.991637E-3	-2.998251E-2	1.542260E-2	-7.966547E+1
3.357682E+4	3.997996E+1	3.962240E+1	9.993170E+0	-3.575602E-1	3.986077E+1	-1.999120E-3	-2.998251E-2	1.542283E-2	-7.996478E+1
3.369739E+4	3.997997E+1	3.962244E+1	9.994559E+0	-3.575315E-1	3.986079E+1	-1.999682E-3	-2.998251E-2	1.542050E-2	-7.998728E+1
3.381794E+4	3.998077E+1	3.961844E+1	9.993936E+0	-3.623383E-1	3.985999E+1	-1.994221E-3	-2.998251E-2	1.540470E-2	-7.976883E+1
3.393850E+4	3.998083E+1	3.962269E+1	9.993997E+0	-3.581422E-1	3.986145E+1	-1.992945E-3	-2.998251E-2	1.540197E-2	-7.971778E+1
3.405906E+4	3.998029E+1	3.944704E+1	9.994310E+0	-5.332486E-1	3.980254E+1	-1.988719E-3	-2.998251E-2	1.540950E-2	-7.954878E+1
3.417962E+4	3.998072E+1	3.944718E+1	9.993295E+0	-5.335447E-1	3.980287E+1	-1.997339E-3	-2.998251E-2	1.540029E-2	-7.989355E+1
3.430017E+4	3.998072E+1	3.944729E+1	9.994611E+0	-5.334359E-1	3.980291E+1	-1.992385E-3	-2.998251E-2	1.539827E-2	-7.969541E+1
3.442076E+4	3.997996E+1	3.962267E+1	9.993536E+0	-3.572898E-1	3.986086E+1	-1.991569E-3	-2.998251E-2	1.581208E-2	-7.966278E+1
3.454134E+4	3.997991E+1	3.962267E+1	9.994738E+0	-3.572440E-1	3.986083E+1	-1.996130E-3	-2.998251E-2	1.581143E-2	-7.984521E+1
3.466191E+4	3.998090E+1	3.962292E+1	9.993989E+0	-3.579819E-1	3.986158E+1	-1.992044E-3	-2.998251E-2	1.579180E-2	-7.968177E+1
3.478247E+4	3.997989E+1	3.962296E+1	9.994854E+0	-3.569322E-1	3.986092E+1	-1.995636E-3	-2.998251E-2	1.580811E-2	-7.982544E+1
3.490305E+4	3.998065E+1	3.944900E+1	9.994579E+0	-5.316508E-1	3.980343E+1	-1.990712E-3	-2.998251E-2	1.579288E-2	-7.962849E+1
3.502364E+4	3.997980E+1	3.961720E+1	9.993554E+0	-3.625978E-1	3.985894E+1	-1.988723E-3	-2.998251E-2	1.580609E-2	-7.954891E+1
3.514421E+4	3.997997E+1	3.944934E+1	9.994765E+0	-5.306213E-1	3.980309E+1	-1.985320E-3	-2.998251E-2	1.580146E-2	-7.941278E+1
3.526479E+4	3.998062E+1	3.944914E+1	9.994791E+0	-5.314801E-1	3.980346E+1	-1.987152E-3	-2.998251E-2	1.578813E-2	-7.948609E+1
3.538536E+4	3.998057E+1	3.944917E+1	9.994828E+0	-5.313980E-1	3.980344E+1	-1.994061E-3	-2.998251E-2	1.578700E-2	-7.976242E+1
3.550593E+4	3.998059E+1	3.944874E+1	9.994534E+0	-5.318449E-1	3.980331E+1	-1.994272E-3	-2.998251E-2	1.578502E-2	-7.977087E+1
3.562650E+4	3.998063E+1	3.944838E+1	9.994158E+0	-5.322447E-1	3.980321E+1	-1.991411E-3	-2.998251E-2	1.578256E-2	-7.965643E+1
3.574707E+4	3.998089E+1	3.944722E+1	9.994873E+0	-5.336725E-1	3.980300E+1	-1.992904E-3	-2.998251E-2	1.577568E-2	-7.971616E+1
3.586765E+4	3.998013E+1	3.944766E+1	9.993967E+0	-5.324691E-1	3.980264E+1	-1.994061E-3	-2.998251E-2	1.578764E-2	-7.976242E+1
3.598823E+4	3.998055E+1	3.944871E+1	9.994882E+0	-5.318393E-1	3.980327E+1	-1.991319E-3	-2.998251E-2	1.577832E-2	-7.965276E+1
3.610883E+4	3.998006E+1	3.944753E+1	9.994953E+0	-5.325307E-1	3.980255E+1	-1.984723E-3	-2.998251E-2	1.578532E-2	-7.938890E+1
3.622941E+4	3.998077E+1	3.944437E+1	9.995140E+0	-5.363990E-1	3.980197E+1	-1.992846E-3	-2.998251E-2	1.577103E-2	-7.971383E+1
3.635000E+4	3.998090E+1	3.962308E+1	9.993602E+0	-3.578204E-1	3.986163E+1	-1.992934E-3	-2.998251E-2	1.616928E-2	-7.971737E+1
3.647060E+4	3.997997E+1	3.962191E+1	9.994002E+0	-3.580667E-1	3.986062E+1	-1.999513E-3	-2.998226E-2	1.618392E-2	-7.998051E+1
3.659118E+4	3.998077E+1	3.962262E+1	9.994740E+0	-3.581498E-1	3.986139E+1	-1.999091E-3	-2.998251E-2	1.616800E-2	-7.996363E+1
3.671175E+4	3.998074E+1	3.962288E+1	9.994803E+0	-3.578552E-1	3.986145E+1	-1.990794E-3	-2.998226E-2	1.616660E-2	-7.963177E+1
3.683233E+4	3.998076E+1	3.962268E+1	9.993950E+0	-3.580757E-1	3.986140E+1	-1.997495E-3	-2.998251E-2	1.616431E-2	-7.989980E+1
3.695290E+4	3.998013E+1	3.961851E+1	9.995008E+0	-3.616222E-1	3.985959E+1	-1.992377E-3	-2.998251E-2	1.617400E-2	-7.969509E+1
3.707348E+4	3.998087E+1	3.962202E+1	9.994892E+0	-3.588443E-1	3.986125E+1	-1.990964E-3	-2.998251E-2	1.615924E-2	-7.963856E+1
3.719404E+4	3.998093E+1	3.961743E+1	9.995189E+0	-3.634989E-1	3.985976E+1	-1.992694E-3	-2.998251E-2	1.615620E-2	-7.970775E+1
3.731462E+4	3.998092E+1	3.962132E+1	9.994935E+0	-3.595959E-1	3.986105E+1	-1.998702E-3	-2.998226E-2	1.615463E-2	-7.994808E+1
3.743519E+4	3.998082E+1	3.961869E+1	9.994894E+0	-3.621248E-1	3.986011E+1	-1.999933E-3	-2.998251E-2	1.615476E-2	-7.999734E+1
3.755577E+4	3.998080E+1	3.962304E+1	9.995172E+0	-3.577636E-1	3.986155E+1	-1.998346E-3	-2.998226E-2	1.615301E-2	-7.993385E+1
3.767634E+4	3.998027E+1	3.962330E+1	9.994165E+0	-3.569731E-1	3.986128E+1	-1.999615E-3	-2.998251E-2	1.616058E-2	-7.998460E+1
3.779692E+4	3.998093E+1	3.961745E+1	9.994857E+0	-3.634879E-1	3.985977E+1	-1.993593E-3	-2.998251E-2	1.614729E-2	-7.974372E+1
3.791749E+4	3.998083E+1	3.962157E+1	9.994966E+0	-3.592564E-1	3.986108E+1	-1.998890E-3	-2.998251E-2	1.614700E-2	-7.995562E+1
3.803807E+4	3.998100E+1	3.961766E+1	9.994940E+0	-3.633387E-1	3.985989E+1	-1.992600E-3	-2.998251E-2	1.614248E-2	-7.970399E+1
3.815864E+4	3.998101E+1	3.962330E+1	9.995145E+0	-3.577106E-1	3.986177E+1	-1.999438E-3	-2.998251E-2	1.614057E-2	-7.997751E+1
3.827920E+4	3.998104E+1	3.944352E+1	9.995286E+0	-5.375204E-1	3.980187E+1	-1.988818E-3	-2.998226E-2	1.613808E-2	-7.955271E+1
3.839976E+4	3.998097E+1	3.962197E+1	9.995047E+0	-3.589985E-1	3.986131E+1	-1.995327E-3	-2.998251E-2	1.636374E-2	-7.981309E+1
3.852033E+4	3.998103E+1	3.962131E+1	9.995172E+0	-3.597112E-1	3.986112E+1	-1.997674E-3	-2.998251E-2	1.636084E-2	-7.990697E+1
3.864090E+4	3.998056E+1	3.962247E+1	9.995190E+0	-3.580911E-1	3.986119E+1	-1.993422E-3	-2.998251E-2	1.636750E-2	-7.973688E+1
3.876147E+4	3.998031E+1	3.962307E+1	9.995242E+0	-3.572389E-1	3.986123E+1	-1.992543E-3	-2.998251E-2	1.637021E-2	-7.970170E+1
3.888205E+4	3.998097E+1	3.962295E+1	9.995152E+0	-3.580190E-1	3.986163E+1	-2.002145E-3	-2.998251E-2	1.635650E-2	-8.008581E+1
3.900263E+4	3.998103E+1	3.961895E+1	9.994139E+0	-3.620808E-1	3.986034E+1	-1.999698E-3	-2.998251E-2	1.635364E-2	-7.998790E+1
3.912319E+4	3.998100E+1	3.962319E+1	9.995003E+0	-3.578079E-1	3.986173E+1	-1.996106E-3	-2.998251E-2	1.635261E-2	-7.984425E+1
3.924376E+4	3.998082E+1	3.961921E+1	9.994299E+0	-3.616018E-1	3.986028E+1	-1.997798E-3	-2.998251E-2	1.635386E-2	-7.991193E+1
3.936433E+4	3.998081E+1	3.962279E+1	9.995308E+0	-3.580137E-1	3.986147E+1	-1.994907E-3	-2.998251E-2	1.635229E-2	-7.979629E+1
3.948488E+4	3.998090E+1	3.962322E+1	9.995271E+0	-3.576812E-1	3.986167E+1	-1.997941E-3	-2.998251E-2	1.634895E-2	-7.991763E+1
3.960544E+4	3.998087E+1	3.961833E+1	9.995004E+0	-3.625460E-1	3.986002E+1	-1.997762E-3	-2.998251E-2	1.634723E-2	-7.991046E+1
3.972601E+4	3.998075E+1	3.962290E+1	9.995296E+0	-3.578553E-1	3.986147E+1	-2.000331E-3	-2.998251E-2	1.634788E-2	-8.001324E+1
3.984659E+4	3.998092E+1	3.961758E+1	9.995412E+0	-3.633462E-1	3.985981E+1	-1.998334E-3	-2.998251E-2	1.634294E-2	-7.993338E+1
3.996715E+4	3.998078E+1	3.962298E+1	9.995339E+0	-3.577969E-1	3.986151E+1	-2.000907E-3	-2.998251E-2	1.634381E-2	-8.003628E+1
4.008772E+4	3.998017E+1	3.961733E+1	9.995522E+0	-3.628410E-1	3.985922E+1	-2.001275E-3	-2.998251E-2	1.675330E-2	-8.005100E+1
4.020831E+4	3.998017E+1	3.962195E+1	9.994327E+0	-3.582174E-1	3.986076E+1	-1.992858E-3	-2.998251E-2	1.675118E-2	-7.971434E+1
4.032889E+4	3.998101E+1	3.944964E+1	9.995682E+0	-5.313686E-1	3.980388E+1	-1.989170E-3	-2.998251E-2	1.673476E-2	-7.956681E+1
4.044946E+4	3.998096E+1	3.944645E+1	9.995558E+0	-5.345103E-1	3.980279E+1	-1.989815E-3	-2.998226E-2	1.673393E-2	-7.959261E+1
4.057002E+4	3.998072E+1	3.944978E+1	9.995592E+0	-5.309474E-1	3.980374E+1	-1.996995E-3	-2.998251E-2	1.673589E-2	-7.987981E+1
4.069057E+4	3.998092E+1	3.944951E+1	9.994629E+0	-5.314098E-1	3.980379E+1	-1.989912E-3	-2.998226E-2	1.673089E-2	-7.959650E+1
4.081116E+4	3.998107E+1	3.944993E+1	9.995637E+0	-5.311419E-1	3.980402E+1	-1.993914E-3	-2.998251E-2	1.672636E-2	-7.975656E+1
4.093171E+4	3.998101E+1	3.944956E+1	9.994482E+0	-5.314512E-1	3.980386E+1	-1.986755E-3	-2.998251E-2	1.672567E-2	-7.947020E+1
4.105227E+4	3.998109E+1	3.944811E+1	9.995512E+0	-5.329800E-1	3.980343E+1	-1.987910E-3	-2.998251E-2	1.672230E-2	-7.951640E+1
4.117284E+4	3.998111E+1	3.944969E+1	9.994638E+0	-5.314241E-1	3.980397E+1	-1.989278E-3	-2.998251E-2	1.672049E-2	-7.957114E+1
4.129342E+4	3.998027E+1	3.944583E+1	9.995681E+0	-5.344354E-1	3.980213E+1	-1.992674E-3	-2.998251E-2	1.673350E-2	-7.970698E+1
4.141400E+4	3.998055E+1	3.944874E+1	9.995502E+0	-5.318116E-1	3.980328E+1	-1.995344E-3	-2.998226E-2	1.672676E-2	-7.981376E+1
4.153457E+4	3.998085E+1	3.944356E+1	9.995583E+0	-5.372947E-1	3.980176E+1	-1.995681E-3	-2.998226E-2	1.671944E-2	-7.982726E+1
4.165515E+4	3.998109E+1	3.944859E+1	9.995537E+0	-5.325022E-1	3.980359E+1	-1.989640E-3	-2.998251E-2	1.671345E-2	-7.958561E+1
4.177575E+4	3.998035E+1	3.944994E+1	9.995332E+0	-5.304085E-1	3.980355E+1	-1.992499E-3	-2.998251E-2	1.672476E-2	-7.969995E+1
4.189635E+4	3.998099E+1	3.944994E+1	9.995589E+0	-5.310494E-1	3.980397E+1	-1.984309E-3	-3.006220E-2	1.671188E-2	-7.937236E+1
4.201694E+4	3.998035E+1	3.944992E+1	9.994318E+0	-5.304386E-1	3.980354E+1	-1.988619E-3	-3.008900E-2	1.672128E-2	-7.954474E+1
4.213751E+4	3.998114E+1	3.945014E+1	9.995525E+0	-5.310005E-1	3.980414E+1	-1.993958E-3	-3.008924E-2	1.670540E-2	-7.975834E+1
4.225809E+4	3.998093E+1	3.944827E+1	9.995428E+0	-5.326660E-1	3.980338E+1	-1.993378E-3	-3.008900E-2	1.670729E-2	-7.973513E+1
4.237866E+4	3.998106E+1	3.944381E+1	9.994816E+0	-5.372429E-1	3.980198E+1	-1.986176E-3	-3.008900E-2	1.670341E-2	-7.944704E+1
4.249922E+4	4.003475E+1	3.962258E+1	9.995483E+0	-4.121689E-1	3.989736E+1	-1.993359E-3	-3.008900E-2	1.661419E-2	-7.973436E+1
4.261977E+4	4.003482E+1	3.962206E+1	9.995598E+0	-4.127580E-1	3.989723E+1	-1.991302E-3	-3.008900E-2	1.661102E-2	-7.965210E+1
4.274032E+4	4.003394E+1	3.962408E+1	9.995458E+0	-4.098538E-1	3.989732E+1	-1.995254E-3	-3.008924E-2	1.662509E-2	-7.981018E+1
4.286088E+4	4.003471E+1	3.962362E+1	9.995536E+0	-4.110898E-1	3.989768E+1	-1.992895E-3	-3.008924E-2	1.660965E-2	-7.971578E+1
4.298142E+4	4.003413E+1	3.962385E+1	9.995385E+0	-4.102798E-1	3.989737E+1	-1.997672E-3	-3.008900E-2	1.661803E-2	-7.990690E+1
4.310200E+4	4.003378E+1	3.944707E+1	9.994229E+0	-5.867120E-1	3.983821E+1	-1.990803E-3	-3.008900E-2	1.662227E-2	-7.963214E+1
4.322259E+4	4.003467E+1	3.944959E+1	9.995605E+0	-5.850801E-1	3.983965E+1	-1.995039E-3	-3.011581E-2	1.660490E-2	-7.980156E+1
4.334312E+4	4.003414E+1	3.944951E+1	9.995395E+0	-5.846248E-1	3.983926E+1	-1.996961E-3	-3.011581E-2	1.661247E-2	-7.987846E+1
4.346368E+4	3.998038E+1	3.944588E+1	9.995439E+0	-5.344922E-1	3.980221E+1	-1.995465E-3	-3.014237E-2	1.756892E-2	-7.981859E+1
4.358425E+4	3.998026E+1	3.944955E+1	9.995378E+0	-5.307135E-1	3.980336E+1	-1.989918E-3	-3.014237E-2	1.756925E-2	-7.959673E+1
4.370484E+4	3.998114E+1	3.944943E+1	9.995565E+0	-5.317022E-1	3.980390E+1	-1.986574E-3	-3.014213E-2	1.755173E-2	-7.946298E+1
4.382543E+4	3.998126E+1	3.944386E+1	9.995558E+0	-5.373987E-1	3.980213E+1	-1.992352E-3	-3.020159E-2	1.754785E-2	-7.969409E+1
4.394598E+4	3.998132E+1	3.944964E+1	9.995815E+0	-5.316852E-1	3.980409E+1	-1.986977E-3	-3.020159E-2	1.754499E-2	-7.947909E+1
4.406657E+4	3.998061E+1	3.961882E+1	9.995682E+0	-3.617822E-1	3.986001E+1	-1.996518E-3	-3.020159E-2	1.755582E-2	-7.986074E+1
4.418713E+4	3.998051E+1	3.962222E+1	9.995478E+0	-3.582878E-1	3.986108E+1	-1.988099E-3	-3.020159E-2	1.755589E-2	-7.952396E+1
4.430769E+4	3.998043E+1	3.962259E+1	9.994667E+0	-3.578438E-1	3.986115E+1	-1.992312E-3	-3.020159E-2	1.755523E-2	-7.969249E+1
4.442824E+4	3.998106E+1	3.961909E+1	9.995612E+0	-3.619735E-1	3.986041E+1	-1.990559E-3	-3.020159E-2	1.754206E-2	-7.962234E+1
4.454881E+4	3.998046E+1	3.944772E+1	9.994501E+0	-5.327345E-1	3.980288E+1	-1.988516E-3	-3.020159E-2	1.755141E-2	-7.954064E+1
4.466939E+4	3.998054E+1	3.944380E+1	9.995922E+0	-5.367441E-1	3.980163E+1	-1.988889E-3	-3.020159E-2	1.754796E-2	-7.955555E+1
4.478996E+4	3.998129E+1	3.944986E+1	9.995597E+0	-5.314319E-1	3.980414E+1	-1.994020E-3	-3.022888E-2	1.753293E-2	-7.976080E+1
4.491052E+4	3.998146E+1	3.944565E+1	9.996237E+0	-5.358107E-1	3.980286E+1	-1.991099E-3	-3.022888E-2	1.752810E-2	-7.964396E+1
4.503109E+4	3.998148E+1	3.945032E+1	9.995243E+0	-5.311585E-1	3.980443E+1	-1.995456E-3	-3.022888E-2	1.752581E-2	-7.981825E+1
4.515167E+4	3.998142E+1	3.944621E+1	9.996363E+0	-5.352132E-1	3.980301E+1	-1.993225E-3	-3.022888E-2	1.752526E-2	-7.972901E+1
4.527224E+4	3.998130E+1	3.962448E+1	9.995970E+0	-3.568180E-1	3.986236E+1	-1.999554E-3	-3.022888E-2	1.752573E-2	-7.998214E+1
4.539278E+4	3.998146E+1	3.962341E+1	9.996362E+0	-3.580505E-1	3.986211E+1	-1.991782E-3	-3.025544E-2	1.752079E-2	-7.967128E+1
4.551335E+4	3.998129E+1	3.962284E+1	9.995098E+0	-3.584466E-1	3.986180E+1	-1.992328E-3	-3.025544E-2	1.752228E-2	-7.969311E+1
4.563392E+4	3.998116E+1	3.962415E+1	9.996251E+0	-3.570085E-1	3.986215E+1	-1.992258E-3	-3.025544E-2	1.752288E-2	-7.969034E+1
4.575446E+4	3.998133E+1	3.962294E+1	9.996252E+0	-3.583874E-1	3.986187E+1	-1.993467E-3	-3.025544E-2	1.751756E-2	-7.973870E+1
4.587501E+4	3.998051E+1	3.961980E+1	9.996074E+0	-3.607061E-1	3.986028E+1	-1.991198E-3	-3.025544E-2	1.753047E-2	-7.964792E+1
4.599557E+4	3.998055E+1	3.962385E+1	9.996015E+0	-3.567033E-1	3.986165E+1	-1.996041E-3	-3.025544E-2	1.752833E-2	-7.984165E+1
4.611613E+4	3.998123E+1	3.962438E+1	9.995862E+0	-3.568432E-1	3.986228E+1	-1.991278E-3	-3.025544E-2	1.751428E-2	-7.965114E+1
4.623668E+4	3.998120E+1	3.944561E+1	9.995193E+0	-5.355902E-1	3.980267E+1	-1.985169E-3	-3.025544E-2	1.751298E-2	-7.940677E+1
4.635724E+4	3.998135E+1	3.944864E+1	9.996244E+0	-5.327127E-1	3.980378E+1	-1.991741E-3	-3.025544E-2	1.790852E-2	-7.966964E+1
4.647780E+4	3.998122E+1	3.944862E+1	9.995979E+0	-5.326067E-1	3.980369E+1	-1.994344E-3	-3.025544E-2	1.790913E-2	-7.977376E+1
4.659836E+4	3.998127E+1	3.944383E+1	9.995164E+0	-5.374464E-1	3.980212E+1	-1.990562E-3	-3.025544E-2	1.790654E-2	-7.962249E+1
4.671893E+4	3.998133E+1	3.944886E+1	9.996241E+0	-5.324670E-1	3.980384E+1	-1.994224E-3	-3.025544E-2	1.790364E-2	-7.976894E+1
4.683950E+4	3.998119E+1	3.944624E+1	9.995092E+0	-5.349442E-1	3.980287E+1	-1.989050E-3	-3.025544E-2	1.790445E-2	-7.956201E+1
4.696006E+4	3.998150E+1	3.944811E+1	9.996232E+0	-5.333842E-1	3.980370E+1	-1.989837E-3	-3.025544E-2	1.789692E-2	-7.959349E+1
4.708061E+4	3.998132E+1	3.944949E+1	9.996453E+0	-5.318251E-1	3.980404E+1	-1.995333E-3	-3.031320E-2	1.789823E-2	-7.981334E+1
4.720114E+4	3.998068E+1	3.944995E+1	1.004869E+1	-5.307339E-1	3.980377E+1	-1.995103E-3	-3.031344E-2	1.790806E-2	-7.980411E+1
4.732171E+4	3.998063E+1	3.944574E+1	9.996486E+0	-5.348877E-1	3.980233E+1	-1.988601E-3	-3.031320E-2	1.830800E-2	-7.954402E+1
4.744228E+4	3.998109E+1	3.945029E+1	9.996807E+0	-5.307956E-1	3.980415E+1	-1.989756E-3	-3.031320E-2	1.829782E-2	-7.959024E+1
4.756285E+4	3.998142E+1	3.944642E+1	9.996981E+0	-5.350005E-1	3.980309E+1	-1.991690E-3	-3.031344E-2	1.829014E-2	-7.966762E+1
4.768341E+4	3.998077E+1	3.945079E+1	9.997005E+0	-5.299848E-1	3.980411E+1	-1.992727E-3	-3.031320E-2	1.829981E-2	-7.970908E+1
4.780395E+4	3.998089E+1	3.944952E+1	9.996070E+0	-5.313754E-1	3.980377E+1	-1.986362E-3	-3.031320E-2	1.829593E-2	-7.945448E+1
4.792452E+4	3.998094E+1	3.944515E+1	9.996979E+0	-5.357934E-1	3.980234E+1	-1.992376E-3	-3.031320E-2	1.829310E-2	-7.969504E+1
4.804508E+4	3.998148E+1	3.944952E+1	9.996952E+0	-5.319553E-1	3.980416E+1	-1.986632E-3	-3.031320E-2	1.828181E-2	-7.946526E+1
4.816561E+4	3.998162E+1	3.945073E+1	9.996792E+0	-5.308904E-1	3.980466E+1	-1.991684E-3	-3.031344E-2	1.827758E-2	-7.966735E+1
4.828618E+4	3.998155E+1	3.945142E+1	9.996623E+0	-5.301274E-1	3.980484E+1	-1.989412E-3	-3.031320E-2	1.827693E-2	-7.957648E+1
4.840674E+4	3.998133E+1	3.962038E+1	9.996784E+0	-3.609517E-1	3.986101E+1	-1.999260E-3	-3.031320E-2	1.827910E-2	-7.997039E+1
4.852728E+4	3.998058E+1	3.962261E+1	9.996799E+0	-3.579660E-1	3.986126E+1	-1.990441E-3	-3.031320E-2	1.829078E-2	-7.961764E+1
4.864782E+4	3.998124E+1	3.962466E+1	9.995385E+0	-3.565806E-1	3.986238E+1	-1.996957E-3	-3.031320E-2	1.827732E-2	-7.987829E+1
4.876838E+4	3.998153E+1	3.962483E+1	9.996542E+0	-3.566941E-1	3.986263E+1	-1.997750E-3	-3.031320E-2	1.827027E-2	-7.990999E+1
4.888893E+4	3.998135E+1	3.945050E+1	9.996667E+0	-5.308523E-1	3.980440E+1	-1.987123E-3	-3.031320E-2	1.827169E-2	-7.948491E+1
4.900949E+4	3.998134E+1	3.944940E+1	9.995643E+0	-5.319367E-1	3.980403E+1	-1.992343E-3	-3.031320E-2	1.867057E-2	-7.969371E+1
4.913005E+4	3.998152E+1	3.945038E+1	9.996808E+0	-5.311378E-1	3.980447E+1	-1.993425E-3	-3.031344E-2	1.866567E-2	-7.973701E+1
4.925061E+4	3.998164E+1	3.944458E+1	9.996927E+0	-5.370657E-1	3.980262E+1	-1.990774E-3	-3.031320E-2	1.866196E-2	-7.963098E+1
4.937117E+4	3.998069E+1	3.944941E+1	9.995760E+0	-5.312795E-1	3.980359E+1	-1.988308E-3	-3.031320E-2	1.867684E-2	-7.953234E+1
4.949173E+4	3.998136E+1	3.944912E+1	9.997103E+0	-5.322423E-1	3.980395E+1	-1.991366E-3	-3.031320E-2	1.866334E-2	-7.965462E+1
4.961228E+4	3.998096E+1	3.944653E+1	9.997051E+0	-5.344225E-1	3.980282E+1	-1.993293E-3	-3.031320E-2	1.866860E-2	-7.973172E+1
4.973286E+4	3.998169E+1	3.962400E+1	9.996970E+0	-3.576811E-1	3.986246E+1	-1.990607E-3	-3.031320E-2	1.865391E-2	-7.962429E+1
4.985341E+4	3.998085E+1	3.962490E+1	9.996989E+0	-3.559448E-1	3.986220E+1	-1.994752E-3	-3.031320E-2	1.866716E-2	-7.979009E+1
4.997398E+4	3.998058E+1	3.962236E+1	9.996383E+0	-3.582174E-1	3.986117E+1	-1.998576E-3	-3.031320E-2	1.867021E-2	-7.994302E+1
5.009456E+4	3.998167E+1	3.962338E+1	9.996990E+0	-3.582951E-1	3.986224E+1	-1.999461E-3	-3.031320E-2	1.864875E-2	-7.997844E+1
5.021513E+4	3.998146E+1	3.962358E+1	9.996758E+0	-3.578788E-1	3.986216E+1	-1.994025E-3	-3.031320E-2	1.865092E-2	-7.976102E+1
5.033571E+4	3.998155E+1	3.944657E+1	9.995318E+0	-5.349813E-1	3.980323E+1	-1.992573E-3	-3.034073E-2	1.864727E-2	-7.970293E+1
5.045629E+4	3.998085E+1	3.945089E+1	9.997179E+0	-5.299546E-1	3.980419E+1	-1.991225E-3	-3.034073E-2	1.865814E-2	-7.964899E+1
5.057685E+4	3.998108E+1	3.944671E+1	9.997071E+0	-5.343683E-1	3.980296E+1	-1.987122E-3	-3.034073E-2	1.865222E-2	-7.948489E+1
5.069745E+4	3.998177E+1	3.944999E+1	9.995949E+0	-5.317798E-1	3.980451E+1	-1.993319E-3	-3.034073E-2	1.863779E-2	-7.973274E+1
5.081801E+4	3.998172E+1	3.944965E+1	9.997027E+0	-5.320654E-1	3.980436E+1	-1.993597E-3	-3.034073E-2	1.903832E-2	-7.974387E+1
5.093859E+4	3.998174E+1	3.962087E+1	9.996126E+0	-3.608695E-1	3.986145E+1	-1.991670E-3	-3.034049E-2	1.903621E-2	-7.966680E+1
5.105915E+4	3.998186E+1	3.962488E+1	1.004949E+1	-3.569782E-1	3.986287E+1	-1.990926E-3	-3.039898E-2	1.903215E-2	-7.963702E+1
5.117969E+4	3.998172E+1	3.962505E+1	9.997097E+0	-3.566720E-1	3.986283E+1	-1.994164E-3	-3.039898E-2	1.903296E-2	-7.976656E+1
5.130023E+4	3.998083E+1	3.962516E+1	1.004947E+1	-3.556668E-1	3.986227E+1	-1.997239E-3	-3.039898E-2	1.904692E-2	-7.988957E+1
5.142076E+4	3.998174E+1	3.962416E+1	1.004914E+1	-3.575818E-1	3.986255E+1	-1.995401E-3	-3.039922E-2	1.902866E-2	-7.981605E+1
5.154129E+4	3.998097E+1	3.962488E+1	1.004939E+1	-3.560969E-1	3.986227E+1	-1.993488E-3	-3.039898E-2	1.904068E-2	-7.973952E+1
5.166182E+4	3.998179E+1	3.962471E+1	1.004896E+1	-3.570796E-1	3.986277E+1	-1.993861E-3	-3.039898E-2	1.942864E-2	-7.975444E+1
5.178234E+4	3.998162E+1	3.962160E+1	1.004883E+1	-3.600231E-1	3.986161E+1	-1.989226E-3	-3.039922E-2	1.942975E-2	-7.956904E+1
5.190287E+4	3.998173E+1	3.962054E+1	1.004887E+1	-3.611894E-1	3.986133E+1	-1.995612E-3	-3.039898E-2	1.942590E-2	-7.982447E+1
5.202343E+4	3.998102E+1	3.962478E+1	1.004924E+1	-3.562341E-1	3.986227E+1	-1.998736E-3	-3.039898E-2	1.943684E-2	-7.994943E+1
5.214396E+4	3.998186E+1	3.944922E+1	9.996119E+0	-5.326368E-1	3.980431E+1	-1.991223E-3	-3.039898E-2	1.942018E-2	-7.964891E+1
5.226450E+4	3.998177E+1	3.945104E+1	9.995836E+0	-5.307352E-1	3.980486E+1	-1.986214E-3	-3.039898E-2	1.941972E-2	-7.944858E+1
5.238503E+4	3.998124E+1	3.944905E+1	9.995676E+0	-5.321865E-1	3.980384E+1	-1.994045E-3	-3.039922E-2	1.942778E-2	-7.976181E+1
5.250560E+4	3.998088E+1	3.961907E+1	9.997445E+0	-3.618125E-1	3.986028E+1	-1.997828E-3	-3.039898E-2	1.943222E-2	-7.991314E+1
5.262616E+4	3.998167E+1	3.962416E+1	9.997099E+0	-3.575029E-1	3.986250E+1	-1.992402E-3	-3.039922E-2	1.941651E-2	-7.969609E+1
5.274670E+4	3.998151E+1	3.962449E+1	9.996051E+0	-3.570263E-1	3.986251E+1	-1.996957E-3	-3.039898E-2	1.941752E-2	-7.987829E+1
5.286723E+4	3.998101E+1	3.962411E+1	9.996593E+0	-3.569006E-1	3.986205E+1	-1.997599E-3	-3.039898E-2	1.942424E-2	-7.990397E+1
5.298777E+4	3.998161E+1	3.962515E+1	9.996950E+0	-3.564612E-1	3.986279E+1	-1.992164E-3	-3.039922E-2	1.981419E-2	-7.968655E+1
5.310834E+4	3.998179E+1	3.962063E+1	1.004965E+1	-3.611540E-1	3.986140E+1	-1.997110E-3	-3.039922E-2	1.980911E-2	-7.988442E+1
5.322887E+4	3.998094E+1	3.962178E+1	1.004924E+1	-3.591588E-1	3.986122E+1	-1.993961E-3	-3.039898E-2	1.982250E-2	-7.975843E+1
5.334941E+4	3.998174E+1	3.962202E+1	9.997467E+0	-3.597221E-1	3.986184E+1	-1.998963E-3	-3.039898E-2	1.980652E-2	-7.995853E+1
5.346994E+4	3.998176E+1	3.962089E+1	1.004940E+1	-3.608709E-1	3.986147E+1	-1.994374E-3	-3.039898E-2	1.980398E-2	-7.977497E+1
5.359049E+4	3.998096E+1	3.962022E+1	1.004829E+1	-3.607328E-1	3.986071E+1	-1.992516E-3	-3.039898E-2	1.981687E-2	-7.970063E+1
5.371105E+4	3.998077E+1	3.962439E+1	9.997549E+0	-3.563849E-1	3.986198E+1	-1.990515E-3	-3.039898E-2	1.981825E-2	-7.962060E+1
5.383159E+4	3.998179E+1	3.945119E+1	9.997653E+0	-5.305991E-1	3.980492E+1	-1.986958E-3	-3.039898E-2	1.979839E-2	-7.947830E+1
5.395215E+4	3.998179E+1	3.944992E+1	9.997643E+0	-5.318676E-1	3.980450E+1	-1.988047E-3	-3.039922E-2	1.979669E-2	-7.952187E+1
5.407271E+4	3.998171E+1	3.962478E+1	9.997537E+0	-3.569331E-1	3.986273E+1	-1.999807E-3	-3.039898E-2	1.979592E-2	-7.999228E+1
5.419326E+4	3.998179E+1	3.962389E+1	9.997280E+0	-3.579040E-1	3.986249E+1	-1.998274E-3	-3.039898E-2	1.979272E-2	-7.993094E+1
5.431382E+4	3.998180E+1	3.962573E+1	9.996390E+0	-3.560701E-1	3.986311E+1	-1.997125E-3	-3.039898E-2	1.979112E-2	-7.988499E+1
5.443435E+4	3.998177E+1	3.962541E+1	9.996104E+0	-3.563611E-1	3.986298E+1	-1.997308E-3	-3.039922E-2	1.978971E-2	-7.989233E+1
5.455490E+4	3.998171E+1	3.944570E+1	9.996881E+0	-5.360070E-1	3.980304E+1	-1.986653E-3	-3.039898E-2	1.978885E-2	-7.946613E+1
5.467545E+4	3.998185E+1	3.945139E+1	9.997367E+0	-5.304599E-1	3.980503E+1	-1.987441E-3	-3.039898E-2	1.978494E-2	-7.949765E+1
5.479598E+4	3.998170E+1	3.945064E+1	9.997750E+0	-5.310567E-1	3.980468E+1	-1.993133E-3	-3.039898E-2	1.978540E-2	-7.972532E+1
5.491655E+4	3.998150E+1	3.945117E+1	9.997343E+0	-5.303342E-1	3.980472E+1	-1.990523E-3	-3.039922E-2	1.978716E-2	-7.962091E+1
5.503710E+4	3.998193E+1	3.944749E+1	9.997665E+0	-5.344355E-1	3.980378E+1	-1.989561E-3	-3.039898E-2	1.977815E-2	-7.958244E+1
5.515764E+4	3.998173E+1	3.962131E+1	9.997933E+0	-3.604135E-1	3.986159E+1	-1.994951E-3	-3.037241E-2	1.977974E-2	-7.979805E+1
5.527822E+4	4.003565E+1	3.962421E+1	9.996828E+0	-4.114396E-1	3.989851E+1	-1.996999E-3	-3.031490E-2	1.969131E-2	-7.987997E+1
5.539876E+4	4.003496E+1	3.962568E+1	9.996641E+0	-4.092804E-1	3.989853E+1	-1.999828E-3	-3.031027E-2	1.970198E-2	-7.999313E+1
5.551930E+4	4.003570E+1	3.962446E+1	9.997822E+0	-4.112365E-1	3.989862E+1	-1.992666E-3	-3.030564E-2	1.968684E-2	-7.970663E+1
5.563985E+4	3.998186E+1	3.961957E+1	9.997706E+0	-3.622911E-1	3.986110E+1	-1.992177E-3	-3.030564E-2	2.064490E-2	-7.968709E+1
5.576039E+4	3.998160E+1	3.962022E+1	9.997443E+0	-3.613823E-1	3.986114E+1	-1.993444E-3	-3.030564E-2	2.064764E-2	-7.973775E+1
5.588094E+4	4.003493E+1	3.962544E+1	9.997885E+0	-4.094851E-1	3.989843E+1	-1.997689E-3	-3.030564E-2	1.969522E-2	-7.990757E+1
5.600147E+4	3.998196E+1	3.945114E+1	9.997246E+0	-5.308245E-1	3.980502E+1	-1.989282E-3	-3.027932E-2	2.063746E-2	-7.957128E+1
5.612200E+4	3.998122E+1	3.945102E+1	9.997876E+0	-5.301970E-1	3.980448E+1	-1.991951E-3	-3.027932E-2	2.064884E-2	-7.967805E+1
5.624256E+4	3.998116E+1	3.945051E+1	9.997825E+0	-5.306514E-1	3.980428E+1	-1.988305E-3	-3.027932E-2	2.064833E-2	-7.953219E+1
5.636311E+4	3.998207E+1	3.945157E+1	9.997887E+0	-5.304959E-1	3.980524E+1	-1.988378E-3	-3.027932E-2	2.063026E-2	-7.953514E+1
5.648368E+4	3.998188E+1	3.945129E+1	9.996936E+0	-5.305955E-1	3.980502E+1	-1.992650E-3	-3.027932E-2	2.063182E-2	-7.970600E+1
5.660422E+4	3.998205E+1	3.962538E+1	9.996960E+0	-3.566671E-1	3.986316E+1	-1.997666E-3	-3.027932E-2	2.062712E-2	-7.990664E+1
5.672478E+4	3.998165E+1	3.962569E+1	9.997952E+0	-3.559599E-1	3.986299E+1	-1.993318E-3	-3.027932E-2	2.063238E-2	-7.973273E+1
5.684534E+4	3.998194E+1	3.962117E+1	9.997105E+0	-3.607723E-1	3.986168E+1	-1.993899E-3	-3.027932E-2	2.062526E-2	-7.975596E+1
5.696589E+4	3.998124E+1	3.962413E+1	9.996615E+0	-3.571143E-1	3.986221E+1	-1.991383E-3	-3.027932E-2	2.063618E-2	-7.965532E+1
5.708644E+4	3.998108E+1	3.962427E+1	9.997752E+0	-3.568178E-1	3.986214E+1	-1.992819E-3	-3.027957E-2	2.063708E-2	-7.971278E+1
5.720700E+4	3.998191E+1	3.962136E+1	9.997938E+0	-3.605543E-1	3.986173E+1	-1.991489E-3	-3.027932E-2	2.062062E-2	-7.965957E+1
5.732756E+4	3.998203E+1	3.962602E+1	9.997334E+0	-3.560049E-1	3.986336E+1	-1.995972E-3	-3.027932E-2	2.061688E-2	-7.983888E+1
5.744811E+4	3.998202E+1	3.962611E+1	9.997904E+0	-3.559110E-1	3.986338E+1	-1.995769E-3	-3.027932E-2	2.061482E-2	-7.983074E+1
5.756864E+4	3.998122E+1	3.962430E+1	9.997655E+0	-3.569238E-1	3.986225E+1	-2.001238E-3	-3.027932E-2	2.062732E-2	-8.004951E+1
5.768919E+4	3.998182E+1	3.962577E+1	9.997923E+0	-3.560528E-1	3.986313E+1	-1.989157E-3	-3.027932E-2	2.061519E-2	-7.956627E+1
5.780975E+4	3.998182E+1	3.962109E+1	9.996700E+0	-3.607305E-1	3.986158E+1	-1.998143E-3	-3.027932E-2	2.061293E-2	-7.992570E+1
5.793032E+4	3.998112E+1	3.962579E+1	9.997581E+0	-3.553361E-1	3.986268E+1	-1.996963E-3	-3.027932E-2	2.062397E-2	-7.987851E+1
5.805087E+4	3.998169E+1	3.962561E+1	9.997858E+0	-3.560784E-1	3.986300E+1	-1.992120E-3	-3.027932E-2	2.061207E-2	-7.968479E+1
5.817141E+4	3.998183E+1	3.962346E+1	9.996890E+0	-3.583623E-1	3.986237E+1	-1.992457E-3	-3.024326E-2	2.060750E-2	-7.969827E+1
5.829196E+4	3.998104E+1	3.962119E+1	9.997602E+0	-3.598521E-1	3.986109E+1	-1.991282E-3	-3.024301E-2	2.062004E-2	-7.965127E+1
5.841251E+4	3.998104E+1	3.962521E+1	9.997600E+0	-3.558352E-1	3.986243E+1	-1.994664E-3	-3.024326E-2	2.061827E-2	-7.978658E+1
5.853314E+4	3.998090E+1	3.962513E+1	9.997627E+0	-3.557677E-1	3.986231E+1	-1.997806E-3	-3.024301E-2	2.061897E-2	-7.991224E+1
