Temps(s)	Pc(MPa)	Pax(MPa)	Ppam(MPa)	Q(MPa)	Pmoy(MPa)	Defaxcapt	Defvolfluide	Defvolconf	Deplct(µm)
1.871000E+0	6.004583E+1	6.028470E+1	1.000319E+1	2.388663E-1	6.012546E+1	-5.665961E-7	0.000000E+0	-2.776262E-6	-2.261115E-2
2.982000E+0	6.004570E+1	6.027923E+1	1.000326E+1	2.335253E-1	6.012355E+1	1.141427E-5	0.000000E+0	-6.786417E-7	4.555091E-1
4.096000E+0	6.004576E+1	6.028458E+1	1.000316E+1	2.388160E-1	6.012537E+1	1.107997E-5	0.000000E+0	-1.604062E-6	4.421686E-1
5.216000E+0	6.004567E+1	6.028451E+1	1.000310E+1	2.388461E-1	6.012528E+1	4.073366E-5	0.000000E+0	-6.169470E-8	1.625558E+0
6.327000E+0	6.004570E+1	6.028417E+1	1.000213E+1	2.384627E-1	6.012519E+1	4.435396E-5	0.000000E+0	-6.786417E-7	1.770033E+0
7.447000E+0	6.004578E+1	6.028451E+1	1.000317E+1	2.387317E-1	6.012536E+1	4.577736E-5	0.000000E+0	-1.912536E-6	1.826837E+0
8.561000E+0	6.004566E+1	5.993710E+1	1.000340E+1	-1.085600E-1	6.000948E+1	5.081695E-5	0.000000E+0	0.000000E+0	2.027952E+0
9.674000E+0	6.004589E+1	5.994266E+1	1.000332E+1	-1.032319E-1	6.001148E+1	4.530746E-5	0.000000E+0	-9.877321E-7	1.808085E+0
1.079300E+1	6.004549E+1	5.994243E+1	1.000332E+1	-1.030615E-1	6.001114E+1	4.419712E-5	0.000000E+0	5.669631E-6	1.763774E+0
1.191000E+1	6.004565E+1	5.976870E+1	1.000231E+1	-2.769536E-1	5.995334E+1	4.837646E-5	0.000000E+0	3.016759E-6	1.930559E+0
1.302400E+1	6.004548E+1	5.976858E+1	1.000334E+1	-2.768970E-1	5.995318E+1	5.224533E-5	0.000000E+0	5.613601E-6	2.084954E+0
1.413900E+1	6.004579E+1	5.976343E+1	1.000301E+1	-2.823602E-1	5.995167E+1	5.871810E-5	0.000000E+0	7.957496E-7	2.343263E+0
1.525700E+1	6.004509E+1	5.976872E+1	1.000353E+1	-2.763640E-1	5.995296E+1	5.739586E-5	0.000000E+0	1.220927E-5	2.290496E+0
1.637000E+1	6.004501E+1	5.994236E+1	1.000341E+1	-1.026536E-1	6.001080E+1	5.239082E-5	0.000000E+0	1.314035E-5	2.090760E+0
1.748700E+1	6.004514E+1	6.045584E+1	1.000234E+1	4.107047E-1	6.018204E+1	3.723799E-5	0.000000E+0	1.116612E-5	1.486056E+0
1.860100E+1	6.004552E+1	6.045596E+1	1.000287E+1	4.104382E-1	6.018233E+1	3.744561E-5	0.000000E+0	5.237768E-6	1.494342E+0
1.972100E+1	6.004509E+1	6.045020E+1	1.000232E+1	4.051147E-1	6.018012E+1	3.501859E-5	0.000000E+0	1.196816E-5	1.397487E+0
2.083500E+1	6.004495E+1	6.045610E+1	1.000332E+1	4.111467E-1	6.018200E+1	2.907782E-5	0.000000E+0	3.070178E-6	1.160408E+0
2.195200E+1	6.004531E+1	6.045037E+1	1.000363E+1	4.050585E-1	6.018033E+1	2.785677E-5	0.000000E+0	8.507587E-6	1.111680E+0
2.307000E+1	6.004490E+1	6.063095E+1	1.000352E+1	5.860579E-1	6.024025E+1	2.663367E-5	0.000000E+0	3.974624E-6	1.062870E+0
2.418900E+1	6.004509E+1	6.079956E+1	1.000364E+1	7.544773E-1	6.029658E+1	2.117611E-5	0.000000E+0	1.196816E-5	8.450749E-1
2.530200E+1	6.004512E+1	6.063075E+1	1.000238E+1	5.856237E-1	6.024033E+1	2.983454E-5	0.000000E+0	1.159232E-5	1.190607E+0
2.641900E+1	6.004497E+1	6.063098E+1	1.000362E+1	5.860065E-1	6.024031E+1	3.078230E-5	0.000000E+0	2.768695E-6	1.228429E+0
2.753700E+1	6.004510E+1	6.062549E+1	1.000237E+1	5.803888E-1	6.023856E+1	3.477023E-5	0.000000E+0	1.154196E-5	1.387576E+0
2.865200E+1	6.004497E+1	6.063090E+1	1.000339E+1	5.859279E-1	6.024028E+1	3.174590E-5	0.000000E+0	2.828992E-6	1.266883E+0
2.976900E+1	6.004503E+1	6.044813E+1	1.000335E+1	4.030926E-1	6.017940E+1	3.638403E-5	0.000000E+0	1.259077E-5	1.451978E+0
3.088200E+1	6.004509E+1	6.045612E+1	1.000296E+1	4.110343E-1	6.018210E+1	3.444131E-5	0.000000E+0	1.190646E-5	1.374449E+0
3.200000E+1	6.004512E+1	6.045650E+1	1.000331E+1	4.113816E-1	6.018225E+1	3.401637E-5	0.000000E+0	1.141290E-5	1.357491E+0
3.311200E+1	6.004491E+1	6.045003E+1	1.000225E+1	4.051137E-1	6.017995E+1	3.815586E-5	0.000000E+0	3.432028E-6	1.522686E+0
3.422900E+1	6.004470E+1	6.063087E+1	1.000330E+1	5.861661E-1	6.024009E+1	2.638848E-5	0.000000E+0	6.989446E-6	1.053085E+0
3.534500E+1	6.004498E+1	6.062557E+1	1.000324E+1	5.805896E-1	6.023851E+1	2.504808E-5	0.000000E+0	2.587806E-6	9.995936E-1
3.646400E+1	6.004493E+1	6.063058E+1	1.000319E+1	5.856456E-1	6.024014E+1	2.513542E-5	0.000000E+0	3.190842E-6	1.003079E+0
3.758000E+1	6.004509E+1	6.062956E+1	1.000322E+1	5.844783E-1	6.023991E+1	3.190742E-5	0.000000E+0	1.196816E-5	1.273330E+0
3.869600E+1	6.004511E+1	6.079910E+1	1.000228E+1	7.539863E-1	6.029644E+1	2.716284E-5	0.000000E+0	1.135687E-5	1.083987E+0
3.981000E+1	6.004512E+1	6.079763E+1	1.000333E+1	7.525075E-1	6.029596E+1	2.001018E-5	0.000000E+0	1.141290E-5	7.985464E-1
4.092800E+1	6.004510E+1	6.062442E+1	1.000250E+1	5.793242E-1	6.023821E+1	2.644804E-5	0.000000E+0	1.178307E-5	1.055462E+0
4.204100E+1	6.004563E+1	6.079781E+1	1.000340E+1	7.521767E-1	6.029636E+1	2.428440E-5	0.000000E+0	2.904699E-6	9.691176E-1
4.315600E+1	6.004511E+1	6.079237E+1	1.000356E+1	7.472612E-1	6.029420E+1	2.900616E-5	0.000000E+0	1.135687E-5	1.157549E+0
4.427600E+1	6.009794E+1	6.079801E+1	1.000255E+1	7.000748E-1	6.033130E+1	3.028797E-5	0.000000E+0	-8.430530E-4	1.208702E+0
4.539000E+1	6.009810E+1	6.079805E+1	1.000335E+1	6.999472E-1	6.033141E+1	2.941430E-5	0.000000E+0	-1.301591E-3	1.173837E+0
4.650700E+1	6.004478E+1	6.062814E+1	1.000233E+1	5.833602E-1	6.023923E+1	3.010855E-5	0.000000E+0	-1.064703E-3	1.201542E+0
4.762200E+1	5.999138E+1	6.045437E+1	1.000328E+1	4.629939E-1	6.014571E+1	3.814097E-5	0.000000E+0	-2.418915E-4	1.522092E+0
4.874100E+1	5.999142E+1	6.044825E+1	1.000332E+1	4.568233E-1	6.014370E+1	4.032278E-5	0.000000E+0	-2.423739E-4	1.609161E+0
4.985600E+1	5.999136E+1	6.045441E+1	1.000332E+1	4.630418E-1	6.014571E+1	3.813744E-5	0.000000E+0	-2.416503E-4	1.521951E+0
5.096800E+1	5.999148E+1	6.062980E+1	1.000363E+1	6.383241E-1	6.020425E+1	3.476183E-5	0.000000E+0	-2.434592E-4	1.387240E+0
5.208500E+1	5.999120E+1	6.062972E+1	1.000249E+1	6.385125E-1	6.020404E+1	3.287006E-5	0.000000E+0	-2.393590E-4	1.311745E+0
5.320400E+1	5.999149E+1	6.062949E+1	1.000340E+1	6.380039E-1	6.020415E+1	3.191900E-5	0.000000E+0	-2.435798E-4	1.273792E+0
5.431600E+1	6.004549E+1	6.062440E+1	1.000261E+1	5.789025E-1	6.023846E+1	2.876883E-5	0.000000E+0	-1.086398E-3	1.148078E+0
5.543500E+1	5.999137E+1	6.062954E+1	1.000337E+1	6.381720E-1	6.020410E+1	3.261746E-5	0.000000E+0	-2.420120E-4	1.301665E+0
5.654700E+1	5.999132E+1	6.062661E+1	1.000331E+1	6.352905E-1	6.020308E+1	3.202908E-5	0.000000E+0	-2.411679E-4	1.278184E+0
5.766600E+1	6.004541E+1	6.062943E+1	1.000235E+1	5.840141E-1	6.024009E+1	3.836977E-5	0.000000E+0	-1.085102E-3	1.531223E+0
5.878100E+1	6.004561E+1	6.062920E+1	1.000339E+1	5.835894E-1	6.024014E+1	3.733266E-5	0.000000E+0	-1.088249E-3	1.489835E+0
5.989700E+1	6.004544E+1	6.079556E+1	1.000226E+1	7.501269E-1	6.029548E+1	2.556292E-5	0.000000E+0	-1.085714E-3	1.020139E+0
6.101800E+1	6.004550E+1	6.062972E+1	1.000333E+1	5.842141E-1	6.024024E+1	3.601005E-5	0.000000E+0	-1.086762E-3	1.437053E+0
6.213300E+1	6.004540E+1	6.062434E+1	1.000339E+1	5.789366E-1	6.023838E+1	3.499082E-5	0.000000E+0	-1.084917E-3	1.396379E+0
6.324800E+1	6.004539E+1	6.045452E+1	1.000328E+1	4.091370E-1	6.018177E+1	3.575471E-5	0.000000E+0	-1.084670E-3	1.426863E+0
6.438000E+1	6.004524E+1	6.045630E+1	1.000235E+1	4.110659E-1	6.018226E+1	3.423010E-5	0.000000E+0	-1.082505E-3	1.366021E+0
6.550700E+1	6.004493E+1	6.045642E+1	1.000338E+1	4.114823E-1	6.018209E+1	4.239644E-5	0.000000E+0	-1.088393E-3	1.691915E+0
6.662400E+1	6.004497E+1	6.062563E+1	1.000300E+1	5.806624E-1	6.023852E+1	3.156783E-5	0.000000E+0	-1.089177E-3	1.259777E+0
6.773900E+1	6.004511E+1	6.063069E+1	1.000331E+1	5.855853E-1	6.024030E+1	3.030142E-5	0.000000E+0	-1.080408E-3	1.209239E+0
6.885500E+1	6.004497E+1	6.079951E+1	1.000328E+1	7.545380E-1	6.029648E+1	3.294396E-5	0.000000E+0	-1.089177E-3	1.314695E+0
6.996500E+1	6.004504E+1	6.062903E+1	1.000223E+1	5.839889E-1	6.023970E+1	3.661999E-5	0.000000E+0	-1.079236E-3	1.461394E+0
7.108100E+1	6.009814E+1	6.062940E+1	1.000339E+1	5.312624E-1	6.027522E+1	2.734751E-5	0.000000E+0	-1.938026E-3	1.091357E+0
7.220200E+1	6.009834E+1	6.062426E+1	1.000237E+1	5.259176E-1	6.027365E+1	2.998869E-5	0.000000E+0	-2.399233E-3	1.196759E+0
7.331300E+1	6.004507E+1	6.045447E+1	1.000328E+1	4.093961E-1	6.018154E+1	3.400720E-5	0.000000E+0	-2.156124E-3	1.357125E+0
7.443100E+1	5.998899E+1	6.062440E+1	1.000337E+1	6.354136E-1	6.020080E+1	3.950456E-5	0.000000E+0	-1.303626E-3	1.576509E+0
7.554700E+1	5.999056E+1	6.062924E+1	1.000275E+1	6.386835E-1	6.020345E+1	4.269455E-5	0.000000E+0	-1.328649E-3	1.703812E+0
7.666200E+1	5.999050E+1	6.062967E+1	1.000334E+1	6.391761E-1	6.020356E+1	4.277852E-5	0.000000E+0	-1.327685E-3	1.707163E+0
7.777900E+1	5.999056E+1	6.062584E+1	1.000228E+1	6.352806E-1	6.020232E+1	4.132906E-5	0.000000E+0	-1.328710E-3	1.649319E+0
7.889600E+1	5.999121E+1	6.062932E+1	1.000329E+1	6.381097E-1	6.020391E+1	3.847897E-5	0.000000E+0	-1.338900E-3	1.535580E+0
8.000600E+1	6.004568E+1	6.078112E+1	1.000336E+1	7.354349E-1	6.029083E+1	3.168173E-5	0.000000E+0	-2.189204E-3	1.264323E+0
8.112100E+1	6.004549E+1	6.062962E+1	1.000340E+1	5.841276E-1	6.024020E+1	2.897286E-5	0.000000E+0	-2.186119E-3	1.156220E+0
8.224500E+1	6.004553E+1	6.062997E+1	1.000337E+1	5.844386E-1	6.024034E+1	3.323337E-5	0.000000E+0	-2.186675E-3	1.326244E+0
8.336000E+1	6.004564E+1	6.062963E+1	1.000194E+1	5.839866E-1	6.024030E+1	3.581955E-5	0.000000E+0	-2.188464E-3	1.429451E+0
8.447500E+1	6.004549E+1	6.062980E+1	1.000337E+1	5.843118E-1	6.024026E+1	3.634794E-5	0.000000E+0	-2.186299E-3	1.450537E+0
8.559500E+1	6.004564E+1	6.062396E+1	1.000233E+1	5.783184E-1	6.023842E+1	3.213194E-5	0.000000E+0	-2.188525E-3	1.282289E+0
8.671000E+1	6.009877E+1	6.079772E+1	1.000334E+1	6.989554E-1	6.033175E+1	3.219583E-5	0.000000E+0	-3.047686E-3	1.284839E+0
8.782700E+1	6.009899E+1	6.079214E+1	1.000340E+1	6.931484E-1	6.033004E+1	2.682482E-5	0.000000E+0	-3.513542E-3	1.070498E+0
8.894300E+1	6.004549E+1	6.079766E+1	1.000338E+1	7.521739E-1	6.029621E+1	3.323986E-5	0.000000E+0	-3.272036E-3	1.326503E+0
9.005900E+1	6.004565E+1	6.062969E+1	1.000334E+1	5.840328E-1	6.024033E+1	3.205857E-5	0.000000E+0	-3.296871E-3	1.279361E+0
9.117700E+1	6.004552E+1	6.079781E+1	1.000229E+1	7.522873E-1	6.029629E+1	2.747572E-5	0.000000E+0	-3.294773E-3	1.096473E+0
9.229600E+1	6.004528E+1	6.079781E+1	1.000356E+1	7.525238E-1	6.029613E+1	3.227267E-5	0.000000E+0	-3.291128E-3	1.287905E+0
9.340700E+1	6.009904E+1	6.079191E+1	1.000240E+1	6.928686E-1	6.032999E+1	2.715663E-5	0.000000E+0	-4.160227E-3	1.083739E+0
9.452500E+1	6.009878E+1	6.062712E+1	1.000331E+1	5.283407E-1	6.027489E+1	3.459320E-5	0.000000E+0	-4.621864E-3	1.380511E+0
9.564000E+1	6.004553E+1	6.045422E+1	1.000337E+1	4.086927E-1	6.018176E+1	4.176165E-5	0.000000E+0	-4.385697E-3	1.666582E+0
9.675600E+1	5.999126E+1	6.062945E+1	1.000196E+1	6.381924E-1	6.020399E+1	3.525368E-5	0.000000E+0	-3.561852E-3	1.406869E+0
9.787400E+1	5.999126E+1	6.079778E+1	1.000331E+1	8.065227E-1	6.026010E+1	3.903962E-5	0.000000E+0	-3.561852E-3	1.557954E+0
9.898900E+1	6.004564E+1	6.079385E+1	1.000233E+1	7.482023E-1	6.029504E+1	2.668170E-5	0.000000E+0	-4.410633E-3	1.064787E+0
1.001030E+2	6.004543E+1	6.079830E+1	1.000336E+1	7.528680E-1	6.029639E+1	3.443066E-5	0.000000E+0	-4.407240E-3	1.374024E+0
1.012220E+2	6.009888E+1	6.079229E+1	1.000358E+1	6.934030E-1	6.033002E+1	2.625022E-5	0.000000E+0	-5.271947E-3	1.047568E+0
1.023390E+2	6.009901E+1	6.079951E+1	1.000330E+1	7.004914E-1	6.033251E+1	3.116301E-5	0.000000E+0	-5.734573E-3	1.243622E+0
1.034490E+2	6.004562E+1	6.063119E+1	1.000317E+1	5.855671E-1	6.024081E+1	3.210696E-5	0.000000E+0	-5.494071E-3	1.281292E+0
1.045700E+2	6.004556E+1	6.063087E+1	1.000207E+1	5.853040E-1	6.024066E+1	3.905720E-5	0.000000E+0	-5.515810E-3	1.558656E+0
1.056870E+2	6.004557E+1	6.063147E+1	1.000316E+1	5.859082E-1	6.024087E+1	3.062276E-5	0.000000E+0	-5.515631E-3	1.222062E+0
1.068010E+2	6.004541E+1	6.062541E+1	1.000242E+1	5.799974E-1	6.023874E+1	3.998264E-5	0.000000E+0	-5.513101E-3	1.595587E+0
1.079150E+2	6.004546E+1	6.063068E+1	1.000317E+1	5.852210E-1	6.024053E+1	3.122330E-5	0.000000E+0	-5.513842E-3	1.246028E+0
1.090330E+2	6.004556E+1	6.079549E+1	1.000310E+1	7.499340E-1	6.029553E+1	2.999283E-5	0.000000E+0	-5.515446E-3	1.196924E+0
1.101480E+2	6.004535E+1	6.079952E+1	1.000256E+1	7.541644E-1	6.029674E+1	2.728255E-5	0.000000E+0	-5.512176E-3	1.088765E+0
1.112630E+2	6.009891E+1	6.063102E+1	1.000317E+1	5.321109E-1	6.027628E+1	3.394459E-5	0.000000E+0	-6.378370E-3	1.354627E+0
1.123770E+2	6.009911E+1	6.062593E+1	1.000219E+1	5.268120E-1	6.027472E+1	2.747716E-5	0.000000E+0	-6.843855E-3	1.096531E+0
1.134960E+2	6.009910E+1	6.079968E+1	1.000310E+1	7.005802E-1	6.033263E+1	3.301717E-5	0.000000E+0	-7.471049E-3	1.317616E+0
1.146120E+2	6.004552E+1	6.062561E+1	1.000315E+1	5.800805E-1	6.023888E+1	3.535384E-5	0.000000E+0	-7.381417E-3	1.410866E+0
1.157250E+2	5.999134E+1	6.063047E+1	1.000309E+1	6.391271E-1	6.020438E+1	4.256811E-5	0.000000E+0	-6.564024E-3	1.698765E+0
1.168420E+2	5.999138E+1	6.063041E+1	1.000304E+1	6.390276E-1	6.020439E+1	3.549369E-5	0.000000E+0	-6.564627E-3	1.416447E+0
1.179550E+2	6.004546E+1	6.062785E+1	1.000212E+1	5.823859E-1	6.023959E+1	3.656775E-5	0.000000E+0	-7.408399E-3	1.459309E+0
1.190720E+2	6.004540E+1	6.063058E+1	1.000319E+1	5.851842E-1	6.024046E+1	3.988715E-5	0.000000E+0	-7.407350E-3	1.591777E+0
1.201860E+2	6.004547E+1	6.062537E+1	1.000343E+1	5.799037E-1	6.023877E+1	3.087872E-5	0.000000E+0	-7.408763E-3	1.232277E+0
1.213030E+2	6.004551E+1	6.063064E+1	1.000335E+1	5.851349E-1	6.024055E+1	3.579144E-5	0.000000E+0	-7.409139E-3	1.428329E+0
1.224160E+2	6.009890E+1	6.063033E+1	1.000341E+1	5.314356E-1	6.027604E+1	3.991493E-5	0.000000E+0	-8.272556E-3	1.592885E+0
1.235370E+2	6.009895E+1	6.063057E+1	1.000244E+1	5.316124E-1	6.027616E+1	3.702445E-5	0.000000E+0	-8.736180E-3	1.477535E+0
1.246520E+2	6.004550E+1	6.063085E+1	1.000356E+1	5.853517E-1	6.024062E+1	3.434830E-5	0.000000E+0	-8.496440E-3	1.370738E+0
1.257650E+2	6.004548E+1	6.079400E+1	1.000266E+1	7.485180E-1	6.029498E+1	2.733068E-5	0.000000E+0	-8.519458E-3	1.090685E+0
1.268810E+2	6.004563E+1	6.063062E+1	1.000341E+1	5.849917E-1	6.024062E+1	2.994770E-5	0.000000E+0	-8.521864E-3	1.195123E+0
1.279960E+2	6.004553E+1	6.045585E+1	1.000333E+1	4.103233E-1	6.018230E+1	4.159797E-5	0.000000E+0	-8.520019E-3	1.660050E+0
1.291110E+2	6.004491E+1	6.079920E+1	1.000227E+1	7.542827E-1	6.029634E+1	3.205480E-5	0.000000E+0	-8.521399E-3	1.279211E+0
1.302260E+2	6.009788E+1	6.063114E+1	1.000358E+1	5.332560E-1	6.027563E+1	3.240138E-5	0.000000E+0	-9.366958E-3	1.293042E+0
1.313400E+2	6.009809E+1	6.079388E+1	1.000269E+1	6.957828E-1	6.033002E+1	1.966350E-5	0.000000E+0	-9.825878E-3	7.847113E-1
1.324570E+2	6.009792E+1	6.063056E+1	1.000283E+1	5.326424E-1	6.027547E+1	2.843076E-5	0.000000E+0	-1.043909E-2	1.134586E+0
1.335720E+2	6.004494E+1	6.063116E+1	1.000334E+1	5.862174E-1	6.024035E+1	2.884107E-5	0.000000E+0	-1.035483E-2	1.150961E+0
1.346850E+2	5.999044E+1	6.063099E+1	1.000235E+1	6.405530E-1	6.020396E+1	3.064753E-5	0.000000E+0	-9.521284E-3	1.223051E+0
1.358030E+2	5.999034E+1	6.063050E+1	1.000333E+1	6.401631E-1	6.020373E+1	3.471792E-5	0.000000E+0	-9.519717E-3	1.385488E+0
1.369190E+2	6.004490E+1	6.062392E+1	1.000229E+1	5.790239E-1	6.023790E+1	3.066430E-5	0.000000E+0	-1.038177E-2	1.223720E+0
1.380380E+2	6.004490E+1	6.063066E+1	1.000330E+1	5.857569E-1	6.024015E+1	2.811578E-5	0.000000E+0	-1.038184E-2	1.122016E+0
1.391530E+2	6.004502E+1	6.062553E+1	1.000337E+1	5.805132E-1	6.023853E+1	2.877521E-5	0.000000E+0	-1.037297E-2	1.148332E+0
1.402690E+2	6.004492E+1	6.079830E+1	1.000336E+1	7.533831E-1	6.029605E+1	2.231803E-5	0.000000E+0	-1.038244E-2	8.906458E-1
1.413840E+2	6.009789E+1	6.079776E+1	1.000340E+1	6.998732E-1	6.033118E+1	2.399374E-5	0.000000E+0	-1.122770E-2	9.575183E-1
1.425000E+2	6.009808E+1	6.079749E+1	1.000233E+1	6.994157E-1	6.033121E+1	2.054960E-5	0.000000E+0	-1.168818E-2	8.200729E-1
1.436180E+2	6.009896E+1	6.079525E+1	1.000341E+1	6.962864E-1	6.033106E+1	2.743142E-5	0.000000E+0	-1.231829E-2	1.094706E+0
1.447290E+2	6.004560E+1	6.044877E+1	1.000338E+1	4.031611E-1	6.017999E+1	3.155581E-5	0.000000E+0	-1.222404E-2	1.259298E+0
1.458420E+2	5.999129E+1	6.045430E+1	1.000333E+1	4.630031E-1	6.014563E+1	3.772247E-5	0.000000E+0	-1.140487E-2	1.505390E+0
1.469590E+2	5.999125E+1	6.045453E+1	1.000334E+1	4.632790E-1	6.014568E+1	4.094955E-5	0.000000E+0	-1.140415E-2	1.634174E+0
1.480740E+2	5.999113E+1	6.045433E+1	1.000233E+1	4.632036E-1	6.014553E+1	4.416827E-5	0.000000E+0	-1.140198E-2	1.762623E+0
1.491940E+2	6.004547E+1	6.062933E+1	1.000340E+1	5.838573E-1	6.024009E+1	2.974430E-5	0.000000E+0	-1.225033E-2	1.187006E+0
1.503090E+2	6.004566E+1	6.079230E+1	1.000253E+1	7.466371E-1	6.029454E+1	2.379229E-5	0.000000E+0	-1.225336E-2	9.494790E-1
1.514280E+2	6.004553E+1	6.062988E+1	1.000355E+1	5.843429E-1	6.024031E+1	3.059406E-5	0.000000E+0	-1.225108E-2	1.220917E+0
1.525440E+2	6.009905E+1	6.079431E+1	1.000340E+1	6.952569E-1	6.033080E+1	3.263577E-5	0.000000E+0	-1.311690E-2	1.302396E+0
1.536580E+2	6.009895E+1	6.079788E+1	1.000277E+1	6.989278E-1	6.033193E+1	2.526626E-5	0.000000E+0	-1.357745E-2	1.008301E+0
1.547750E+2	6.009904E+1	6.079802E+1	1.000359E+1	6.989878E-1	6.033203E+1	2.765050E-5	0.000000E+0	-1.420408E-2	1.103448E+0
1.558920E+2	6.009887E+1	6.079468E+1	1.000241E+1	6.958141E-1	6.033081E+1	2.428323E-5	0.000000E+0	-1.497437E-2	9.690710E-1
1.570050E+2	6.004562E+1	6.096945E+1	1.000333E+1	9.238312E-1	6.035357E+1	2.358296E-5	0.000000E+0	-1.503550E-2	9.411251E-1
1.581190E+2	6.004545E+1	6.079368E+1	1.000336E+1	7.482319E-1	6.029486E+1	2.378846E-5	0.000000E+0	-1.506666E-2	9.493260E-1
1.592380E+2	6.004567E+1	6.079914E+1	1.000330E+1	7.534737E-1	6.029683E+1	3.639264E-5	0.000000E+0	-1.507024E-2	1.452321E+0
1.603510E+2	6.009912E+1	6.097121E+1	1.000317E+1	8.720890E-1	6.038982E+1	1.614104E-5	0.000000E+0	-1.593446E-2	6.441407E-1
1.614660E+2	6.009897E+1	6.097133E+1	1.000213E+1	8.723568E-1	6.038975E+1	2.307778E-5	0.000000E+0	-1.639638E-2	9.209648E-1
1.625850E+2	6.009890E+1	6.097135E+1	1.000313E+1	8.724541E-1	6.038971E+1	2.406106E-5	0.000000E+0	-1.701801E-2	9.602045E-1
1.636970E+2	6.009871E+1	6.079411E+1	1.000311E+1	6.953989E-1	6.033051E+1	2.365193E-5	0.000000E+0	-1.778775E-2	9.438777E-1
1.648100E+2	6.009908E+1	6.097151E+1	1.000332E+1	8.724320E-1	6.038989E+1	2.625771E-5	0.000000E+0	-1.871413E-2	1.047866E+0
1.659270E+2	6.004549E+1	6.045666E+1	1.000323E+1	4.111633E-1	6.018255E+1	3.638288E-5	0.000000E+0	-1.892089E-2	1.451932E+0
1.670430E+2	5.999138E+1	6.079952E+1	1.000214E+1	8.081424E-1	6.026076E+1	2.877028E-5	0.000000E+0	-1.811689E-2	1.148135E+0
1.681630E+2	6.004560E+1	6.080027E+1	1.000322E+1	7.546645E-1	6.029716E+1	3.074612E-5	0.000000E+0	-1.896288E-2	1.226986E+0
1.692790E+2	6.004563E+1	6.079380E+1	1.000225E+1	7.481717E-1	6.029502E+1	2.657442E-5	0.000000E+0	-1.896331E-2	1.060505E+0
1.703950E+2	6.009898E+1	6.097102E+1	1.000311E+1	8.720403E-1	6.038966E+1	3.027570E-5	0.000000E+0	-1.982635E-2	1.208212E+0
1.715090E+2	6.015235E+1	6.096696E+1	1.000327E+1	8.146081E-1	6.042389E+1	1.963703E-5	0.000000E+0	-2.115084E-2	7.836550E-1
1.726210E+2	6.015295E+1	6.079973E+1	1.000259E+1	6.467839E-1	6.036854E+1	3.231597E-5	0.000000E+0	-2.228767E-2	1.289633E+0
1.737370E+2	6.004545E+1	6.045632E+1	1.000328E+1	4.108715E-1	6.018241E+1	3.262400E-5	0.000000E+0	-2.203655E-2	1.301926E+0
1.748570E+2	5.999145E+1	6.027899E+1	1.000230E+1	2.875439E-1	6.008730E+1	5.176556E-5	0.000000E+0	-2.124812E-2	2.065808E+0
1.759690E+2	5.993820E+1	6.045637E+1	1.000358E+1	5.181716E-1	6.011093E+1	4.016004E-5	0.000000E+0	-2.040650E-2	1.602667E+0
1.770860E+2	5.999150E+1	6.062558E+1	1.000365E+1	6.340870E-1	6.020286E+1	4.006671E-5	0.000000E+0	-2.087541E-2	1.598942E+0
1.782040E+2	5.999140E+1	6.063110E+1	1.000347E+1	6.397068E-1	6.020463E+1	3.384292E-5	0.000000E+0	-2.086010E-2	1.350570E+0
1.793210E+2	6.004560E+1	6.063096E+1	1.000366E+1	5.853638E-1	6.024072E+1	3.937519E-5	0.000000E+0	-2.170603E-2	1.571346E+0
1.804330E+2	6.004574E+1	6.063082E+1	1.000253E+1	5.850787E-1	6.024077E+1	3.036028E-5	0.000000E+0	-2.170832E-2	1.211588E+0
1.815520E+2	6.004552E+1	6.063108E+1	1.000309E+1	5.855589E-1	6.024070E+1	3.699550E-5	0.000000E+0	-2.170468E-2	1.476379E+0
1.826680E+2	6.009927E+1	6.062590E+1	1.000318E+1	5.266230E-1	6.027481E+1	3.555913E-5	0.000000E+0	-2.257432E-2	1.419058E+0
1.837820E+2	6.009807E+1	6.080012E+1	1.000364E+1	7.020533E-1	6.033209E+1	2.712951E-5	0.000000E+0	-2.301993E-2	1.082657E+0
1.848990E+2	6.009918E+1	6.080027E+1	1.000363E+1	7.010871E-1	6.033287E+1	3.023763E-5	0.000000E+0	-2.365490E-2	1.206693E+0
1.860120E+2	6.009915E+1	6.080009E+1	1.000249E+1	7.009412E-1	6.033280E+1	2.981851E-5	0.000000E+0	-2.442675E-2	1.189967E+0
1.871260E+2	6.004499E+1	6.079972E+1	1.000359E+1	7.547321E-1	6.029657E+1	2.954422E-5	0.000000E+0	-2.448581E-2	1.179021E+0
1.882470E+2	6.004503E+1	6.079420E+1	1.000246E+1	7.491696E-1	6.029476E+1	2.790396E-5	0.000000E+0	-2.450968E-2	1.113563E+0
1.893610E+2	6.004499E+1	6.080045E+1	1.000366E+1	7.554515E-1	6.029681E+1	2.855329E-5	0.000000E+0	-2.452010E-2	1.139476E+0
1.904750E+2	6.009816E+1	6.079383E+1	1.000358E+1	6.956682E-1	6.033005E+1	2.736745E-5	0.000000E+0	-2.536914E-2	1.092153E+0
1.915930E+2	6.009832E+1	6.097153E+1	1.000330E+1	8.732144E-1	6.038939E+1	2.762289E-5	0.000000E+0	-2.582985E-2	1.102347E+0
1.927040E+2	6.009813E+1	6.079758E+1	1.000367E+1	6.994470E-1	6.033128E+1	2.443530E-5	0.000000E+0	-2.644546E-2	9.751395E-1
1.938200E+2	6.009833E+1	6.079225E+1	1.000252E+1	6.939218E-1	6.032963E+1	3.202492E-5	0.000000E+0	-2.721325E-2	1.278018E+0
1.949330E+2	6.009819E+1	6.096955E+1	1.000359E+1	8.713627E-1	6.038864E+1	2.266589E-5	0.000000E+0	-2.812509E-2	9.045275E-1
1.960510E+2	6.004517E+1	6.079225E+1	1.000360E+1	7.470757E-1	6.029420E+1	2.679674E-5	0.000000E+0	-2.832880E-2	1.069377E+0
1.971670E+2	5.999048E+1	6.079794E+1	1.000330E+1	8.074602E-1	6.025964E+1	2.911213E-5	0.000000E+0	-2.751412E-2	1.161778E+0
1.982860E+2	6.004511E+1	6.079797E+1	1.000358E+1	7.528549E-1	6.029606E+1	2.964423E-5	0.000000E+0	-2.836687E-2	1.183012E+0
1.993980E+2	6.009810E+1	6.096696E+1	1.000251E+1	8.688569E-1	6.038772E+1	2.772618E-5	0.000000E+0	-2.922381E-2	1.106469E+0
2.005160E+2	6.009835E+1	6.097041E+1	1.000374E+1	8.720656E-1	6.038904E+1	2.226171E-5	0.000000E+0	-2.968690E-2	8.883980E-1
2.016310E+2	6.009884E+1	6.079300E+1	1.000373E+1	6.941549E-1	6.033023E+1	2.557765E-5	0.000000E+0	-3.031362E-2	1.020727E+0
2.027450E+2	6.009924E+1	6.063006E+1	1.000355E+1	5.308124E-1	6.027618E+1	3.023111E-5	0.000000E+0	-3.109191E-2	1.206433E+0
2.038630E+2	6.004586E+1	6.045500E+1	1.000366E+1	4.091398E-1	6.018224E+1	3.292091E-5	0.000000E+0	-3.115371E-2	1.313775E+0
2.049770E+2	5.999157E+1	6.028305E+1	1.000246E+1	2.914788E-1	6.008873E+1	4.694096E-5	0.000000E+0	-3.034101E-2	1.873273E+0
2.060940E+2	5.999162E+1	6.063005E+1	1.000367E+1	6.384287E-1	6.020443E+1	3.236699E-5	0.000000E+0	-3.034186E-2	1.291669E+0
2.072110E+2	6.004557E+1	6.079219E+1	1.000251E+1	7.466253E-1	6.029444E+1	2.108933E-5	0.000000E+0	-3.118368E-2	8.416117E-1
2.083260E+2	6.004585E+1	6.079803E+1	1.000354E+1	7.521801E-1	6.029658E+1	2.403861E-5	0.000000E+0	-3.118830E-2	9.593089E-1
2.094390E+2	6.009897E+1	6.079939E+1	1.000362E+1	7.004166E-1	6.033244E+1	2.822929E-5	0.000000E+0	-3.204734E-2	1.126546E+0
2.105570E+2	6.009912E+1	6.096957E+1	1.000278E+1	8.704491E-1	6.038927E+1	2.369314E-5	0.000000E+0	-3.251064E-2	9.455222E-1
2.116710E+2	6.015247E+1	6.096980E+1	1.000370E+1	8.173307E-1	6.042492E+1	2.604268E-5	0.000000E+0	-3.399792E-2	1.039285E+0
2.127890E+2	6.009893E+1	6.096402E+1	1.000247E+1	8.650827E-1	6.038730E+1	1.912831E-5	0.000000E+0	-3.441091E-2	7.633536E-1
2.139070E+2	6.009903E+1	6.097110E+1	1.000377E+1	8.720617E-1	6.038972E+1	1.703046E-5	0.000000E+0	-3.554406E-2	6.796347E-1
2.150210E+2	6.004570E+1	6.062625E+1	1.000375E+1	5.805534E-1	6.023921E+1	2.662822E-5	0.000000E+0	-3.594778E-2	1.062652E+0
2.161370E+2	5.993814E+1	6.063166E+1	1.000355E+1	6.935144E-1	6.016932E+1	3.376326E-5	0.000000E+0	-3.430630E-2	1.347391E+0
2.172520E+2	5.993817E+1	6.063180E+1	1.000335E+1	6.936238E-1	6.016938E+1	2.954091E-5	0.000000E+0	-3.361087E-2	1.178889E+0
2.183660E+2	6.004578E+1	6.079851E+1	1.000229E+1	7.527224E-1	6.029669E+1	2.100013E-5	0.000000E+0	-3.452349E-2	8.380522E-1
2.194850E+2	6.009906E+1	6.097155E+1	1.000327E+1	8.724876E-1	6.038989E+1	2.386865E-5	0.000000E+0	-3.535691E-2	9.525263E-1
2.205980E+2	6.015266E+1	6.096596E+1	1.000227E+1	8.133014E-1	6.042376E+1	2.597387E-5	0.000000E+0	-3.668551E-2	1.036539E+0
2.217150E+2	6.020663E+1	6.097160E+1	1.000325E+1	7.649668E-1	6.046162E+1	1.505369E-5	0.000000E+0	-3.868301E-2	6.007477E-1
2.228300E+2	6.015275E+1	6.045691E+1	1.000337E+1	3.041605E-1	6.025413E+1	2.942943E-5	0.000000E+0	-3.962081E-2	1.174440E+0
2.239450E+2	5.999164E+1	6.028490E+1	1.000271E+1	2.932611E-1	6.008939E+1	4.516268E-5	0.000000E+0	-3.888863E-2	1.802307E+0
2.250660E+2	5.988491E+1	6.063182E+1	1.000337E+1	7.469172E-1	6.013388E+1	3.009677E-5	0.000000E+0	-3.728523E-2	1.201072E+0
2.261820E+2	5.988474E+1	6.045085E+1	1.000231E+1	5.661101E-1	6.007344E+1	2.862828E-5	0.000000E+0	-3.645728E-2	1.142469E+0
2.272970E+2	5.999134E+1	6.080030E+1	1.000335E+1	8.089575E-1	6.026100E+1	2.589402E-5	0.000000E+0	-3.707057E-2	1.033353E+0
2.284110E+2	6.004568E+1	6.062602E+1	1.000331E+1	5.803424E-1	6.023913E+1	3.294069E-5	0.000000E+0	-3.787934E-2	1.314564E+0
2.295270E+2	6.009922E+1	6.080036E+1	1.000334E+1	7.011430E-1	6.033293E+1	2.071547E-5	0.000000E+0	-3.874516E-2	8.266922E-1
2.306410E+2	6.009922E+1	6.080039E+1	1.000288E+1	7.011718E-1	6.033294E+1	2.490611E-5	0.000000E+0	-3.920786E-2	9.939280E-1
2.317560E+2	6.015273E+1	6.062662E+1	1.000229E+1	4.738985E-1	6.031069E+1	2.688036E-5	0.000000E+0	-4.069894E-2	1.072715E+0
2.328710E+2	6.009899E+1	6.045663E+1	1.000334E+1	3.576448E-1	6.021820E+1	1.267512E-5	0.000000E+0	-4.110968E-2	5.058260E-1
2.339880E+2	5.999145E+1	6.062605E+1	1.000368E+1	6.346009E-1	6.020298E+1	2.190740E-5	0.000000E+0	-4.053248E-2	8.742587E-1
2.351040E+2	5.999128E+1	6.080079E+1	1.000332E+1	8.095076E-1	6.026112E+1	1.522226E-5	0.000000E+0	-4.057221E-2	6.074747E-1
2.362230E+2	5.999138E+1	6.063129E+1	1.000328E+1	6.399062E-1	6.020468E+1	1.490489E-5	0.000000E+0	-4.057377E-2	5.948093E-1
2.373410E+2	6.004558E+1	6.079961E+1	1.000302E+1	7.540296E-1	6.029693E+1	7.147433E-6	0.000000E+0	-4.141946E-2	2.852326E-1
2.384580E+2	6.009890E+1	6.079967E+1	1.000327E+1	7.007768E-1	6.033249E+1	9.561705E-6	0.000000E+0	-4.228170E-2	3.815790E-1
2.395740E+2	6.009900E+1	6.079420E+1	1.000234E+1	6.952030E-1	6.033073E+1	1.320363E-5	0.000000E+0	-4.274341E-2	5.269171E-1
2.406850E+2	6.009888E+1	6.079964E+1	1.000363E+1	7.007556E-1	6.033247E+1	9.325650E-6	0.000000E+0	-4.336340E-2	3.721587E-1
2.417990E+2	6.009911E+1	6.079745E+1	1.000358E+1	6.983399E-1	6.033189E+1	3.375046E-6	0.000000E+0	-4.413860E-2	1.346880E-1
2.429140E+2	6.004543E+1	6.080038E+1	1.000321E+1	7.549551E-1	6.029708E+1	1.115802E-5	0.000000E+0	-4.419505E-2	4.452829E-1
2.440320E+2	6.004563E+1	6.080046E+1	1.000367E+1	7.548315E-1	6.029724E+1	1.310046E-5	0.000000E+0	-4.423159E-2	5.228002E-1
2.451500E+2	6.004488E+1	6.079422E+1	1.000245E+1	7.493355E-1	6.029466E+1	1.135844E-5	0.000000E+0	-4.423088E-2	4.532814E-1
2.462650E+2	6.009893E+1	6.079934E+1	1.000335E+1	7.004143E-1	6.033240E+1	5.999888E-6	0.000000E+0	-4.509389E-2	2.394375E-1
2.473820E+2	6.009914E+1	6.096583E+1	1.000328E+1	8.666895E-1	6.038804E+1	1.978707E-6	0.000000E+0	-4.556342E-2	7.896425E-2
2.484970E+2	6.009881E+1	6.079961E+1	1.000361E+1	7.007992E-1	6.033241E+1	1.041077E-5	0.000000E+0	-4.618754E-2	4.154624E-1
2.496110E+2	6.009820E+1	6.079967E+1	1.000367E+1	7.014710E-1	6.033202E+1	1.202494E-5	0.000000E+0	-4.695454E-2	4.798792E-1
2.507260E+2	6.009819E+1	6.079860E+1	1.000255E+1	7.004139E-1	6.033166E+1	1.261223E-5	0.000000E+0	-4.787396E-2	5.033162E-1
2.518460E+2	6.004496E+1	6.080033E+1	1.000370E+1	7.553707E-1	6.029675E+1	1.272164E-5	0.000000E+0	-4.809064E-2	5.076827E-1
2.529540E+2	6.004488E+1	6.079466E+1	1.000362E+1	7.497825E-1	6.029481E+1	1.257641E-5	0.000000E+0	-4.812795E-2	5.018868E-1
2.540720E+2	6.004503E+1	6.079823E+1	1.000366E+1	7.531977E-1	6.029609E+1	8.357828E-6	0.000000E+0	-4.811927E-2	3.335358E-1
2.551900E+2	6.009812E+1	6.079794E+1	1.000359E+1	6.998247E-1	6.033139E+1	2.839200E-6	0.000000E+0	-4.897788E-2	1.133040E-1
2.563010E+2	6.009837E+1	6.062982E+1	1.000243E+1	5.314557E-1	6.027552E+1	8.271650E-6	0.000000E+0	-4.943904E-2	3.300967E-1
2.574190E+2	6.009798E+1	6.066915E+1	1.000363E+1	5.711700E-1	6.028837E+1	1.338046E-5	0.000000E+0	-5.005157E-2	5.339740E-1
2.585370E+2	6.004494E+1	6.044898E+1	1.000256E+1	4.040340E-1	6.017962E+1	2.068152E-5	0.000000E+0	-4.996747E-2	8.253376E-1
2.596500E+2	6.003515E+1	6.028331E+1	1.000369E+1	2.481587E-1	6.011787E+1	2.329110E-5	0.000000E+0	-4.984132E-2	9.294778E-1
2.607660E+2	5.999043E+1	6.028141E+1	1.000364E+1	2.909870E-1	6.008742E+1	3.031354E-5	0.000000E+0	-4.913441E-2	1.209722E+0
2.618860E+2	5.999050E+1	6.063005E+1	1.000358E+1	6.395502E-1	6.020368E+1	2.582224E-5	0.000000E+0	-4.913537E-2	1.030488E+0
2.630010E+2	6.004499E+1	6.063011E+1	1.000366E+1	5.851149E-1	6.024003E+1	2.543723E-5	0.000000E+0	-4.999695E-2	1.015124E+0
2.641160E+2	6.004573E+1	6.062473E+1	1.000245E+1	5.789942E-1	6.023873E+1	2.232220E-5	0.000000E+0	-4.999763E-2	8.908122E-1
2.652270E+2	6.009877E+1	6.079800E+1	1.000342E+1	6.992338E-1	6.033185E+1	1.273703E-5	0.000000E+0	-5.085561E-2	5.082966E-1
2.663440E+2	6.009918E+1	6.062948E+1	1.000371E+1	5.302979E-1	6.027595E+1	1.587155E-5	0.000000E+0	-5.132208E-2	6.333859E-1
2.674580E+2	6.009901E+1	6.079816E+1	1.000328E+1	6.991452E-1	6.033206E+1	1.795498E-5	0.000000E+0	-5.194451E-2	7.165294E-1
2.685720E+2	6.009866E+1	6.063023E+1	1.000362E+1	5.315687E-1	6.027585E+1	1.892822E-5	0.000000E+0	-5.271505E-2	7.553686E-1
2.696900E+2	6.004564E+1	6.079305E+1	1.000246E+1	7.474159E-1	6.029478E+1	1.158080E-5	0.000000E+0	-5.277662E-2	4.621549E-1
2.708090E+2	5.999124E+1	6.079826E+1	1.000366E+1	8.070176E-1	6.026025E+1	2.431337E-5	0.000000E+0	-5.196232E-2	9.702738E-1
2.719220E+2	6.004574E+1	6.062525E+1	1.000309E+1	5.795045E-1	6.023891E+1	1.953329E-5	0.000000E+0	-5.281300E-2	7.795150E-1
2.730370E+2	6.004572E+1	6.063170E+1	1.000372E+1	5.859764E-1	6.024104E+1	1.806230E-5	0.000000E+0	-5.281239E-2	7.208121E-1
2.741550E+2	6.009897E+1	6.080051E+1	1.000373E+1	7.015387E-1	6.033281E+1	1.564892E-5	0.000000E+0	-5.367383E-2	6.245013E-1
2.752690E+2	6.009905E+1	6.080019E+1	1.000240E+1	7.011422E-1	6.033277E+1	1.772727E-5	0.000000E+0	-5.413523E-2	7.074424E-1
2.763860E+2	6.009887E+1	6.063138E+1	1.000373E+1	5.325059E-1	6.027637E+1	1.924384E-5	0.000000E+0	-5.475531E-2	7.679639E-1
2.775040E+2	6.009898E+1	6.079460E+1	1.000247E+1	6.956211E-1	6.033086E+1	1.268625E-5	0.000000E+0	-5.552824E-2	5.062700E-1
2.786200E+2	6.004553E+1	6.080033E+1	1.000326E+1	7.548024E-1	6.029713E+1	1.315157E-5	0.000000E+0	-5.558556E-2	5.248398E-1
2.797380E+2	6.004549E+1	6.079475E+1	1.000303E+1	7.492624E-1	6.029524E+1	1.409642E-5	0.000000E+0	-5.561912E-2	5.625459E-1
2.808550E+2	6.004554E+1	6.063132E+1	1.000323E+1	5.857778E-1	6.024080E+1	1.962190E-5	0.000000E+0	-5.562022E-2	7.830513E-1
2.819680E+2	6.009882E+1	6.080043E+1	1.000330E+1	7.016051E-1	6.033269E+1	1.326600E-5	0.000000E+0	-5.648191E-2	5.294062E-1
2.830830E+2	6.009910E+1	6.096588E+1	1.000234E+1	8.667796E-1	6.038802E+1	6.726654E-6	0.000000E+0	-5.694736E-2	2.684406E-1
2.842010E+2	6.009906E+1	6.080054E+1	1.000321E+1	7.014760E-1	6.033289E+1	1.818666E-5	0.000000E+0	-5.757129E-2	7.257750E-1
2.853120E+2	6.004581E+1	6.148284E+1	1.000320E+1	1.437021E+0	6.052482E+1	-4.405870E-7	0.000000E+0	-5.748456E-2	-1.758251E-2
2.864260E+2	5.999126E+1	6.131782E+1	1.000334E+1	1.326566E+0	6.043345E+1	7.086100E-6	0.000000E+0	-5.666091E-2	2.827850E-1
2.875450E+2	5.999131E+1	6.131814E+1	1.000338E+1	1.326833E+0	6.043358E+1	8.588362E-6	0.000000E+0	-5.666169E-2	3.427358E-1
2.886570E+2	5.999125E+1	6.131506E+1	1.005415E+1	1.323807E+0	6.043252E+1	1.084913E-5	0.000000E+0	-5.666079E-2	4.329561E-1
2.897810E+2	5.999145E+1	6.131770E+1	1.005535E+1	1.326256E+0	6.043353E+1	5.703294E-6	1.519019E-5	-5.666392E-2	2.276014E-1
2.909000E+2	5.999122E+1	6.130959E+1	1.000212E+1	1.318363E+0	6.043068E+1	-5.908086E-7	4.243608E-5	-5.666061E-2	-2.357740E-2
2.920120E+2	5.999103E+1	6.131764E+1	1.000334E+1	1.326614E+0	6.043323E+1	8.646572E-6	4.340054E-5	-5.665729E-2	3.450588E-1
2.931310E+2	5.999128E+1	6.131246E+1	1.000318E+1	1.321179E+0	6.043168E+1	8.409560E-6	4.340054E-5	-5.666133E-2	3.356003E-1
2.942470E+2	5.999126E+1	6.131739E+1	1.000319E+1	1.326126E+0	6.043330E+1	-4.810890E-6	4.340054E-5	-5.666097E-2	-1.919882E-1
2.953600E+2	5.999135E+1	6.131747E+1	1.000321E+1	1.326125E+0	6.043339E+1	1.796604E-5	4.340054E-5	-5.666235E-2	7.169706E-1
2.964760E+2	5.999133E+1	6.131270E+1	1.000221E+1	1.321364E+0	6.043179E+1	3.880392E-6	4.340054E-5	-5.666211E-2	1.548548E-1
2.975910E+2	5.999128E+1	6.131804E+1	1.000329E+1	1.326761E+0	6.043354E+1	8.640840E-6	4.315943E-5	-5.666157E-2	3.448300E-1
2.987050E+2	5.999123E+1	6.131229E+1	1.000373E+1	1.321060E+0	6.043158E+1	5.435099E-6	4.315943E-5	-5.666091E-2	2.168985E-1
2.998260E+2	5.999132E+1	6.131755E+1	1.000325E+1	1.326234E+0	6.043340E+1	1.677914E-6	4.315943E-5	-5.666211E-2	6.696053E-2
3.009420E+2	5.999131E+1	6.131784E+1	1.000332E+1	1.326525E+0	6.043349E+1	9.353833E-6	4.340054E-5	-5.666223E-2	3.732834E-1
3.020590E+2	5.999107E+1	6.131769E+1	1.000233E+1	1.326626E+0	6.043327E+1	6.972895E-6	4.340054E-5	-5.665837E-2	2.782673E-1
3.031710E+2	5.999138E+1	6.131784E+1	1.000358E+1	1.326453E+0	6.043353E+1	5.918054E-7	4.340054E-5	-5.666314E-2	2.361718E-2
3.042880E+2	5.999110E+1	6.113686E+1	1.000253E+1	1.145753E+0	6.037302E+1	4.851364E-6	4.340054E-5	-5.665874E-2	1.936034E-1
3.054030E+2	5.999133E+1	6.097176E+1	1.000366E+1	9.804238E-1	6.031814E+1	7.971807E-6	4.315943E-5	-5.666259E-2	3.181309E-1
3.065160E+2	5.999058E+1	6.097170E+1	1.000366E+1	9.811139E-1	6.031762E+1	1.012491E-5	4.315943E-5	-5.665048E-2	4.040546E-1
3.076340E+2	5.999148E+1	6.097123E+1	1.000277E+1	9.797532E-1	6.031806E+1	9.377990E-6	4.315943E-5	-5.666465E-2	3.742474E-1
3.087460E+2	5.999056E+1	6.097120E+1	1.000375E+1	9.806437E-1	6.031744E+1	1.421453E-5	4.315943E-5	-5.665035E-2	5.672590E-1
3.098640E+2	5.999087E+1	6.096567E+1	1.000252E+1	9.748064E-1	6.031580E+1	1.734989E-5	4.340054E-5	-5.665524E-2	6.923820E-1
3.109840E+2	5.999142E+1	6.097189E+1	1.000364E+1	9.804645E-1	6.031825E+1	1.517747E-5	4.340054E-5	-5.666380E-2	6.056874E-1
3.120990E+2	5.999051E+1	6.096599E+1	1.000315E+1	9.754815E-1	6.031567E+1	1.047087E-5	4.340054E-5	-5.664957E-2	4.178611E-1
3.132130E+2	5.999056E+1	6.097178E+1	1.000367E+1	9.812192E-1	6.031763E+1	1.202069E-5	4.340054E-5	-5.665060E-2	4.797095E-1
3.143260E+2	5.999054E+1	6.097204E+1	1.000373E+1	9.814934E-1	6.031771E+1	1.625564E-5	4.340054E-5	-5.665011E-2	6.487138E-1
3.154450E+2	5.999033E+1	6.096650E+1	1.000256E+1	9.761655E-1	6.031572E+1	7.688905E-6	4.315943E-5	-5.664674E-2	3.068411E-1
3.165620E+2	5.999052E+1	6.097188E+1	1.000361E+1	9.813515E-1	6.031764E+1	1.099006E-5	4.315943E-5	-5.665005E-2	4.385803E-1
3.176740E+2	5.999059E+1	6.096581E+1	1.000306E+1	9.752156E-1	6.031566E+1	1.303663E-5	4.340054E-5	-5.665090E-2	5.202529E-1
3.187890E+2	5.999060E+1	6.097049E+1	1.000343E+1	9.798979E-1	6.031723E+1	1.691626E-5	4.340054E-5	-5.665096E-2	6.750770E-1
3.199060E+2	5.999031E+1	6.097019E+1	1.000365E+1	9.798753E-1	6.031694E+1	1.821848E-5	4.340054E-5	-5.664668E-2	7.270449E-1
3.210240E+2	5.999053E+1	6.096972E+1	1.000249E+1	9.791898E-1	6.031693E+1	1.630371E-5	4.340054E-5	-5.664993E-2	6.506323E-1
3.221410E+2	5.999060E+1	6.097047E+1	1.000366E+1	9.798769E-1	6.031722E+1	1.335539E-5	4.340054E-5	-5.665120E-2	5.329734E-1
3.232530E+2	5.999068E+1	6.096432E+1	1.000254E+1	9.736394E-1	6.031522E+1	1.648810E-5	4.340054E-5	-5.665247E-2	6.579908E-1
3.243720E+2	5.999058E+1	6.096935E+1	1.000340E+1	9.787739E-1	6.031684E+1	1.264831E-5	4.340054E-5	-5.665066E-2	5.047562E-1
3.254890E+2	5.999015E+1	6.096644E+1	1.000342E+1	9.762835E-1	6.031558E+1	9.519175E-6	4.315943E-5	-5.664420E-2	3.798817E-1
