Temps(s)	Pc(MPa)	Pax(MPa)	Ppam(MPa)	Q(MPa)	Pmoy(MPa)	Defaxcapt	Defvolfluide	Defvolconf	Deplct(µm)
2.253000E+0	6.009983E+1	2.561799E+2	1.000439E+1	1.960801E+2	1.254599E+2	9.834451E-6	0.000000E+0	-1.491107E-4	3.924634E-1
3.372000E+0	6.004650E+1	2.562159E+2	1.000448E+1	1.961694E+2	1.254363E+2	7.001722E-6	0.000000E+0	4.019656E-4	2.794177E-1
4.489000E+0	6.004639E+1	2.559360E+2	1.000436E+1	1.958896E+2	1.253429E+2	1.536058E-5	0.000000E+0	4.055606E-4	6.129948E-1
5.609000E+0	6.004554E+1	2.556430E+2	1.000393E+1	1.955974E+2	1.252447E+2	2.235593E-5	0.000000E+0	4.312116E-4	8.921582E-1
6.729000E+0	6.004554E+1	2.550671E+2	1.000420E+1	1.950215E+2	1.250527E+2	4.017648E-5	0.000000E+0	4.608949E-4	1.603323E+0
7.844000E+0	6.004546E+1	2.543516E+2	1.000300E+1	1.943061E+2	1.248142E+2	5.641373E-5	0.000000E+0	4.891187E-4	2.251303E+0
8.965000E+0	6.004544E+1	2.536417E+2	1.000392E+1	1.935963E+2	1.245775E+2	7.248415E-5	0.000000E+0	5.163747E-4	2.892625E+0
1.008600E+1	6.004562E+1	2.527767E+2	1.000294E+1	1.927311E+2	1.242893E+2	8.241836E-5	0.000000E+0	5.297812E-4	3.289070E+0
1.120100E+1	6.004539E+1	2.519914E+2	1.000411E+1	1.919460E+2	1.240274E+2	8.456554E-5	0.000000E+0	5.367565E-4	3.374757E+0
1.234700E+1	6.004601E+1	2.513625E+2	1.000418E+1	1.913165E+2	1.238182E+2	7.770083E-5	0.000000E+0	5.156921E-4	3.100807E+0
1.346700E+1	6.004634E+1	2.504705E+2	1.000429E+1	1.904242E+2	1.235211E+2	7.747120E-5	0.000000E+0	5.098805E-4	3.091643E+0
1.458600E+1	6.004635E+1	2.498906E+2	1.000360E+1	1.898442E+2	1.233278E+2	6.968168E-5	0.000000E+0	4.967823E-4	2.780787E+0
1.570300E+1	6.004612E+1	2.490327E+2	1.000430E+1	1.889866E+2	1.230416E+2	6.181214E-5	0.000000E+0	4.874376E-4	2.466737E+0
1.681900E+1	6.004615E+1	2.484479E+2	1.000313E+1	1.884018E+2	1.228467E+2	5.315436E-5	0.000000E+0	4.721584E-4	2.121231E+0
1.793700E+1	6.004603E+1	2.475891E+2	1.000436E+1	1.875430E+2	1.225604E+2	5.176372E-5	0.000000E+0	4.718780E-4	2.065735E+0
1.905700E+1	6.004626E+1	2.467320E+2	1.000319E+1	1.866857E+2	1.222748E+2	4.807228E-5	0.000000E+0	4.621453E-4	1.918420E+0
2.018200E+1	5.999208E+1	2.461528E+2	1.000431E+1	1.861607E+2	1.220457E+2	4.214928E-5	0.000000E+0	1.298093E-3	1.682051E+0
2.130200E+1	5.999178E+1	2.453183E+2	1.000310E+1	1.853266E+2	1.217673E+2	3.179116E-5	0.000000E+0	1.285604E-3	1.268690E+0
2.241900E+1	5.999191E+1	2.444722E+2	1.000432E+1	1.844803E+2	1.214853E+2	2.259317E-5	0.000000E+0	1.268112E-3	9.016255E-1
2.354100E+1	5.999107E+1	2.436015E+2	1.000324E+1	1.836104E+2	1.211945E+2	1.404639E-5	0.000000E+0	1.267020E-3	5.605493E-1
2.466400E+1	5.999106E+1	2.428487E+2	1.000433E+1	1.828576E+2	1.209436E+2	-3.519364E-6	0.000000E+0	1.238244E-3	-1.404473E-1
2.578300E+1	5.999141E+1	2.421866E+2	1.000434E+1	1.821952E+2	1.207231E+2	-1.192676E-5	0.000000E+0	1.218693E-3	-4.759614E-1
2.690200E+1	5.999139E+1	2.413064E+2	1.000408E+1	1.813150E+2	1.204297E+2	-2.432869E-5	0.000000E+0	1.198276E-3	-9.708851E-1
2.802500E+1	5.999125E+1	2.404384E+2	1.000406E+1	1.804471E+2	1.201403E+2	-2.967501E-5	0.000000E+0	1.191481E-3	-1.184241E+0
2.914400E+1	5.999153E+1	2.395835E+2	1.000409E+1	1.795920E+2	1.198555E+2	-3.812192E-5	0.000000E+0	1.172648E-3	-1.521332E+0
3.026400E+1	5.999103E+1	2.390056E+2	1.000414E+1	1.790145E+2	1.196625E+2	-5.404806E-5	0.000000E+0	1.154019E-3	-2.156896E+0
3.137900E+1	5.999215E+1	2.381505E+2	1.000299E+1	1.781584E+2	1.193783E+2	-6.285888E-5	0.000000E+0	1.121676E-3	-2.508509E+0
3.249900E+1	5.999232E+1	2.373007E+2	1.000399E+1	1.773083E+2	1.190951E+2	-7.453895E-5	0.000000E+0	1.099568E-3	-2.974626E+0
3.361800E+1	5.999214E+1	2.364316E+2	1.000299E+1	1.764395E+2	1.188053E+2	-8.470520E-5	0.000000E+0	1.085649E-3	-3.380330E+0
3.473900E+1	5.999210E+1	2.358643E+2	1.000434E+1	1.758722E+2	1.186162E+2	-9.992115E-5	0.000000E+0	1.061028E-3	-3.987553E+0
3.586400E+1	5.999218E+1	2.350047E+2	1.000313E+1	1.750125E+2	1.183297E+2	-1.124739E-4	0.000000E+0	1.038612E-3	-4.488498E+0
3.698500E+1	5.999188E+1	2.341549E+2	1.000428E+1	1.741630E+2	1.180462E+2	-1.307739E-4	0.000000E+0	1.012833E-3	-5.218793E+0
3.811000E+1	5.999208E+1	2.335807E+2	1.000421E+1	1.735887E+2	1.178550E+2	-1.461488E-4	0.000000E+0	9.842085E-4	-5.832361E+0
3.923200E+1	5.999209E+1	2.327138E+2	1.000439E+1	1.727217E+2	1.175660E+2	-1.551831E-4	0.000000E+0	9.691001E-4	-6.192890E+0
4.035400E+1	5.999203E+1	2.318464E+2	1.000310E+1	1.718543E+2	1.172768E+2	-1.647049E-4	0.000000E+0	9.538427E-4	-6.572880E+0
4.146900E+1	5.999183E+1	2.312688E+2	1.000431E+1	1.712770E+2	1.170842E+2	-1.850979E-4	0.000000E+0	9.231307E-4	-7.386702E+0
4.259100E+1	5.999123E+1	2.303979E+2	1.000328E+1	1.704067E+2	1.167935E+2	-1.901276E-4	0.000000E+0	9.242194E-4	-7.587421E+0
4.371000E+1	5.999173E+1	2.298316E+2	1.000453E+1	1.698399E+2	1.166050E+2	-2.101343E-4	0.000000E+0	8.828149E-4	-8.385831E+0
4.482700E+1	5.999132E+1	2.289654E+2	1.000333E+1	1.689741E+2	1.163160E+2	-2.181580E-4	0.000000E+0	8.759018E-4	-8.706031E+0
4.594700E+1	5.999119E+1	2.284093E+2	1.000441E+1	1.684181E+2	1.161305E+2	-2.333571E-4	0.000000E+0	8.525748E-4	-9.312581E+0
4.706400E+1	5.999138E+1	2.278320E+2	1.000433E+1	1.678406E+2	1.159383E+2	-2.545829E-4	0.000000E+0	8.142046E-4	-1.015964E+1
4.818100E+1	5.999114E+1	2.269679E+2	1.000430E+1	1.669768E+2	1.156501E+2	-2.625447E-4	0.000000E+0	8.049827E-4	-1.047737E+1
4.929800E+1	5.999113E+1	2.263985E+2	1.000379E+1	1.664073E+2	1.154602E+2	-2.750576E-4	0.000000E+0	7.842608E-4	-1.097672E+1
5.042300E+1	5.993813E+1	2.255787E+2	1.000411E+1	1.656405E+2	1.151516E+2	-2.898520E-4	0.000000E+0	1.597196E-3	-1.156712E+1
5.154600E+1	5.999130E+1	2.249740E+2	1.000415E+1	1.649827E+2	1.149855E+2	-3.048887E-4	0.000000E+0	1.102089E-3	-1.216720E+1
5.266700E+1	5.999216E+1	2.244010E+2	1.000425E+1	1.644089E+2	1.147951E+2	-3.172309E-4	0.000000E+0	1.081467E-3	-1.265973E+1
5.378900E+1	5.999231E+1	2.238372E+2	1.000439E+1	1.638449E+2	1.146073E+2	-3.296876E-4	0.000000E+0	1.058246E-3	-1.315684E+1
5.490600E+1	5.993866E+1	2.232833E+2	1.000320E+1	1.633446E+2	1.143869E+2	-3.469749E-4	0.000000E+0	1.877520E-3	-1.384673E+1
5.602600E+1	5.999218E+1	2.223827E+2	1.000440E+1	1.623905E+2	1.141223E+2	-3.474830E-4	0.000000E+0	1.405708E-3	-1.386700E+1
5.714400E+1	5.999226E+1	2.218008E+2	1.000318E+1	1.618085E+2	1.139284E+2	-3.655339E-4	0.000000E+0	1.389323E-3	-1.458736E+1
5.826400E+1	5.993870E+1	2.212737E+2	1.000438E+1	1.613350E+2	1.137170E+2	-3.824610E-4	0.000000E+0	2.207630E-3	-1.526287E+1
5.938300E+1	5.993864E+1	2.206902E+2	1.000324E+1	1.607516E+2	1.135225E+2	-3.941462E-4	0.000000E+0	2.562858E-3	-1.572919E+1
6.049900E+1	5.999225E+1	2.200935E+2	1.000437E+1	1.601013E+2	1.133593E+2	-4.097858E-4	0.000000E+0	2.131183E-3	-1.635332E+1
6.161700E+1	5.999241E+1	2.195164E+2	1.000440E+1	1.595240E+2	1.131671E+2	-4.178050E-4	0.000000E+0	2.132412E-3	-1.667335E+1
6.273700E+1	5.999220E+1	2.189587E+2	1.000441E+1	1.589665E+2	1.129810E+2	-4.310491E-4	0.000000E+0	2.113427E-3	-1.720188E+1
6.385700E+1	5.999176E+1	2.183744E+2	1.000440E+1	1.583827E+2	1.127860E+2	-4.434772E-4	0.000000E+0	2.099599E-3	-1.769785E+1
6.498400E+1	5.999228E+1	2.178058E+2	1.000436E+1	1.578135E+2	1.125968E+2	-4.556223E-4	0.000000E+0	2.071471E-3	-1.818252E+1
6.611000E+1	5.999125E+1	2.169504E+2	1.000298E+1	1.569591E+2	1.123110E+2	-4.622537E-4	0.000000E+0	2.076464E-3	-1.844716E+1
6.723500E+1	5.999124E+1	2.163830E+2	1.000408E+1	1.563918E+2	1.121218E+2	-4.743312E-4	0.000000E+0	2.056467E-3	-1.892914E+1
6.836300E+1	5.999182E+1	2.160925E+2	1.000299E+1	1.561006E+2	1.120254E+2	-4.950503E-4	0.000000E+0	2.013092E-3	-1.975597E+1
6.948900E+1	5.999189E+1	2.155270E+2	1.000432E+1	1.555351E+2	1.118369E+2	-5.026677E-4	0.000000E+0	1.999017E-3	-2.005996E+1
7.061200E+1	5.999218E+1	2.146786E+2	1.000307E+1	1.546864E+2	1.115543E+2	-5.119049E-4	0.000000E+0	1.979049E-3	-2.042859E+1
7.172800E+1	5.999213E+1	2.140921E+2	1.000429E+1	1.540999E+2	1.113588E+2	-5.211570E-4	0.000000E+0	1.964723E-3	-2.079781E+1
7.284400E+1	5.999229E+1	2.135097E+2	1.000322E+1	1.535174E+2	1.111647E+2	-5.362948E-4	0.000000E+0	1.936735E-3	-2.140191E+1
7.395900E+1	5.999206E+1	2.129372E+2	1.000436E+1	1.529452E+2	1.109738E+2	-5.481098E-4	0.000000E+0	1.920672E-3	-2.187342E+1
7.507700E+1	5.999233E+1	2.123675E+2	1.000436E+1	1.523751E+2	1.107840E+2	-5.605009E-4	0.000000E+0	1.895933E-3	-2.236791E+1
7.619700E+1	5.999226E+1	2.120756E+2	1.000429E+1	1.520834E+2	1.106867E+2	-5.776773E-4	0.000000E+0	1.868287E-3	-2.305337E+1
7.733700E+1	5.999180E+1	2.114074E+2	1.000317E+1	1.514156E+2	1.104637E+2	-5.907941E-4	0.000000E+0	1.853433E-3	-2.357682E+1
7.845600E+1	5.999233E+1	2.109241E+2	1.000430E+1	1.509317E+2	1.103029E+2	-5.982759E-4	0.000000E+0	1.832771E-3	-2.387539E+1
7.957600E+1	5.999126E+1	2.103473E+2	1.000313E+1	1.503560E+2	1.101099E+2	-6.147433E-4	0.000000E+0	1.821983E-3	-2.453256E+1
8.069700E+1	5.999136E+1	2.097884E+2	1.000409E+1	1.497970E+2	1.099237E+2	-6.233565E-4	0.000000E+0	1.806430E-3	-2.487629E+1
8.181700E+1	5.999150E+1	2.092005E+2	1.000334E+1	1.492090E+2	1.097278E+2	-6.350241E-4	0.000000E+0	1.784463E-3	-2.534191E+1
8.293800E+1	5.999136E+1	2.086391E+2	1.000404E+1	1.486477E+2	1.095406E+2	-6.481020E-4	0.000000E+0	1.765212E-3	-2.586381E+1
8.407400E+1	5.999241E+1	2.080576E+2	1.000322E+1	1.480652E+2	1.093475E+2	-6.574497E-4	0.000000E+0	1.732699E-3	-2.623684E+1
8.519700E+1	5.999183E+1	2.074950E+2	1.000430E+1	1.475032E+2	1.091596E+2	-6.658275E-4	0.000000E+0	1.728150E-3	-2.657118E+1
8.632200E+1	5.999225E+1	2.072074E+2	1.000414E+1	1.472152E+2	1.090640E+2	-6.861146E-4	0.000000E+0	1.687485E-3	-2.738077E+1
8.744900E+1	5.999124E+1	2.066373E+2	1.000440E+1	1.466461E+2	1.088733E+2	-6.939399E-4	0.000000E+0	1.690670E-3	-2.769306E+1
8.857300E+1	5.999109E+1	2.060643E+2	1.005639E+1	1.460732E+2	1.086821E+2	-7.073124E-4	0.000000E+0	1.670506E-3	-2.822672E+1
8.974800E+1	5.999122E+1	2.055008E+2	1.005644E+1	1.455096E+2	1.084944E+2	-7.197821E-4	1.687799E-5	1.647987E-3	-2.872435E+1
9.087500E+1	5.999120E+1	2.049001E+2	1.000295E+1	1.449089E+2	1.082942E+2	-7.245466E-4	4.484723E-5	1.640172E-3	-2.891448E+1
9.200000E+1	5.999183E+1	2.043395E+2	1.000408E+1	1.443477E+2	1.081077E+2	-7.380656E-4	4.581168E-5	1.607885E-3	-2.945398E+1
9.312000E+1	5.999181E+1	2.037506E+2	1.000298E+1	1.437587E+2	1.079114E+2	-7.481647E-4	4.581168E-5	1.591064E-3	-2.985701E+1
9.423700E+1	5.999113E+1	2.034763E+2	1.000402E+1	1.434852E+2	1.078195E+2	-7.640771E-4	4.581168E-5	1.575050E-3	-3.049203E+1
9.535500E+1	5.999220E+1	2.028914E+2	1.000358E+1	1.428992E+2	1.076253E+2	-7.696317E-4	4.581168E-5	1.549036E-3	-3.071369E+1
9.647400E+1	5.999216E+1	2.023285E+2	1.000410E+1	1.423364E+2	1.074376E+2	-7.850473E-4	4.581168E-5	1.523901E-3	-3.132888E+1
9.759200E+1	5.999186E+1	2.017576E+2	1.000405E+1	1.417657E+2	1.072471E+2	-7.950731E-4	4.581168E-5	1.512025E-3	-3.172898E+1
9.871300E+1	5.999223E+1	2.011886E+2	1.000435E+1	1.411964E+2	1.070577E+2	-8.039791E-4	4.581168E-5	1.491462E-3	-3.208439E+1
9.983200E+1	5.999229E+1	2.006213E+2	1.000438E+1	1.406290E+2	1.068686E+2	-8.195361E-4	4.557057E-5	1.464584E-3	-3.270523E+1
1.009520E+2	5.999195E+1	2.003326E+2	1.000400E+1	1.403407E+2	1.067722E+2	-8.349315E-4	4.557057E-5	1.444428E-3	-3.331961E+1
1.020740E+2	5.999233E+1	1.997612E+2	1.000437E+1	1.397689E+2	1.065820E+2	-8.474607E-4	4.557057E-5	1.417227E-3	-3.381961E+1
1.031980E+2	5.999215E+1	1.991847E+2	1.000421E+1	1.391925E+2	1.063897E+2	-8.516179E-4	4.581168E-5	1.413257E-3	-3.398552E+1
1.043190E+2	5.993868E+1	1.986538E+2	1.000427E+1	1.387151E+2	1.061770E+2	-8.674810E-4	4.581168E-5	2.231889E-3	-3.461856E+1
1.054470E+2	5.994987E+1	1.980671E+2	1.000430E+1	1.381172E+2	1.059889E+2	-8.853993E-4	4.581168E-5	2.399704E-3	-3.533363E+1
1.065720E+2	5.999132E+1	1.977449E+2	1.000339E+1	1.377536E+2	1.059092E+2	-8.962049E-4	4.581168E-5	2.085242E-3	-3.576485E+1
1.077080E+2	5.999221E+1	1.971864E+2	1.000435E+1	1.371942E+2	1.057236E+2	-9.085066E-4	4.581168E-5	2.065349E-3	-3.625577E+1
1.088310E+2	5.999178E+1	1.968945E+2	1.000264E+1	1.369027E+2	1.056260E+2	-9.227611E-4	4.581168E-5	2.048661E-3	-3.682463E+1
1.099510E+2	5.999229E+1	1.963387E+2	1.000433E+1	1.363465E+2	1.054411E+2	-9.310711E-4	4.581168E-5	2.026860E-3	-3.715625E+1
1.110720E+2	5.999205E+1	1.957381E+2	1.000303E+1	1.357461E+2	1.052407E+2	-9.380362E-4	4.557057E-5	2.018997E-3	-3.743421E+1
1.121960E+2	5.999220E+1	1.954561E+2	1.000425E+1	1.354639E+2	1.051468E+2	-9.525998E-4	4.557057E-5	1.992387E-3	-3.801540E+1
1.133190E+2	5.999223E+1	1.948713E+2	1.000299E+1	1.348790E+2	1.049519E+2	-9.645365E-4	4.557057E-5	1.971720E-3	-3.849176E+1
1.144460E+2	5.999110E+1	1.943049E+2	1.000422E+1	1.343138E+2	1.047624E+2	-9.682018E-4	4.557057E-5	1.983463E-3	-3.863803E+1
1.155690E+2	5.999094E+1	1.937313E+2	1.000394E+1	1.337404E+2	1.045711E+2	-9.773405E-4	4.557057E-5	1.970894E-3	-3.900273E+1
1.166940E+2	5.999119E+1	1.931608E+2	1.000406E+1	1.331696E+2	1.043810E+2	-9.840276E-4	4.581168E-5	1.955776E-3	-3.926959E+1
1.178150E+2	5.999209E+1	1.928774E+2	1.000394E+1	1.328853E+2	1.042872E+2	-1.002571E-3	4.581168E-5	1.910658E-3	-4.000960E+1
1.189370E+2	5.999176E+1	1.923035E+2	1.000408E+1	1.323117E+2	1.040957E+2	-1.013489E-3	4.581168E-5	1.897900E-3	-4.044529E+1
1.200540E+2	5.999189E+1	1.917288E+2	1.000296E+1	1.317369E+2	1.039042E+2	-1.023785E-3	4.581168E-5	1.878639E-3	-4.085618E+1
1.211740E+2	5.999189E+1	1.911647E+2	1.005639E+1	1.311729E+2	1.037162E+2	-1.034083E-3	4.581168E-5	1.861546E-3	-4.126716E+1
1.223130E+2	5.999213E+1	1.908751E+2	1.005637E+1	1.308830E+2	1.036198E+2	-1.045959E-3	7.064644E-5	1.837665E-3	-4.174107E+1
1.234420E+2	5.999124E+1	1.902871E+2	1.000315E+1	1.302959E+2	1.034232E+2	-1.058934E-3	9.909790E-5	1.829920E-3	-4.225889E+1
1.245660E+2	5.999133E+1	1.897270E+2	1.000407E+1	1.297357E+2	1.032365E+2	-1.067542E-3	9.958013E-5	1.814255E-3	-4.260241E+1
1.256880E+2	5.999122E+1	1.891439E+2	1.000374E+1	1.291527E+2	1.030421E+2	-1.079599E-3	9.958013E-5	1.795801E-3	-4.308355E+1
1.268030E+2	5.999122E+1	1.888692E+2	1.000396E+1	1.288779E+2	1.029505E+2	-1.098026E-3	9.982124E-5	1.765107E-3	-4.381893E+1
1.279230E+2	5.999112E+1	1.883016E+2	1.000402E+1	1.283105E+2	1.027613E+2	-1.109270E-3	9.982124E-5	1.748067E-3	-4.426763E+1
1.290430E+2	5.999096E+1	1.877294E+2	1.000395E+1	1.277384E+2	1.025704E+2	-1.117839E-3	9.982124E-5	1.736265E-3	-4.460961E+1
1.301700E+2	5.999224E+1	1.871585E+2	1.000394E+1	1.271663E+2	1.023810E+2	-1.125175E-3	9.982124E-5	1.703787E-3	-4.490234E+1
1.312910E+2	5.999228E+1	1.868643E+2	1.000429E+1	1.268721E+2	1.022830E+2	-1.143088E-3	9.982124E-5	1.673347E-3	-4.561720E+1
1.324110E+2	5.999183E+1	1.862874E+2	1.000443E+1	1.262956E+2	1.020904E+2	-1.151935E-3	9.982124E-5	1.665665E-3	-4.597027E+1
1.335310E+2	5.999222E+1	1.860020E+2	1.000423E+1	1.260098E+2	1.019955E+2	-1.167304E-3	9.982124E-5	1.633975E-3	-4.658361E+1
1.346540E+2	5.999217E+1	1.854256E+2	1.000427E+1	1.254334E+2	1.018033E+2	-1.176985E-3	9.982124E-5	1.618573E-3	-4.696995E+1
1.357800E+2	5.999193E+1	1.848562E+2	1.000424E+1	1.248643E+2	1.016134E+2	-1.187668E-3	9.982124E-5	1.604819E-3	-4.739625E+1
1.369050E+2	5.999221E+1	1.845617E+2	1.000428E+1	1.245695E+2	1.015154E+2	-1.203358E-3	9.982124E-5	1.574282E-3	-4.802243E+1
1.380220E+2	5.999183E+1	1.839919E+2	1.000423E+1	1.240000E+2	1.013252E+2	-1.210263E-3	9.982124E-5	1.568509E-3	-4.829797E+1
1.391400E+2	5.999107E+1	1.834202E+2	1.000420E+1	1.234291E+2	1.011341E+2	-1.222336E-3	9.982124E-5	1.560459E-3	-4.877976E+1
1.402600E+2	5.999135E+1	1.831365E+2	1.000416E+1	1.231451E+2	1.010397E+2	-1.238310E-3	9.982124E-5	1.529209E-3	-4.941722E+1
1.413780E+2	5.999134E+1	1.825734E+2	1.000416E+1	1.225820E+2	1.008520E+2	-1.245553E-3	9.982124E-5	1.517445E-3	-4.970630E+1
1.424950E+2	5.999140E+1	1.819857E+2	1.000305E+1	1.219943E+2	1.006562E+2	-1.255658E-3	9.982124E-5	1.499469E-3	-5.010952E+1
1.436140E+2	5.999123E+1	1.817053E+2	1.000419E+1	1.217141E+2	1.005626E+2	-1.271167E-3	9.982124E-5	1.476651E-3	-5.072845E+1
1.447370E+2	5.999108E+1	1.811224E+2	1.000277E+1	1.211313E+2	1.003682E+2	-1.282373E-3	9.982124E-5	1.460034E-3	-5.117567E+1
1.458590E+2	5.999210E+1	1.805618E+2	1.000404E+1	1.205697E+2	1.001820E+2	-1.290854E-3	9.982124E-5	1.430050E-3	-5.151412E+1
1.469810E+2	5.993877E+1	1.803118E+2	1.000285E+1	1.203731E+2	1.000631E+2	-1.316985E-3	9.982124E-5	2.229287E-3	-5.255692E+1
1.481070E+2	5.993863E+1	1.797410E+2	1.000432E+1	1.198024E+2	9.987275E+1	-1.323640E-3	9.982124E-5	2.594160E-3	-5.282251E+1
1.492320E+2	5.999220E+1	1.794191E+2	1.000334E+1	1.194269E+2	9.980115E+1	-1.335601E-3	9.982124E-5	2.169397E-3	-5.329981E+1
1.503490E+2	5.999225E+1	1.788473E+2	1.000434E+1	1.188551E+2	9.961061E+1	-1.345117E-3	9.982124E-5	2.169640E-3	-5.367957E+1
1.514720E+2	6.004632E+1	1.785281E+2	1.000346E+1	1.184818E+2	9.954025E+1	-1.359319E-3	9.982124E-5	1.301898E-3	-5.424636E+1
1.525930E+2	5.999236E+1	1.780014E+2	1.000446E+1	1.180091E+2	9.932872E+1	-1.365463E-3	9.982124E-5	2.134303E-3	-5.449153E+1
1.537090E+2	5.999232E+1	1.777028E+2	1.000326E+1	1.177105E+2	9.922916E+1	-1.379944E-3	9.982124E-5	2.110664E-3	-5.506944E+1
1.548290E+2	5.999224E+1	1.774173E+2	1.000431E+1	1.174250E+2	9.913392E+1	-1.393474E-3	9.958013E-5	2.089274E-3	-5.560936E+1
1.559470E+2	5.999235E+1	1.768339E+2	1.000342E+1	1.168415E+2	9.893953E+1	-1.401866E-3	9.958013E-5	2.073486E-3	-5.594427E+1
1.570650E+2	5.999189E+1	1.762593E+2	1.000428E+1	1.162675E+2	9.874771E+1	-1.408255E-3	9.958013E-5	2.070139E-3	-5.619925E+1
1.581840E+2	5.999227E+1	1.759716E+2	1.000429E+1	1.159793E+2	9.865204E+1	-1.419906E-3	9.982124E-5	2.044704E-3	-5.666419E+1
1.593050E+2	5.999141E+1	1.753933E+2	1.000435E+1	1.154019E+2	9.845871E+1	-1.431929E-3	9.982124E-5	2.038485E-3	-5.714398E+1
1.604260E+2	5.999127E+1	1.751059E+2	1.000438E+1	1.151146E+2	9.836280E+1	-1.445306E-3	9.982124E-5	2.018435E-3	-5.767782E+1
1.615440E+2	5.999165E+1	1.745341E+2	1.000440E+1	1.145424E+2	9.817247E+1	-1.454949E-3	9.982124E-5	1.996101E-3	-5.806266E+1
1.626620E+2	5.999131E+1	1.742438E+2	1.000442E+1	1.142525E+2	9.807548E+1	-1.470679E-3	9.982124E-5	1.975327E-3	-5.869038E+1
1.637790E+2	5.999132E+1	1.736652E+2	1.000315E+1	1.136739E+2	9.788262E+1	-1.474088E-3	9.982124E-5	1.969287E-3	-5.882643E+1
1.648950E+2	5.999137E+1	1.733912E+2	1.000426E+1	1.133999E+2	9.779133E+1	-1.490607E-3	9.982124E-5	1.940867E-3	-5.948565E+1
1.660160E+2	5.999125E+1	1.728045E+2	1.000290E+1	1.128132E+2	9.759566E+1	-1.496691E-3	9.982124E-5	1.932964E-3	-5.972845E+1
1.671380E+2	5.999137E+1	1.725232E+2	1.000416E+1	1.125318E+2	9.750197E+1	-1.514576E-3	9.958013E-5	1.901245E-3	-6.044217E+1
1.682590E+2	5.999223E+1	1.719397E+2	1.000285E+1	1.119475E+2	9.730806E+1	-1.524746E-3	9.958013E-5	1.870436E-3	-6.084804E+1
1.693830E+2	5.999208E+1	1.716638E+2	1.000404E+1	1.116717E+2	9.721600E+1	-1.536560E-3	9.958013E-5	1.853170E-3	-6.131948E+1
1.705020E+2	5.999236E+1	1.710883E+2	1.000294E+1	1.110959E+2	9.702434E+1	-1.539718E-3	9.982124E-5	1.843689E-3	-6.144552E+1
1.716240E+2	5.999225E+1	1.708065E+2	1.000431E+1	1.108143E+2	9.693033E+1	-1.557481E-3	9.982124E-5	1.815668E-3	-6.215441E+1
1.727470E+2	5.999191E+1	1.702231E+2	1.000320E+1	1.102312E+2	9.673565E+1	-1.560697E-3	9.982124E-5	1.815618E-3	-6.228274E+1
1.738680E+2	5.999234E+1	1.699504E+2	1.000429E+1	1.099581E+2	9.664504E+1	-1.578978E-3	9.982124E-5	1.778656E-3	-6.301227E+1
1.749920E+2	5.999229E+1	1.693677E+2	1.000317E+1	1.093754E+2	9.645074E+1	-1.585969E-3	9.982124E-5	1.767614E-3	-6.329126E+1
1.761150E+2	5.999224E+1	1.690905E+2	1.000437E+1	1.090982E+2	9.635832E+1	-1.603448E-3	9.982124E-5	1.739464E-3	-6.398881E+1
1.772390E+2	5.999143E+1	1.684992E+2	1.000312E+1	1.085077E+2	9.616068E+1	-1.611167E-3	9.958013E-5	1.739148E-3	-6.429686E+1
1.783560E+2	5.999118E+1	1.680880E+2	1.000433E+1	1.080968E+2	9.602346E+1	-1.624068E-3	9.958013E-5	1.721639E-3	-6.481170E+1
1.794820E+2	5.999117E+1	1.676325E+2	1.000291E+1	1.076413E+2	9.587161E+1	-1.636102E-3	9.958013E-5	1.701594E-3	-6.529194E+1
1.806090E+2	5.999213E+1	1.670671E+2	1.000406E+1	1.070750E+2	9.568380E+1	-1.642739E-3	9.958013E-5	1.675466E-3	-6.555677E+1
1.817380E+2	5.999221E+1	1.667803E+2	1.000431E+1	1.067881E+2	9.558825E+1	-1.662551E-3	9.982124E-5	1.641017E-3	-6.634744E+1
1.828630E+2	5.999182E+1	1.662079E+2	1.000438E+1	1.062160E+2	9.539717E+1	-1.668874E-3	9.982124E-5	1.636938E-3	-6.659974E+1
1.839820E+2	5.999227E+1	1.659213E+2	1.000402E+1	1.059290E+2	9.530194E+1	-1.684263E-3	9.982124E-5	1.604130E-3	-6.721387E+1
1.850990E+2	5.999230E+1	1.653506E+2	1.000432E+1	1.053583E+2	9.511174E+1	-1.688507E-3	9.982124E-5	1.596397E-3	-6.738324E+1
1.862170E+2	5.999179E+1	1.650495E+2	1.000314E+1	1.050577E+2	9.501102E+1	-1.707168E-3	9.982124E-5	1.573513E-3	-6.812797E+1
1.873340E+2	5.999207E+1	1.644920E+2	1.000424E+1	1.044999E+2	9.482536E+1	-1.714996E-3	9.982124E-5	1.556193E-3	-6.844036E+1
1.884520E+2	5.999182E+1	1.642024E+2	1.000319E+1	1.042105E+2	9.472867E+1	-1.724155E-3	9.982124E-5	1.544556E-3	-6.880586E+1
1.895720E+2	5.999223E+1	1.639262E+2	1.000415E+1	1.039339E+2	9.463687E+1	-1.735885E-3	9.958013E-5	1.518868E-3	-6.927395E+1
1.906970E+2	5.993869E+1	1.633751E+2	1.005508E+1	1.034364E+2	9.441750E+1	-1.750371E-3	9.982124E-5	2.340637E-3	-6.985205E+1
1.918230E+2	5.999136E+1	1.630638E+2	1.000403E+1	1.030725E+2	9.434885E+1	-1.763987E-3	1.229682E-4	1.859291E-3	-7.039544E+1
1.929490E+2	5.999178E+1	1.624843E+2	1.000302E+1	1.024925E+2	9.415596E+1	-1.775375E-3	1.234504E-4	1.848338E-3	-7.084988E+1
1.940740E+2	5.999229E+1	1.622068E+2	1.000409E+1	1.022146E+2	9.406381E+1	-1.788505E-3	1.236915E-4	1.818629E-3	-7.137386E+1
1.951940E+2	5.999210E+1	1.619193E+2	1.000291E+1	1.019272E+2	9.396782E+1	-1.805033E-3	1.236915E-4	1.793811E-3	-7.203347E+1
1.963190E+2	5.999221E+1	1.613504E+2	1.000416E+1	1.013582E+2	9.377827E+1	-1.808169E-3	1.236915E-4	1.786900E-3	-7.215860E+1
1.974410E+2	5.999232E+1	1.610638E+2	1.000391E+1	1.010715E+2	9.368280E+1	-1.823366E-3	1.236915E-4	1.760140E-3	-7.276506E+1
1.985630E+2	5.999202E+1	1.604936E+2	1.000426E+1	1.005016E+2	9.349256E+1	-1.827044E-3	1.236915E-4	1.758415E-3	-7.291186E+1
1.996790E+2	5.999237E+1	1.602021E+2	1.000318E+1	1.002097E+2	9.339560E+1	-1.843409E-3	1.236915E-4	1.725729E-3	-7.356493E+1
2.007960E+2	5.999216E+1	1.596469E+2	1.000414E+1	9.965473E+1	9.321040E+1	-1.845925E-3	1.236915E-4	1.725037E-3	-7.366531E+1
2.019160E+2	5.999178E+1	1.593366E+2	1.000317E+1	9.934485E+1	9.310673E+1	-1.857742E-3	1.234504E-4	1.711322E-3	-7.413691E+1
2.030360E+2	5.999222E+1	1.590546E+2	1.000427E+1	9.906239E+1	9.301302E+1	-1.878878E-3	1.234504E-4	1.669001E-3	-7.498040E+1
2.041570E+2	5.999221E+1	1.584756E+2	1.005646E+1	9.848343E+1	9.282003E+1	-1.892140E-3	1.234504E-4	1.646730E-3	-7.550964E+1
2.052770E+2	5.999211E+1	1.581822E+2	1.000427E+1	9.819014E+1	9.272216E+1	-1.898653E-3	1.475618E-4	1.637750E-3	-7.576956E+1
2.064000E+2	5.999128E+1	1.576079E+2	1.000426E+1	9.761658E+1	9.253014E+1	-1.906193E-3	1.482852E-4	1.638095E-3	-7.607044E+1
2.075390E+2	5.999178E+1	1.573303E+2	1.000404E+1	9.733849E+1	9.243794E+1	-1.925261E-3	1.482852E-4	1.598495E-3	-7.683139E+1
2.086590E+2	5.999188E+1	1.567404E+2	1.000277E+1	9.674852E+1	9.224139E+1	-1.930000E-3	1.482852E-4	1.589155E-3	-7.702050E+1
2.097810E+2	5.993863E+1	1.564995E+2	1.000434E+1	9.656083E+1	9.212557E+1	-1.943246E-3	1.482852E-4	2.408587E-3	-7.754914E+1
2.109050E+2	5.999210E+1	1.561694E+2	1.000323E+1	9.617732E+1	9.205121E+1	-1.959255E-3	1.482852E-4	1.907098E-3	-7.818800E+1
2.120240E+2	5.999207E+1	1.556063E+2	1.000431E+1	9.561424E+1	9.186348E+1	-1.968698E-3	1.482852E-4	1.906861E-3	-7.856484E+1
2.131480E+2	5.999211E+1	1.553163E+2	1.000336E+1	9.532422E+1	9.176685E+1	-1.982271E-3	1.482852E-4	1.883530E-3	-7.910648E+1
2.142730E+2	5.999226E+1	1.547541E+2	1.000422E+1	9.476185E+1	9.157955E+1	-1.987770E-3	1.482852E-4	1.871959E-3	-7.932593E+1
2.153900E+2	5.999214E+1	1.544545E+2	1.000299E+1	9.446237E+1	9.147960E+1	-2.003641E-3	1.482852E-4	1.847692E-3	-7.995932E+1
2.165100E+2	5.999213E+1	1.541762E+2	1.000431E+1	9.418403E+1	9.138681E+1	-2.015077E-3	1.482852E-4	1.828765E-3	-8.041568E+1
2.176300E+2	5.999224E+1	1.535867E+2	1.000316E+1	9.359450E+1	9.119040E+1	-2.016739E-3	1.482852E-4	1.824368E-3	-8.048201E+1
2.187510E+2	5.999125E+1	1.533140E+2	1.000433E+1	9.332279E+1	9.109884E+1	-2.034944E-3	1.482852E-4	1.809721E-3	-8.120852E+1
2.198690E+2	5.999140E+1	1.527402E+2	1.000332E+1	9.274881E+1	9.090767E+1	-2.039283E-3	1.482852E-4	1.800083E-3	-8.138166E+1
2.209880E+2	5.999141E+1	1.524563E+2	1.000436E+1	9.246492E+1	9.081305E+1	-2.057723E-3	1.482852E-4	1.769186E-3	-8.211757E+1
2.221180E+2	5.999224E+1	1.518766E+2	1.000300E+1	9.188434E+1	9.062035E+1	-2.065715E-3	1.482852E-4	1.742729E-3	-8.243650E+1
2.232430E+2	5.999232E+1	1.516049E+2	1.000411E+1	9.161255E+1	9.052983E+1	-2.076716E-3	1.482852E-4	1.722959E-3	-8.287551E+1
2.243620E+2	5.999230E+1	1.513057E+2	1.000315E+1	9.131338E+1	9.043009E+1	-2.089210E-3	1.482852E-4	1.702450E-3	-8.337410E+1
2.254820E+2	5.999217E+1	1.507494E+2	1.000428E+1	9.075727E+1	9.024459E+1	-2.095012E-3	1.482852E-4	1.694534E-3	-8.360564E+1
2.266070E+2	5.999258E+1	1.504609E+2	1.000322E+1	9.046835E+1	9.014869E+1	-2.111310E-3	1.482852E-4	1.661236E-3	-8.425606E+1
2.277320E+2	5.999226E+1	1.498807E+2	1.005640E+1	8.988849E+1	8.995509E+1	-2.118373E-3	1.482852E-4	1.654296E-3	-8.453790E+1
2.288900E+2	5.999249E+1	1.495908E+2	1.005639E+1	8.959832E+1	8.985860E+1	-2.134668E-3	1.728788E-4	1.623656E-3	-8.518819E+1
2.300550E+2	5.999158E+1	1.493044E+2	1.000410E+1	8.931280E+1	8.976252E+1	-2.148743E-3	2.022947E-4	1.614322E-3	-8.574987E+1
2.311730E+2	5.999142E+1	1.487162E+2	1.000303E+1	8.872479E+1	8.956635E+1	-2.155920E-3	2.027770E-4	1.605139E-3	-8.603632E+1
2.322910E+2	5.996297E+1	1.484605E+2	1.000408E+1	8.849754E+1	8.946215E+1	-2.174840E-3	2.027770E-4	2.023196E-3	-8.679133E+1
2.334100E+2	5.993826E+1	1.481875E+2	1.000290E+1	8.824921E+1	8.935466E+1	-2.187931E-3	2.027770E-4	2.391931E-3	-8.731374E+1
2.345310E+2	5.993885E+1	1.476204E+2	1.000407E+1	8.768156E+1	8.916604E+1	-2.199002E-3	2.030181E-4	2.568307E-3	-8.775558E+1
2.356540E+2	5.999190E+1	1.472877E+2	1.000313E+1	8.729581E+1	8.909050E+1	-2.210326E-3	2.030181E-4	1.972632E-3	-8.820748E+1
2.367750E+2	5.999239E+1	1.467257E+2	1.000425E+1	8.673330E+1	8.890349E+1	-2.215482E-3	2.030181E-4	1.966874E-3	-8.841323E+1
2.378970E+2	5.999229E+1	1.464323E+2	1.000314E+1	8.644002E+1	8.880563E+1	-2.231116E-3	2.027770E-4	1.942702E-3	-8.903715E+1
2.390150E+2	5.999219E+1	1.461581E+2	1.000428E+1	8.616596E+1	8.871417E+1	-2.244489E-3	2.027770E-4	1.921995E-3	-8.957082E+1
2.401350E+2	5.999239E+1	1.455920E+2	1.000436E+1	8.559965E+1	8.852561E+1	-2.251900E-3	2.027770E-4	1.906394E-3	-8.986659E+1
2.412540E+2	5.999221E+1	1.453005E+2	1.000423E+1	8.530831E+1	8.842832E+1	-2.257862E-3	2.027770E-4	1.898816E-3	-9.010448E+1
2.423710E+2	5.999233E+1	1.450162E+2	1.000436E+1	8.502389E+1	8.833363E+1	-2.276944E-3	2.027770E-4	1.865402E-3	-9.086602E+1
2.434890E+2	5.999232E+1	1.447315E+2	1.000413E+1	8.473922E+1	8.823872E+1	-2.285875E-3	2.027770E-4	1.850526E-3	-9.122243E+1
2.446090E+2	5.999210E+1	1.441582E+2	1.000420E+1	8.416607E+1	8.804745E+1	-2.295792E-3	2.027770E-4	1.837747E-3	-9.161816E+1
2.457330E+2	5.999223E+1	1.438724E+2	1.000425E+1	8.388017E+1	8.795228E+1	-2.304882E-3	2.027770E-4	1.820314E-3	-9.198093E+1
2.468680E+2	5.999141E+1	1.435831E+2	1.000313E+1	8.359172E+1	8.785532E+1	-2.323263E-3	2.027770E-4	1.802842E-3	-9.271446E+1
2.479940E+2	5.999226E+1	1.430166E+2	1.000401E+1	8.302436E+1	8.766704E+1	-2.331249E-3	2.030181E-4	1.775914E-3	-9.303314E+1
2.491170E+2	5.999187E+1	1.427232E+2	1.000287E+1	8.273134E+1	8.756898E+1	-2.340636E-3	2.030181E-4	1.766367E-3	-9.340778E+1
2.502380E+2	5.999237E+1	1.424485E+2	1.000426E+1	8.245617E+1	8.747776E+1	-2.354604E-3	2.030181E-4	1.735384E-3	-9.396517E+1
2.513640E+2	5.999241E+1	1.418719E+2	1.000312E+1	8.187951E+1	8.728558E+1	-2.364790E-3	2.030181E-4	1.717633E-3	-9.437167E+1
2.524870E+2	5.993876E+1	1.416315E+2	1.000433E+1	8.169274E+1	8.716967E+1	-2.378433E-3	2.030181E-4	2.543219E-3	-9.491612E+1
2.536120E+2	5.999239E+1	1.413118E+2	1.000310E+1	8.131938E+1	8.709885E+1	-2.397040E-3	2.030181E-4	2.039389E-3	-9.565869E+1
2.547340E+2	5.999237E+1	1.410164E+2	1.000430E+1	8.102404E+1	8.700039E+1	-2.409286E-3	2.030181E-4	2.034242E-3	-9.614738E+1
2.558580E+2	5.999130E+1	1.404283E+2	1.000291E+1	8.043695E+1	8.680362E+1	-2.416053E-3	2.027770E-4	2.039854E-3	-9.641743E+1
2.569820E+2	5.999149E+1	1.401508E+2	1.000410E+1	8.015928E+1	8.671125E+1	-2.427272E-3	2.027770E-4	2.018212E-3	-9.686515E+1
2.581030E+2	5.999138E+1	1.398491E+2	1.000295E+1	7.985776E+1	8.661063E+1	-2.438385E-3	2.030181E-4	2.001449E-3	-9.730865E+1
2.592250E+2	5.999141E+1	1.395743E+2	1.000396E+1	7.958284E+1	8.651903E+1	-2.454213E-3	2.030181E-4	1.974303E-3	-9.794026E+1
2.603510E+2	5.999222E+1	1.389958E+2	1.000289E+1	7.900359E+1	8.632675E+1	-2.456689E-3	2.030181E-4	1.957455E-3	-9.803909E+1
2.614680E+2	5.999234E+1	1.387129E+2	1.000421E+1	7.872058E+1	8.623253E+1	-2.473123E-3	2.030181E-4	1.928151E-3	-9.869494E+1
2.625850E+2	5.999216E+1	1.384176E+2	1.000330E+1	7.842544E+1	8.613398E+1	-2.484821E-3	2.030181E-4	1.911440E-3	-9.916175E+1
2.637030E+2	5.999220E+1	1.381381E+2	1.000431E+1	7.814594E+1	8.604084E+1	-2.505009E-3	2.030181E-4	1.877270E-3	-9.996741E+1
2.648220E+2	5.999227E+1	1.375593E+2	1.005584E+1	7.756701E+1	8.584794E+1	-2.504008E-3	2.030181E-4	1.878033E-3	-9.992746E+1
2.659470E+2	5.999210E+1	1.372801E+2	1.005644E+1	7.728802E+1	8.575477E+1	-2.517627E-3	2.266473E-4	1.858122E-3	-1.004710E+2
2.670740E+2	5.999226E+1	1.369858E+2	1.000305E+1	7.699353E+1	8.565677E+1	-2.532283E-3	2.546165E-4	1.830877E-3	-1.010558E+2
2.681990E+2	5.999232E+1	1.367140E+2	1.000429E+1	7.672168E+1	8.556622E+1	-2.541200E-3	2.553399E-4	1.815000E-3	-1.014116E+2
2.693210E+2	5.999149E+1	1.362988E+2	1.000312E+1	7.630727E+1	8.542724E+1	-2.552871E-3	2.553399E-4	1.809066E-3	-1.018774E+2
2.704470E+2	5.999151E+1	1.359518E+2	1.000405E+1	7.596033E+1	8.531162E+1	-2.561664E-3	2.553399E-4	1.793756E-3	-1.022283E+2
2.715650E+2	5.999123E+1	1.355538E+2	1.000300E+1	7.556258E+1	8.517875E+1	-2.573419E-3	2.553399E-4	1.778698E-3	-1.026974E+2
2.726830E+2	5.999137E+1	1.352727E+2	1.000406E+1	7.528135E+1	8.508516E+1	-2.587458E-3	2.553399E-4	1.753203E-3	-1.032577E+2
2.738000E+2	5.999142E+1	1.349813E+2	1.000337E+1	7.498988E+1	8.498805E+1	-2.600462E-3	2.553399E-4	1.730759E-3	-1.037766E+2
2.749210E+2	5.999127E+1	1.347025E+2	1.000360E+1	7.471126E+1	8.489502E+1	-2.611827E-3	2.553399E-4	1.714059E-3	-1.042302E+2
2.760410E+2	5.999151E+1	1.341337E+2	1.000403E+1	7.414220E+1	8.470558E+1	-2.617852E-3	2.553399E-4	1.700225E-3	-1.044706E+2
2.771610E+2	5.993877E+1	1.338817E+2	1.000404E+1	7.394292E+1	8.458641E+1	-2.629969E-3	2.553399E-4	2.513459E-3	-1.049542E+2
2.782830E+2	5.993877E+1	1.335904E+2	1.000389E+1	7.365161E+1	8.448931E+1	-2.658083E-3	2.553399E-4	2.836439E-3	-1.060761E+2
2.794070E+2	5.999239E+1	1.332776E+2	1.000428E+1	7.328522E+1	8.442079E+1	-2.664516E-3	2.553399E-4	2.416361E-3	-1.063329E+2
2.805230E+2	6.004638E+1	1.329515E+2	1.000428E+1	7.290512E+1	8.434809E+1	-2.679251E-3	2.553399E-4	1.565554E-3	-1.069209E+2
2.816410E+2	6.004622E+1	1.326677E+2	1.000417E+1	7.262144E+1	8.425336E+1	-2.687690E-3	2.553399E-4	1.554150E-3	-1.072576E+2
2.827590E+2	6.004636E+1	1.323844E+2	1.000433E+1	7.233809E+1	8.415905E+1	-2.699981E-3	2.553399E-4	1.531154E-3	-1.077481E+2
2.838770E+2	6.004615E+1	1.320978E+2	1.000319E+1	7.205164E+1	8.406336E+1	-2.711857E-3	2.553399E-4	1.514704E-3	-1.082221E+2
2.849940E+2	6.004649E+1	1.318040E+2	1.000430E+1	7.175748E+1	8.396565E+1	-2.722387E-3	2.553399E-4	1.491976E-3	-1.086423E+2
2.861130E+2	6.004646E+1	1.315063E+2	1.000316E+1	7.145987E+1	8.386641E+1	-2.732164E-3	2.553399E-4	1.476184E-3	-1.090325E+2
2.872300E+2	6.004637E+1	1.309408E+2	1.000425E+1	7.089441E+1	8.367784E+1	-2.731652E-3	2.553399E-4	1.478214E-3	-1.090120E+2
2.883520E+2	6.004637E+1	1.306394E+2	1.000317E+1	7.059306E+1	8.357739E+1	-2.745715E-3	2.553399E-4	1.455031E-3	-1.095733E+2
2.894770E+2	5.999232E+1	1.304011E+2	1.000421E+1	7.040878E+1	8.346192E+1	-2.752564E-3	2.553399E-4	2.287063E-3	-1.098466E+2
2.905960E+2	5.999225E+1	1.301053E+2	1.000310E+1	7.011305E+1	8.336327E+1	-2.763817E-3	2.553399E-4	2.269465E-3	-1.102956E+2
2.917170E+2	5.999241E+1	1.298327E+2	1.000428E+1	6.984027E+1	8.327250E+1	-2.775812E-3	2.553399E-4	2.246953E-3	-1.107743E+2
2.928360E+2	5.999205E+1	1.292553E+2	1.000426E+1	6.926323E+1	8.307979E+1	-2.783086E-3	2.553399E-4	2.240564E-3	-1.110646E+2
2.939560E+2	5.999220E+1	1.289642E+2	1.000422E+1	6.897200E+1	8.298286E+1	-2.789171E-3	2.553399E-4	2.228379E-3	-1.113074E+2
2.950720E+2	5.999126E+1	1.286835E+2	1.000432E+1	6.869229E+1	8.288869E+1	-2.806093E-3	2.553399E-4	2.214784E-3	-1.119827E+2
2.961900E+2	5.999107E+1	1.283939E+2	1.000429E+1	6.840281E+1	8.279200E+1	-2.819477E-3	2.553399E-4	2.195746E-3	-1.125169E+2
2.973130E+2	5.999141E+1	1.278267E+2	1.005606E+1	6.783526E+1	8.260316E+1	-2.829899E-3	2.553399E-4	2.172478E-3	-1.129328E+2
2.984330E+2	5.999144E+1	1.275446E+2	1.005577E+1	6.755312E+1	8.250914E+1	-2.836306E-3	2.787279E-4	2.161624E-3	-1.131885E+2
2.995720E+2	5.999216E+1	1.272564E+2	1.000363E+1	6.726420E+1	8.241356E+1	-2.851884E-3	3.064560E-4	2.123979E-3	-1.138101E+2
3.006920E+2	5.999229E+1	1.269728E+2	1.000432E+1	6.698052E+1	8.231913E+1	-2.865613E-3	3.074205E-4	2.099303E-3	-1.143580E+2
3.018140E+2	5.999235E+1	1.266817E+2	1.000402E+1	6.668933E+1	8.222213E+1	-2.881731E-3	3.074205E-4	2.071309E-3	-1.150012E+2
3.029360E+2	5.999186E+1	1.261104E+2	1.000437E+1	6.611858E+1	8.203138E+1	-2.887008E-3	3.074205E-4	2.070539E-3	-1.152118E+2
3.040610E+2	5.999233E+1	1.258178E+2	1.000317E+1	6.582549E+1	8.193416E+1	-2.899019E-3	3.074205E-4	2.042814E-3	-1.156912E+2
3.051780E+2	5.999248E+1	1.255406E+2	1.000428E+1	6.554812E+1	8.184185E+1	-2.912028E-3	3.074205E-4	2.018974E-3	-1.162103E+2
3.062970E+2	5.999216E+1	1.252594E+2	1.000421E+1	6.526724E+1	8.174791E+1	-2.923842E-3	3.074205E-4	2.004061E-3	-1.166817E+2
3.074160E+2	5.999232E+1	1.246834E+2	1.000432E+1	6.469110E+1	8.155602E+1	-2.935254E-3	3.074205E-4	1.982881E-3	-1.171372E+2
3.085350E+2	5.999234E+1	1.243949E+2	1.000429E+1	6.440259E+1	8.145987E+1	-2.949481E-3	3.074205E-4	1.958581E-3	-1.177049E+2
3.096550E+2	5.999239E+1	1.241131E+2	1.000432E+1	6.412068E+1	8.136595E+1	-2.958110E-3	3.074205E-4	1.943603E-3	-1.180493E+2
3.107740E+2	5.999141E+1	1.238251E+2	1.000431E+1	6.383366E+1	8.126930E+1	-2.967792E-3	3.074205E-4	1.942793E-3	-1.184357E+2
3.118920E+2	5.999135E+1	1.235353E+2	1.000299E+1	6.354392E+1	8.117265E+1	-2.983287E-3	3.074205E-4	1.918189E-3	-1.190540E+2
3.130150E+2	5.999148E+1	1.232597E+2	1.000406E+1	6.326821E+1	8.108088E+1	-2.996374E-3	3.074205E-4	1.893858E-3	-1.195763E+2
3.141500E+2	5.999223E+1	1.229807E+2	1.000428E+1	6.298851E+1	8.098840E+1	-3.008959E-3	3.074205E-4	1.860956E-3	-1.200785E+2
3.152750E+2	5.999232E+1	1.226758E+2	1.000433E+1	6.268350E+1	8.088683E+1	-3.019967E-3	3.074205E-4	1.841173E-3	-1.205178E+2
3.163950E+2	5.999216E+1	1.220968E+2	1.000432E+1	6.210467E+1	8.069371E+1	-3.025868E-3	3.074205E-4	1.833998E-3	-1.207533E+2
3.175110E+2	5.999226E+1	1.218079E+2	1.000416E+1	6.181561E+1	8.059746E+1	-3.035052E-3	3.074205E-4	1.817373E-3	-1.211198E+2
3.186310E+2	5.999229E+1	1.215200E+2	1.000426E+1	6.152775E+1	8.050155E+1	-3.047058E-3	3.074205E-4	1.796772E-3	-1.215989E+2
3.197500E+2	5.999228E+1	1.212355E+2	1.000420E+1	6.124326E+1	8.040669E+1	-3.063874E-3	3.074205E-4	1.769063E-3	-1.222700E+2
3.208690E+2	5.999239E+1	1.209401E+2	1.000259E+1	6.094768E+1	8.030829E+1	-3.074817E-3	3.074205E-4	1.748726E-3	-1.227067E+2
3.219880E+2	5.999233E+1	1.206667E+2	1.000426E+1	6.067437E+1	8.021712E+1	-3.086309E-3	3.074205E-4	1.730609E-3	-1.231653E+2
3.231080E+2	5.999233E+1	1.203660E+2	1.000321E+1	6.037367E+1	8.011689E+1	-3.099798E-3	3.074205E-4	1.708079E-3	-1.237037E+2
3.242310E+2	5.999223E+1	1.200860E+2	1.000437E+1	6.009377E+1	8.002348E+1	-3.110576E-3	3.074205E-4	1.691816E-3	-1.241337E+2
3.253510E+2	5.999192E+1	1.197796E+2	1.000316E+1	5.978773E+1	7.992116E+1	-3.122126E-3	3.074205E-4	1.677402E-3	-1.245947E+2
3.264710E+2	5.999134E+1	1.192270E+2	1.000430E+1	5.923563E+1	7.973655E+1	-3.126883E-3	3.074205E-4	1.678944E-3	-1.247845E+2
3.275910E+2	5.993805E+1	1.189696E+2	1.000311E+1	5.903151E+1	7.961522E+1	-3.143127E-3	3.074205E-4	2.494167E-3	-1.254328E+2
3.287080E+2	5.993822E+1	1.186943E+2	1.000419E+1	5.875609E+1	7.952358E+1	-3.169730E-3	3.074205E-4	2.819483E-3	-1.264944E+2
3.298290E+2	5.999123E+1	1.183792E+2	1.000430E+1	5.838800E+1	7.945390E+1	-3.178758E-3	3.074205E-4	2.409854E-3	-1.268547E+2
3.309480E+2	5.999117E+1	1.180906E+2	1.000402E+1	5.809943E+1	7.935765E+1	-3.185267E-3	3.074205E-4	2.415649E-3	-1.271144E+2
3.320690E+2	5.999232E+1	1.178029E+2	1.000340E+1	5.781053E+1	7.926250E+1	-3.195487E-3	3.074205E-4	2.380417E-3	-1.275223E+2
3.331960E+2	5.999215E+1	1.175157E+2	1.005628E+1	5.752350E+1	7.916665E+1	-3.207444E-3	3.074205E-4	2.363515E-3	-1.279994E+2
3.343250E+2	5.999213E+1	1.172239E+2	1.005516E+1	5.723181E+1	7.906940E+1	-3.217528E-3	3.312908E-4	2.346960E-3	-1.284019E+2
3.354540E+2	5.999225E+1	1.169429E+2	1.000432E+1	5.695067E+1	7.897581E+1	-3.229587E-3	3.590189E-4	2.325064E-3	-1.288831E+2
3.365770E+2	5.999235E+1	1.166475E+2	1.000320E+1	5.665515E+1	7.887740E+1	-3.239373E-3	3.599834E-4	2.306894E-3	-1.292737E+2
3.376980E+2	5.999143E+1	1.163692E+2	1.000435E+1	5.637774E+1	7.878401E+1	-3.247532E-3	3.599834E-4	2.307595E-3	-1.295992E+2
3.388220E+2	5.999137E+1	1.160801E+2	1.000324E+1	5.608868E+1	7.868760E+1	-3.257882E-3	3.597423E-4	2.291258E-3	-1.300123E+2
3.399410E+2	5.999121E+1	1.157971E+2	1.000413E+1	5.580590E+1	7.859318E+1	-3.270276E-3	3.599834E-4	2.273448E-3	-1.305069E+2
3.410610E+2	5.999131E+1	1.155032E+2	1.000299E+1	5.551186E+1	7.849526E+1	-3.282695E-3	3.599834E-4	2.251014E-3	-1.310025E+2
3.421790E+2	5.999129E+1	1.152244E+2	1.000402E+1	5.523315E+1	7.840234E+1	-3.290498E-3	3.599834E-4	2.238318E-3	-1.313139E+2
3.432980E+2	5.999123E+1	1.149371E+2	1.000317E+1	5.494587E+1	7.830652E+1	-3.303450E-3	3.597423E-4	2.217589E-3	-1.318308E+2
3.444140E+2	5.999111E+1	1.146535E+2	1.000406E+1	5.466243E+1	7.821192E+1	-3.310316E-3	3.597423E-4	2.208322E-3	-1.321048E+2
3.455350E+2	5.999128E+1	1.143708E+2	1.000406E+1	5.437953E+1	7.811779E+1	-3.323923E-3	3.599834E-4	2.182703E-3	-1.326478E+2
3.466550E+2	5.999229E+1	1.140874E+2	1.000404E+1	5.409511E+1	7.802399E+1	-3.337938E-3	3.599834E-4	2.143441E-3	-1.332071E+2
3.477750E+2	5.999211E+1	1.138076E+2	1.000405E+1	5.381547E+1	7.793060E+1	-3.347585E-3	3.599834E-4	2.130205E-3	-1.335921E+2
3.488930E+2	5.999195E+1	1.135038E+2	1.000404E+1	5.351189E+1	7.782924E+1	-3.361278E-3	3.597423E-4	2.110231E-3	-1.341385E+2
3.500100E+2	5.999216E+1	1.132179E+2	1.000405E+1	5.322574E+1	7.773407E+1	-3.372463E-3	3.599834E-4	2.088043E-3	-1.345849E+2
3.511260E+2	5.999222E+1	1.129210E+2	1.000292E+1	5.292875E+1	7.763514E+1	-3.382819E-3	3.599834E-4	2.069769E-3	-1.349981E+2
3.522440E+2	5.999240E+1	1.123533E+2	1.000415E+1	5.236089E+1	7.744604E+1	-3.381217E-3	3.599834E-4	2.069544E-3	-1.349342E+2
3.533650E+2	5.999228E+1	1.120606E+2	1.000317E+1	5.206833E+1	7.734839E+1	-3.400243E-3	3.597423E-4	2.039600E-3	-1.356935E+2
3.544980E+2	5.999233E+1	1.117825E+2	1.000436E+1	5.179022E+1	7.725574E+1	-3.412969E-3	3.597423E-4	2.017560E-3	-1.362013E+2
3.556210E+2	5.999231E+1	1.114944E+2	1.000382E+1	5.150212E+1	7.715968E+1	-3.425571E-3	3.599834E-4	1.996929E-3	-1.367043E+2
3.567410E+2	5.999171E+1	1.112092E+2	1.000424E+1	5.121747E+1	7.706420E+1	-3.437353E-3	3.599834E-4	1.986711E-3	-1.371745E+2
3.578630E+2	5.999180E+1	1.109206E+2	1.000421E+1	5.092885E+1	7.696808E+1	-3.451927E-3	3.599834E-4	1.961108E-3	-1.377561E+2
3.589900E+2	5.999133E+1	1.106351E+2	1.000402E+1	5.064377E+1	7.687258E+1	-3.457649E-3	3.597423E-4	1.959055E-3	-1.379844E+2
3.601150E+2	5.999127E+1	1.103545E+2	1.000404E+1	5.036325E+1	7.677902E+1	-3.472202E-3	3.599834E-4	1.935960E-3	-1.385652E+2
3.612380E+2	5.999191E+1	1.100653E+2	1.000398E+1	5.007341E+1	7.668305E+1	-3.485507E-3	3.599834E-4	1.903366E-3	-1.390961E+2
3.623600E+2	5.999223E+1	1.097818E+2	1.000425E+1	4.978958E+1	7.658875E+1	-3.495372E-3	3.599834E-4	1.882231E-3	-1.394898E+2
3.634870E+2	5.999205E+1	1.094976E+2	1.000397E+1	4.950552E+1	7.649389E+1	-3.510989E-3	3.597423E-4	1.858752E-3	-1.401130E+2
3.646120E+2	5.999220E+1	1.092172E+2	1.000430E+1	4.922499E+1	7.640053E+1	-3.523959E-3	3.599834E-4	1.835037E-3	-1.406306E+2
3.657320E+2	5.999231E+1	1.089233E+2	1.000327E+1	4.893103E+1	7.630265E+1	-3.531258E-3	3.599834E-4	1.820890E-3	-1.409219E+2
3.668540E+2	5.999194E+1	1.086373E+2	1.000428E+1	4.864540E+1	7.620707E+1	-3.544281E-3	3.599834E-4	1.805107E-3	-1.414416E+2
3.679750E+2	5.999212E+1	1.083499E+2	1.000438E+1	4.835777E+1	7.611138E+1	-3.554734E-3	3.599834E-4	1.784741E-3	-1.418588E+2
3.690930E+2	5.999231E+1	1.080655E+2	1.000426E+1	4.807321E+1	7.601671E+1	-3.565381E-3	3.599834E-4	1.763810E-3	-1.422837E+2
3.702110E+2	5.993808E+1	1.078085E+2	1.000431E+1	4.787046E+1	7.589490E+1	-3.582591E-3	3.597423E-4	2.592318E-3	-1.429705E+2
3.713320E+2	5.993877E+1	1.075215E+2	1.000425E+1	4.758270E+1	7.579967E+1	-3.608495E-3	3.599834E-4	2.917289E-3	-1.440042E+2
3.724520E+2	5.999125E+1	1.072043E+2	1.000432E+1	4.721304E+1	7.572893E+1	-3.611838E-3	3.599834E-4	2.526354E-3	-1.441376E+2
3.735720E+2	5.999098E+1	1.070638E+2	1.000296E+1	4.707282E+1	7.568192E+1	-3.628387E-3	3.599834E-4	2.520852E-3	-1.447980E+2
3.746930E+2	5.999130E+1	1.069227E+2	1.000412E+1	4.693143E+1	7.563511E+1	-3.640649E-3	3.597423E-4	2.495121E-3	-1.452874E+2
3.758220E+2	5.999229E+1	1.066326E+2	1.000420E+1	4.664031E+1	7.553906E+1	-3.647408E-3	3.599834E-4	2.468488E-3	-1.455571E+2
3.769470E+2	5.999213E+1	1.063480E+2	1.000434E+1	4.635583E+1	7.544408E+1	-3.656643E-3	3.599834E-4	2.455577E-3	-1.459257E+2
3.780640E+2	5.999236E+1	1.060578E+2	1.000383E+1	4.606542E+1	7.534750E+1	-3.664549E-3	3.599834E-4	2.438912E-3	-1.462411E+2
3.791800E+2	5.999240E+1	1.057794E+2	1.000424E+1	4.578699E+1	7.525474E+1	-3.675106E-3	3.599834E-4	2.420543E-3	-1.466624E+2
3.802970E+2	5.999240E+1	1.054867E+2	1.000317E+1	4.549431E+1	7.515717E+1	-3.689315E-3	3.599834E-4	2.396454E-3	-1.472295E+2
3.814280E+2	5.999218E+1	1.052063E+2	1.000426E+1	4.521415E+1	7.506356E+1	-3.697831E-3	3.599834E-4	2.385766E-3	-1.475693E+2
3.825490E+2	5.999205E+1	1.052042E+2	1.000313E+1	4.521218E+1	7.506278E+1	-3.713257E-3	3.599834E-4	2.362121E-3	-1.481849E+2
3.836670E+2	5.999220E+1	1.049236E+2	1.000432E+1	4.493141E+1	7.496934E+1	-3.720461E-3	3.597423E-4	2.347769E-3	-1.484724E+2
3.847850E+2	5.999221E+1	1.046435E+2	1.000312E+1	4.465125E+1	7.487596E+1	-3.731369E-3	3.597423E-4	2.329600E-3	-1.489077E+2
3.859040E+2	5.999222E+1	1.043510E+2	1.005649E+1	4.435874E+1	7.477847E+1	-3.741860E-3	3.599834E-4	2.312006E-3	-1.493264E+2
3.870420E+2	5.999111E+1	1.040599E+2	1.005595E+1	4.406876E+1	7.468069E+1	-3.753566E-3	3.845770E-4	2.309872E-3	-1.497936E+2
3.881780E+2	5.999184E+1	1.037657E+2	1.000305E+1	4.377390E+1	7.458314E+1	-3.763354E-3	4.130285E-4	2.282051E-3	-1.501842E+2
3.893030E+2	5.999236E+1	1.034826E+2	1.000418E+1	4.349027E+1	7.448911E+1	-3.774178E-3	4.139929E-4	2.255822E-3	-1.506161E+2
3.904260E+2	5.999220E+1	1.031875E+2	1.000305E+1	4.319531E+1	7.439063E+1	-3.779953E-3	4.139929E-4	2.248917E-3	-1.508466E+2
3.915410E+2	5.999203E+1	1.029031E+2	1.000419E+1	4.291105E+1	7.429571E+1	-3.792716E-3	4.139929E-4	2.230130E-3	-1.513559E+2
3.926570E+2	5.999239E+1	1.026159E+2	1.000415E+1	4.262352E+1	7.420023E+1	-3.804226E-3	4.139929E-4	2.205229E-3	-1.518153E+2
3.937800E+2	5.999212E+1	1.023321E+2	1.000418E+1	4.234000E+1	7.410545E+1	-3.815971E-3	4.139929E-4	2.190187E-3	-1.522840E+2
3.949050E+2	5.999218E+1	1.020402E+2	1.000418E+1	4.204804E+1	7.400819E+1	-3.827645E-3	4.137518E-4	2.169839E-3	-1.527498E+2
3.960230E+2	5.999221E+1	1.017522E+2	1.000426E+1	4.175997E+1	7.391221E+1	-3.835376E-3	4.137518E-4	2.156117E-3	-1.530584E+2
3.971460E+2	5.999118E+1	1.017496E+2	1.000418E+1	4.175843E+1	7.391066E+1	-3.856049E-3	4.139929E-4	2.138023E-3	-1.538833E+2
3.982730E+2	5.999107E+1	1.011793E+2	1.000395E+1	4.118818E+1	7.372047E+1	-3.857343E-3	4.139929E-4	2.137315E-3	-1.539350E+2
3.993980E+2	5.999224E+1	1.011779E+2	1.000286E+1	4.118562E+1	7.372078E+1	-3.873977E-3	4.139929E-4	2.091218E-3	-1.545988E+2
4.005200E+2	5.999214E+1	1.008890E+2	1.000401E+1	4.089684E+1	7.362442E+1	-3.882918E-3	4.137518E-4	2.078074E-3	-1.549556E+2
4.016380E+2	5.999229E+1	1.006039E+2	1.000430E+1	4.061156E+1	7.352948E+1	-3.893281E-3	4.139929E-4	2.058460E-3	-1.553692E+2
4.027590E+2	5.999228E+1	1.003168E+2	1.000423E+1	4.032454E+1	7.343379E+1	-3.904287E-3	4.139929E-4	2.040067E-3	-1.558084E+2
4.038790E+2	5.999187E+1	1.000356E+2	1.000427E+1	4.004376E+1	7.333979E+1	-3.909025E-3	4.139929E-4	2.038688E-3	-1.559975E+2
4.049980E+2	5.999208E+1	9.974595E+1	1.000412E+1	3.975386E+1	7.324337E+1	-3.921458E-3	4.139929E-4	2.014541E-3	-1.564936E+2
4.061150E+2	5.999205E+1	9.945735E+1	1.000418E+1	3.946530E+1	7.314715E+1	-3.935278E-3	4.137518E-4	1.992306E-3	-1.570451E+2
4.072400E+2	5.999183E+1	9.916779E+1	1.000417E+1	3.917595E+1	7.305048E+1	-3.941425E-3	4.139929E-4	1.985263E-3	-1.572904E+2
4.083620E+2	5.999210E+1	9.888321E+1	1.000420E+1	3.889111E+1	7.295580E+1	-3.952408E-3	4.139929E-4	1.962748E-3	-1.577287E+2
4.094840E+2	5.999184E+1	9.859237E+1	1.000416E+1	3.860053E+1	7.285868E+1	-3.963976E-3	4.139929E-4	1.947820E-3	-1.581904E+2
4.106100E+2	5.999100E+1	9.830514E+1	1.000421E+1	3.831414E+1	7.276238E+1	-3.973101E-3	4.139929E-4	1.945645E-3	-1.585545E+2
4.117300E+2	5.999134E+1	9.801835E+1	1.000413E+1	3.802702E+1	7.266701E+1	-3.984961E-3	4.137518E-4	1.920583E-3	-1.590279E+2
4.128480E+2	5.993797E+1	9.777275E+1	1.000423E+1	3.783479E+1	7.254956E+1	-3.999827E-3	4.139929E-4	2.732738E-3	-1.596211E+2
4.139670E+2	5.993778E+1	9.747376E+1	1.000290E+1	3.753598E+1	7.244977E+1	-4.028133E-3	4.139929E-4	3.061994E-3	-1.607507E+2
4.150870E+2	5.999110E+1	9.715968E+1	1.000401E+1	3.716858E+1	7.238062E+1	-4.035808E-3	4.139929E-4	2.660199E-3	-1.610570E+2
4.162060E+2	5.999103E+1	9.686538E+1	1.000279E+1	3.687435E+1	7.228248E+1	-4.046002E-3	4.139929E-4	2.661604E-3	-1.614638E+2
4.173230E+2	5.999139E+1	9.687273E+1	1.000403E+1	3.688134E+1	7.228517E+1	-4.066771E-3	4.137518E-4	2.621403E-3	-1.622926E+2
4.184400E+2	6.004568E+1	9.654860E+1	1.000297E+1	3.650291E+1	7.221332E+1	-4.076917E-3	4.139929E-4	1.757094E-3	-1.626975E+2
4.195590E+2	6.004568E+1	9.626446E+1	1.000397E+1	3.621878E+1	7.211860E+1	-4.081495E-3	4.139929E-4	1.749290E-3	-1.628802E+2
4.206760E+2	5.999142E+1	9.601767E+1	1.000393E+1	3.602625E+1	7.200017E+1	-4.093939E-3	4.139929E-4	2.575064E-3	-1.633768E+2
4.217930E+2	5.999125E+1	9.573379E+1	1.000394E+1	3.574254E+1	7.190543E+1	-4.105696E-3	4.137518E-4	2.558254E-3	-1.638460E+2
4.229130E+2	5.999154E+1	9.545503E+1	1.000399E+1	3.546349E+1	7.181270E+1	-4.113539E-3	4.139929E-4	2.540608E-3	-1.641590E+2
4.240340E+2	5.999223E+1	9.519355E+1	1.000401E+1	3.520132E+1	7.172601E+1	-4.125995E-3	4.139929E-4	2.509127E-3	-1.646561E+2
4.251540E+2	5.999189E+1	9.515092E+1	1.000407E+1	3.515903E+1	7.171157E+1	-4.138230E-3	4.139929E-4	2.493934E-3	-1.651443E+2
4.262750E+2	5.999224E+1	9.486136E+1	1.000417E+1	3.486912E+1	7.161528E+1	-4.148337E-3	4.139929E-4	2.471854E-3	-1.655477E+2
4.273970E+2	5.999219E+1	9.457186E+1	1.000420E+1	3.457967E+1	7.151874E+1	-4.154308E-3	4.137518E-4	2.462450E-3	-1.657860E+2
4.285150E+2	5.999207E+1	9.427926E+1	1.000304E+1	3.428719E+1	7.142113E+1	-4.170360E-3	4.139929E-4	2.437581E-3	-1.664266E+2
4.296510E+2	5.999187E+1	9.399566E+1	1.000424E+1	3.400379E+1	7.132647E+1	-4.180725E-3	4.139929E-4	2.423391E-3	-1.668402E+2
4.307690E+2	5.999222E+1	9.370820E+1	1.000411E+1	3.371598E+1	7.123088E+1	-4.190691E-3	4.139929E-4	2.401607E-3	-1.672379E+2
4.318900E+2	5.999099E+1	9.342084E+1	1.000414E+1	3.342985E+1	7.113428E+1	-4.201176E-3	4.139929E-4	2.403255E-3	-1.676563E+2
4.330100E+2	5.999133E+1	9.338651E+1	1.000407E+1	3.339518E+1	7.112305E+1	-4.218119E-3	4.137518E-4	2.369788E-3	-1.683325E+2
4.341300E+2	5.999146E+1	9.313841E+1	1.000427E+1	3.314695E+1	7.104044E+1	-4.226472E-3	4.139929E-4	2.354067E-3	-1.686658E+2
4.352490E+2	5.999120E+1	9.283756E+1	1.000279E+1	3.284636E+1	7.093998E+1	-4.238111E-3	4.139929E-4	2.338538E-3	-1.691303E+2
4.363680E+2	5.999104E+1	9.255937E+1	1.000392E+1	3.256833E+1	7.084715E+1	-4.249718E-3	4.139929E-4	2.321376E-3	-1.695935E+2
4.374880E+2	5.999126E+1	9.226317E+1	1.000270E+1	3.227191E+1	7.074857E+1	-4.264025E-3	4.139929E-4	2.294048E-3	-1.701644E+2
4.386140E+2	5.999182E+1	9.199191E+1	1.000408E+1	3.200009E+1	7.065852E+1	-4.270134E-3	4.137518E-4	2.275310E-3	-1.704082E+2
4.397390E+2	5.999186E+1	9.169282E+1	1.000305E+1	3.170097E+1	7.055884E+1	-4.276031E-3	4.137518E-4	2.264703E-3	-1.706436E+2
4.408570E+2	5.999187E+1	9.170093E+1	1.000418E+1	3.170906E+1	7.056156E+1	-4.296155E-3	4.139929E-4	2.230881E-3	-1.714467E+2
4.419730E+2	5.999208E+1	9.140858E+1	1.000306E+1	3.141650E+1	7.046425E+1	-4.304387E-3	4.139929E-4	2.214094E-3	-1.717752E+2
4.430900E+2	5.999207E+1	9.113235E+1	1.000411E+1	3.114028E+1	7.037217E+1	-4.320428E-3	4.137518E-4	2.187557E-3	-1.724153E+2
4.442090E+2	5.999177E+1	9.085204E+1	1.000316E+1	3.086027E+1	7.027853E+1	-4.322198E-3	4.137518E-4	2.189191E-3	-1.724860E+2
4.453290E+2	5.999216E+1	9.056627E+1	1.000414E+1	3.057412E+1	7.018353E+1	-4.334659E-3	4.139929E-4	2.162285E-3	-1.729832E+2
4.464470E+2	5.999210E+1	9.027891E+1	1.000416E+1	3.028680E+1	7.008771E+1	-4.343011E-3	4.139929E-4	2.149458E-3	-1.733166E+2
4.475680E+2	5.999176E+1	8.999114E+1	1.000420E+1	2.999938E+1	6.999156E+1	-4.355522E-3	4.139929E-4	2.133986E-3	-1.738158E+2
4.486910E+2	5.999220E+1	8.999071E+1	1.000415E+1	2.999851E+1	6.999170E+1	-4.372178E-3	4.139929E-4	2.099128E-3	-1.744805E+2
4.498120E+2	5.999210E+1	8.970736E+1	1.000415E+1	2.971526E+1	6.989718E+1	-4.384416E-3	4.137518E-4	2.080370E-3	-1.749689E+2
4.509290E+2	5.999191E+1	8.941715E+1	1.000424E+1	2.942524E+1	6.980032E+1	-4.393083E-3	4.139929E-4	2.069129E-3	-1.753148E+2
4.520470E+2	5.999215E+1	8.912247E+1	1.000356E+1	2.913033E+1	6.970225E+1	-4.404759E-3	4.139929E-4	2.045701E-3	-1.757807E+2
4.531660E+2	5.999178E+1	8.884579E+1	1.000418E+1	2.885401E+1	6.960978E+1	-4.414795E-3	4.137518E-4	2.034532E-3	-1.761812E+2
4.542820E+2	5.999207E+1	8.883787E+1	1.005494E+1	2.884580E+1	6.960734E+1	-4.430410E-3	4.139929E-4	2.004121E-3	-1.768044E+2
4.554170E+2	5.999132E+1	8.856389E+1	1.000393E+1	2.857257E+1	6.951551E+1	-4.444886E-3	4.373810E-4	1.991887E-3	-1.773821E+2
4.565360E+2	5.999118E+1	8.826467E+1	1.000360E+1	2.827349E+1	6.941568E+1	-4.455403E-3	4.378632E-4	1.976299E-3	-1.778018E+2
4.576560E+2	5.999134E+1	8.798875E+1	1.000397E+1	2.799741E+1	6.932381E+1	-4.462754E-3	4.378632E-4	1.961521E-3	-1.780951E+2
4.587820E+2	5.999217E+1	8.770447E+1	1.000423E+1	2.771230E+1	6.922961E+1	-4.474243E-3	4.378632E-4	1.929541E-3	-1.785536E+2
4.599040E+2	5.999176E+1	8.742245E+1	1.000406E+1	2.743070E+1	6.913532E+1	-4.483664E-3	4.378632E-4	1.920422E-3	-1.789296E+2
4.610250E+2	5.999222E+1	8.742156E+1	1.000416E+1	2.742934E+1	6.913533E+1	-4.504302E-3	4.378632E-4	1.878509E-3	-1.797532E+2
4.621600E+2	5.999207E+1	8.713046E+1	1.000308E+1	2.713838E+1	6.903820E+1	-4.507760E-3	4.378632E-4	1.875040E-3	-1.798912E+2
4.632800E+2	5.993876E+1	8.688587E+1	1.000419E+1	2.694711E+1	6.892113E+1	-4.524556E-3	4.378632E-4	2.690067E-3	-1.805615E+2
4.643990E+2	5.993869E+1	8.660242E+1	1.000417E+1	2.666373E+1	6.882660E+1	-4.549301E-3	4.378632E-4	3.020166E-3	-1.815490E+2
4.655150E+2	5.999215E+1	8.628355E+1	1.000410E+1	2.629140E+1	6.875595E+1	-4.553128E-3	4.381044E-4	2.609374E-3	-1.817017E+2
4.666350E+2	5.999162E+1	8.628693E+1	1.000411E+1	2.629532E+1	6.875672E+1	-4.568921E-3	4.381044E-4	2.608146E-3	-1.823319E+2
4.677550E+2	5.999108E+1	8.597798E+1	1.000412E+1	2.598690E+1	6.865338E+1	-4.577315E-3	4.381044E-4	2.602665E-3	-1.826669E+2
4.688780E+2	5.999133E+1	8.598073E+1	1.000405E+1	2.598941E+1	6.865446E+1	-4.592427E-3	4.381044E-4	2.573816E-3	-1.832700E+2
4.699980E+2	5.999110E+1	8.568499E+1	1.000381E+1	2.569389E+1	6.855573E+1	-4.600050E-3	4.381044E-4	2.564736E-3	-1.835742E+2
4.711220E+2	5.999127E+1	8.540003E+1	1.000395E+1	2.540876E+1	6.846086E+1	-4.607774E-3	4.378632E-4	2.549158E-3	-1.838824E+2
4.722400E+2	5.999117E+1	8.525314E+1	1.000285E+1	2.526197E+1	6.841183E+1	-4.620702E-3	4.378632E-4	2.529130E-3	-1.843984E+2
4.733720E+2	5.999189E+1	8.511770E+1	1.000384E+1	2.512580E+1	6.836716E+1	-4.626384E-3	4.378632E-4	2.508029E-3	-1.846251E+2
4.744990E+2	5.999211E+1	8.482559E+1	1.000417E+1	2.483348E+1	6.826994E+1	-4.640126E-3	4.378632E-4	2.481762E-3	-1.851735E+2
4.756370E+2	5.999118E+1	8.476419E+1	1.000291E+1	2.477301E+1	6.824885E+1	-4.655554E-3	4.378632E-4	2.470657E-3	-1.857892E+2
4.767600E+2	5.999117E+1	8.453626E+1	1.000387E+1	2.454509E+1	6.817286E+1	-4.663393E-3	4.381044E-4	2.457659E-3	-1.861020E+2
4.778800E+2	5.999107E+1	8.424143E+1	1.000285E+1	2.425036E+1	6.807452E+1	-4.670870E-3	4.381044E-4	2.447014E-3	-1.864004E+2
4.790010E+2	5.999127E+1	8.396821E+1	1.000389E+1	2.397694E+1	6.798359E+1	-4.686202E-3	4.381044E-4	2.417979E-3	-1.870123E+2
4.801240E+2	5.999157E+1	8.366536E+1	1.000275E+1	2.367379E+1	6.788283E+1	-4.690662E-3	4.381044E-4	2.406149E-3	-1.871902E+2
4.812400E+2	5.999185E+1	8.367661E+1	1.000386E+1	2.368476E+1	6.788677E+1	-4.708857E-3	4.381044E-4	2.371078E-3	-1.879164E+2
4.823620E+2	5.999189E+1	8.338140E+1	1.005501E+1	2.338951E+1	6.778839E+1	-4.716687E-3	4.381044E-4	2.357674E-3	-1.882288E+2
4.834910E+2	5.999208E+1	8.310286E+1	1.005623E+1	2.311078E+1	6.769567E+1	-4.728752E-3	4.614924E-4	2.334563E-3	-1.887103E+2
4.846190E+2	5.999193E+1	8.281022E+1	1.000363E+1	2.281829E+1	6.759803E+1	-4.731109E-3	4.892205E-4	2.332808E-3	-1.888044E+2
4.857400E+2	5.999208E+1	8.282019E+1	1.000418E+1	2.282811E+1	6.760145E+1	-4.752211E-3	4.899439E-4	2.295487E-3	-1.896465E+2
4.868730E+2	5.999116E+1	8.252611E+1	1.000386E+1	2.253495E+1	6.750281E+1	-4.761629E-3	4.899439E-4	2.294150E-3	-1.900223E+2
4.879950E+2	5.999114E+1	8.224177E+1	1.000330E+1	2.225063E+1	6.740802E+1	-4.768922E-3	4.899439E-4	2.282485E-3	-1.903134E+2
4.891160E+2	5.999172E+1	8.195642E+1	1.000370E+1	2.196470E+1	6.731328E+1	-4.779301E-3	4.899439E-4	2.255851E-3	-1.907276E+2
4.902380E+2	5.999141E+1	8.167597E+1	1.000389E+1	2.168456E+1	6.721960E+1	-4.786416E-3	4.899439E-4	2.249065E-3	-1.910115E+2
4.913580E+2	5.999208E+1	8.167767E+1	1.000403E+1	2.168559E+1	6.722061E+1	-4.800884E-3	4.899439E-4	2.213872E-3	-1.915889E+2
4.924830E+2	5.999216E+1	8.139213E+1	1.000400E+1	2.139997E+1	6.712548E+1	-4.813689E-3	4.899439E-4	2.191578E-3	-1.920999E+2
4.936020E+2	5.999229E+1	8.109466E+1	1.000377E+1	2.110237E+1	6.702641E+1	-4.817382E-3	4.899439E-4	2.183196E-3	-1.922472E+2
4.947190E+2	5.999174E+1	8.081595E+1	1.000402E+1	2.082421E+1	6.693315E+1	-4.826680E-3	4.899439E-4	2.176511E-3	-1.926183E+2
4.958380E+2	5.999220E+1	8.080555E+1	1.000288E+1	2.081335E+1	6.692998E+1	-4.842438E-3	4.899439E-4	2.142907E-3	-1.932472E+2
4.969570E+2	5.999187E+1	8.053148E+1	1.000411E+1	2.053961E+1	6.683841E+1	-4.854901E-3	4.899439E-4	2.127574E-3	-1.937446E+2
4.980730E+2	5.999187E+1	8.023067E+1	1.000294E+1	2.023880E+1	6.673814E+1	-4.861179E-3	4.899439E-4	2.116998E-3	-1.939951E+2
4.991960E+2	5.999220E+1	7.995554E+1	1.000410E+1	1.996334E+1	6.664665E+1	-4.871223E-3	4.899439E-4	2.094900E-3	-1.943959E+2
5.003220E+2	5.999218E+1	7.965980E+1	1.000296E+1	1.966763E+1	6.654805E+1	-4.881269E-3	4.899439E-4	2.078770E-3	-1.947968E+2
5.014460E+2	5.999185E+1	7.967051E+1	1.000406E+1	1.967866E+1	6.655141E+1	-4.903138E-3	4.899439E-4	2.047227E-3	-1.956695E+2
5.025630E+2	5.999220E+1	7.937951E+1	1.000294E+1	1.938731E+1	6.645463E+1	-4.911753E-3	4.899439E-4	2.027450E-3	-1.960133E+2
5.036790E+2	5.999210E+1	7.909737E+1	1.000401E+1	1.910526E+1	6.636052E+1	-4.921596E-3	4.899439E-4	2.012744E-3	-1.964061E+2
5.048010E+2	5.999141E+1	7.880533E+1	1.000298E+1	1.881392E+1	6.626272E+1	-4.933121E-3	4.899439E-4	2.004521E-3	-1.968661E+2
5.059270E+2	5.999131E+1	7.852301E+1	1.000385E+1	1.853170E+1	6.616855E+1	-4.942951E-3	4.899439E-4	1.989716E-3	-1.972583E+2
5.070550E+2	5.999225E+1	7.851601E+1	1.000266E+1	1.852375E+1	6.616684E+1	-4.962911E-3	4.899439E-4	1.941334E-3	-1.980549E+2
5.081770E+2	5.999189E+1	7.824303E+1	1.000410E+1	1.825114E+1	6.607561E+1	-4.974565E-3	4.899439E-4	1.927348E-3	-1.985200E+2
5.092950E+2	5.999229E+1	7.794405E+1	1.000299E+1	1.795176E+1	6.597621E+1	-4.979726E-3	4.899439E-4	1.912421E-3	-1.987259E+2
5.104140E+2	5.999188E+1	7.795360E+1	1.000398E+1	1.796172E+1	6.597912E+1	-4.996212E-3	4.899439E-4	1.891534E-3	-1.993838E+2
5.115350E+2	5.999229E+1	7.766212E+1	1.000297E+1	1.766983E+1	6.588223E+1	-5.008215E-3	4.899439E-4	1.865329E-3	-1.998628E+2
5.126600E+2	5.999225E+1	7.738647E+1	1.000409E+1	1.739422E+1	6.579032E+1	-5.016381E-3	4.899439E-4	1.852331E-3	-2.001887E+2
5.137800E+2	5.999190E+1	7.710690E+1	1.000290E+1	1.711500E+1	6.569690E+1	-5.025842E-3	4.899439E-4	1.841878E-3	-2.005663E+2
5.148990E+2	5.999222E+1	7.710620E+1	1.000399E+1	1.711398E+1	6.569688E+1	-5.049594E-3	4.899439E-4	1.797430E-3	-2.015141E+2
5.160210E+2	5.993866E+1	7.684230E+1	1.000335E+1	1.690364E+1	6.557320E+1	-5.054072E-3	4.899439E-4	2.636412E-3	-2.016929E+2
5.171400E+2	5.993865E+1	7.655379E+1	1.000403E+1	1.661514E+1	6.547703E+1	-5.084576E-3	4.899439E-4	2.958425E-3	-2.029102E+2
5.182580E+2	5.999230E+1	7.651823E+1	1.000410E+1	1.652593E+1	6.550094E+1	-5.101545E-3	4.899439E-4	2.523632E-3	-2.035873E+2
5.193760E+2	6.004585E+1	7.618866E+1	1.000401E+1	1.614281E+1	6.542678E+1	-5.108024E-3	4.899439E-4	1.694066E-3	-2.038459E+2
5.204940E+2	6.004628E+1	7.619230E+1	1.000417E+1	1.614602E+1	6.542829E+1	-5.120241E-3	4.899439E-4	1.666745E-3	-2.043334E+2
5.216130E+2	6.004560E+1	7.589704E+1	1.000403E+1	1.585144E+1	6.532942E+1	-5.129533E-3	4.899439E-4	1.662249E-3	-2.047043E+2
5.227480E+2	6.004619E+1	7.590561E+1	1.000361E+1	1.585943E+1	6.533266E+1	-5.143698E-3	4.899439E-4	1.629153E-3	-2.052696E+2
5.238730E+2	6.004607E+1	7.561736E+1	1.000401E+1	1.557129E+1	6.523650E+1	-5.144620E-3	4.899439E-4	1.629468E-3	-2.053064E+2
5.249950E+2	5.999191E+1	7.536802E+1	1.000411E+1	1.537611E+1	6.511728E+1	-5.152015E-3	4.899439E-4	2.462714E-3	-2.056015E+2
5.261170E+2	5.999188E+1	7.536727E+1	1.000404E+1	1.537539E+1	6.511701E+1	-5.165991E-3	4.899439E-4	2.440097E-3	-2.061592E+2
5.272390E+2	5.999203E+1	7.508162E+1	1.000396E+1	1.508958E+1	6.502190E+1	-5.174528E-3	4.899439E-4	2.423406E-3	-2.064999E+2
5.283570E+2	5.999221E+1	7.479969E+1	1.000402E+1	1.480748E+1	6.492804E+1	-5.183588E-3	4.899439E-4	2.405541E-3	-2.068614E+2
5.294760E+2	5.999216E+1	7.479910E+1	1.000409E+1	1.480694E+1	6.492781E+1	-5.201765E-3	4.899439E-4	2.376048E-3	-2.075868E+2
5.305910E+2	5.999217E+1	7.449438E+1	1.000359E+1	1.450221E+1	6.482624E+1	-5.208294E-3	4.899439E-4	2.364751E-3	-2.078474E+2
5.317080E+2	5.999210E+1	7.450846E+1	1.000416E+1	1.451636E+1	6.483089E+1	-5.221557E-3	4.899439E-4	2.343502E-3	-2.083767E+2
5.328270E+2	5.999216E+1	7.421242E+1	1.000294E+1	1.422025E+1	6.473225E+1	-5.229079E-3	4.899439E-4	2.330009E-3	-2.086769E+2
5.339480E+2	5.999219E+1	7.393499E+1	1.000375E+1	1.394281E+1	6.463979E+1	-5.239778E-3	4.899439E-4	2.311826E-3	-2.091038E+2
5.350660E+2	5.999214E+1	7.392646E+1	1.000284E+1	1.393432E+1	6.463691E+1	-5.254662E-3	4.899439E-4	2.287818E-3	-2.096978E+2
5.361890E+2	5.999236E+1	7.365197E+1	1.000395E+1	1.365961E+1	6.454557E+1	-5.265534E-3	4.899439E-4	2.266151E-3	-2.101317E+2
5.373190E+2	5.999120E+1	7.350730E+1	1.000361E+1	1.351610E+1	6.449656E+1	-5.275873E-3	4.899439E-4	2.267381E-3	-2.105443E+2
5.384470E+2	5.999204E+1	7.336128E+1	1.000398E+1	1.336924E+1	6.444845E+1	-5.285274E-3	4.899439E-4	2.238336E-3	-2.109194E+2
5.395720E+2	5.999178E+1	7.306928E+1	1.000377E+1	1.307750E+1	6.435095E+1	-5.294425E-3	4.899439E-4	2.227194E-3	-2.112846E+2
5.406880E+2	5.999203E+1	7.307816E+1	1.000390E+1	1.308613E+1	6.435407E+1	-5.310760E-3	4.899439E-4	2.196307E-3	-2.119365E+2
5.418110E+2	5.999173E+1	7.278682E+1	1.000406E+1	1.279510E+1	6.425676E+1	-5.318949E-3	4.899439E-4	2.187430E-3	-2.122633E+2
5.429350E+2	5.999181E+1	7.251369E+1	1.000411E+1	1.252188E+1	6.416577E+1	-5.327418E-3	4.899439E-4	2.171875E-3	-2.126013E+2
5.440520E+2	5.999216E+1	7.250766E+1	1.000297E+1	1.251550E+1	6.416399E+1	-5.344280E-3	4.899439E-4	2.138182E-3	-2.132742E+2
5.451710E+2	5.999206E+1	7.222846E+1	1.000410E+1	1.223640E+1	6.407086E+1	-5.355571E-3	4.899439E-4	2.120942E-3	-2.137248E+2
5.462920E+2	5.999206E+1	7.193270E+1	1.000289E+1	1.194064E+1	6.397228E+1	-5.361380E-3	4.899439E-4	2.111507E-3	-2.139566E+2
5.474120E+2	5.999185E+1	7.194171E+1	1.000407E+1	1.194986E+1	6.397514E+1	-5.381005E-3	4.899439E-4	2.081894E-3	-2.147398E+2
5.485310E+2	5.999170E+1	7.164739E+1	1.000295E+1	1.165568E+1	6.387693E+1	-5.386781E-3	4.899439E-4	2.074384E-3	-2.149703E+2
5.496500E+2	5.999206E+1	7.165267E+1	1.000404E+1	1.166060E+1	6.387893E+1	-5.397782E-3	4.899439E-4	2.050632E-3	-2.154093E+2
5.507740E+2	5.999172E+1	7.136089E+1	1.000283E+1	1.136917E+1	6.378144E+1	-5.412102E-3	4.899439E-4	2.031905E-3	-2.159808E+2
5.518930E+2	5.999187E+1	7.107849E+1	1.000403E+1	1.108662E+1	6.368741E+1	-5.423411E-3	4.899439E-4	2.010958E-3	-2.164320E+2
5.530090E+2	5.999189E+1	7.107906E+1	1.000421E+1	1.108717E+1	6.368761E+1	-5.437560E-3	4.899439E-4	1.987089E-3	-2.169967E+2
5.541230E+2	5.999189E+1	7.078771E+1	1.000401E+1	1.079582E+1	6.359050E+1	-5.443498E-3	4.899439E-4	1.977198E-3	-2.172337E+2
5.552440E+2	5.999110E+1	7.079327E+1	1.000403E+1	1.080218E+1	6.359182E+1	-5.461255E-3	4.899439E-4	1.959921E-3	-2.179423E+2
5.563690E+2	5.999111E+1	7.050699E+1	1.000376E+1	1.051588E+1	6.349640E+1	-5.465981E-3	4.899439E-4	1.951807E-3	-2.181309E+2
5.574940E+2	5.999094E+1	7.034105E+1	1.000386E+1	1.035011E+1	6.344097E+1	-5.482388E-3	4.899439E-4	1.927494E-3	-2.187856E+2
5.586250E+2	5.999168E+1	7.022860E+1	1.000404E+1	1.023692E+1	6.340399E+1	-5.498660E-3	4.899439E-4	1.888632E-3	-2.194350E+2
5.597490E+2	5.999215E+1	6.993921E+1	1.000282E+1	9.947060E+0	6.330784E+1	-5.500402E-3	4.899439E-4	1.878072E-3	-2.195046E+2
5.608700E+2	5.999210E+1	6.993469E+1	1.000404E+1	9.942596E+0	6.330629E+1	-5.515414E-3	4.899439E-4	1.853911E-3	-2.201036E+2
5.619930E+2	5.999157E+1	6.964651E+1	1.000290E+1	9.654941E+0	6.320989E+1	-5.522654E-3	4.899439E-4	1.850353E-3	-2.203926E+2
5.631120E+2	5.993843E+1	6.968869E+1	1.000402E+1	9.750258E+0	6.318852E+1	-5.543683E-3	4.899439E-4	2.655315E-3	-2.212318E+2
5.642300E+2	5.999174E+1	6.936741E+1	1.000366E+1	9.375672E+0	6.311696E+1	-5.563534E-3	4.899439E-4	2.148814E-3	-2.220239E+2
5.653510E+2	5.999176E+1	6.936748E+1	1.000403E+1	9.375723E+0	6.311700E+1	-5.575912E-3	4.899439E-4	2.143025E-3	-2.225179E+2
5.664750E+2	5.999173E+1	6.908572E+1	1.000403E+1	9.093992E+0	6.302306E+1	-5.581277E-3	4.899439E-4	2.134811E-3	-2.227320E+2
5.675930E+2	5.999168E+1	6.908552E+1	1.000411E+1	9.093848E+0	6.302296E+1	-5.594986E-3	4.899439E-4	2.112821E-3	-2.232791E+2
5.687110E+2	5.999117E+1	6.879759E+1	1.000411E+1	8.806422E+0	6.292665E+1	-5.602526E-3	4.899439E-4	2.108222E-3	-2.235800E+2
5.698300E+2	5.999113E+1	6.879038E+1	1.000407E+1	8.799249E+0	6.292422E+1	-5.614264E-3	4.899439E-4	2.089031E-3	-2.240484E+2
5.709470E+2	5.999188E+1	6.851317E+1	1.000416E+1	8.521289E+0	6.283231E+1	-5.624071E-3	4.899439E-4	2.060878E-3	-2.244398E+2
5.720640E+2	5.999122E+1	6.850801E+1	1.000286E+1	8.516787E+0	6.283015E+1	-5.639431E-3	4.899439E-4	2.046025E-3	-2.250528E+2
5.731830E+2	5.999096E+1	6.823016E+1	1.000394E+1	8.239197E+0	6.273736E+1	-5.646033E-3	4.899439E-4	2.038828E-3	-2.253162E+2
5.743020E+2	5.999122E+1	6.822773E+1	1.000253E+1	8.236511E+0	6.273672E+1	-5.659569E-3	4.899439E-4	2.012241E-3	-2.258564E+2
5.754170E+2	5.999126E+1	6.795050E+1	1.000407E+1	7.959247E+0	6.264434E+1	-5.670457E-3	4.899439E-4	1.993262E-3	-2.262909E+2
5.765370E+2	5.999126E+1	6.795084E+1	1.000399E+1	7.959582E+0	6.264445E+1	-5.678909E-3	4.899439E-4	1.979424E-3	-2.266282E+2
5.776550E+2	5.999110E+1	6.765072E+1	1.000377E+1	7.659617E+0	6.254431E+1	-5.689910E-3	4.899439E-4	1.963512E-3	-2.270672E+2
5.787730E+2	5.999109E+1	6.765164E+1	1.000375E+1	7.660546E+0	6.254460E+1	-5.703212E-3	4.899439E-4	1.941354E-3	-2.275981E+2
5.798920E+2	5.999118E+1	6.735658E+1	1.000378E+1	7.365392E+0	6.244631E+1	-5.709104E-3	4.899439E-4	1.930034E-3	-2.278332E+2
5.810100E+2	5.999112E+1	6.736251E+1	1.000378E+1	7.371395E+0	6.244825E+1	-5.726067E-3	4.899439E-4	1.902863E-3	-2.285102E+2
5.821260E+2	5.999112E+1	6.706360E+1	1.000264E+1	7.072476E+0	6.234861E+1	-5.733081E-3	4.899439E-4	1.891120E-3	-2.287901E+2
5.832430E+2	5.999120E+1	6.706997E+1	1.000364E+1	7.078771E+0	6.235079E+1	-5.742373E-3	4.899439E-4	1.874437E-3	-2.291609E+2
5.843630E+2	5.999096E+1	6.677921E+1	1.000274E+1	6.788251E+0	6.225371E+1	-5.754710E-3	4.899439E-4	1.857565E-3	-2.296532E+2
5.854880E+2	5.999185E+1	6.678664E+1	1.000403E+1	6.794788E+0	6.225678E+1	-5.769729E-3	4.899439E-4	1.818500E-3	-2.302526E+2
5.866150E+2	5.999216E+1	6.648756E+1	1.000282E+1	6.495396E+0	6.215729E+1	-5.780919E-3	4.899439E-4	1.794976E-3	-2.306992E+2
5.877390E+2	5.999189E+1	6.649508E+1	1.000397E+1	6.503186E+0	6.215962E+1	-5.794523E-3	4.899439E-4	1.776598E-3	-2.312420E+2
5.888590E+2	5.999190E+1	6.648806E+1	1.000330E+1	6.496163E+0	6.215729E+1	-5.809934E-3	4.899439E-4	1.751049E-3	-2.318570E+2
5.899850E+2	5.993883E+1	6.624441E+1	1.000411E+1	6.305579E+0	6.204069E+1	-5.821748E-3	4.899439E-4	2.569732E-3	-2.323285E+2
5.911130E+2	5.999146E+1	6.620596E+1	1.000378E+1	6.214502E+0	6.206296E+1	-5.834799E-3	4.899439E-4	2.086977E-3	-2.328493E+2
5.922390E+2	5.999113E+1	6.592010E+1	1.000381E+1	5.928974E+0	6.196745E+1	-5.841590E-3	4.899439E-4	2.095319E-3	-2.331203E+2
5.933650E+2	5.999128E+1	6.591896E+1	1.000386E+1	5.927673E+0	6.196717E+1	-5.858332E-3	4.899439E-4	2.065200E-3	-2.337885E+2
5.944820E+2	5.999217E+1	6.591890E+1	1.000374E+1	5.926727E+0	6.196775E+1	-5.869239E-3	4.899439E-4	2.032984E-3	-2.342237E+2
5.956030E+2	5.999187E+1	6.563025E+1	1.000378E+1	5.638381E+0	6.187133E+1	-5.872302E-3	4.899439E-4	2.032465E-3	-2.343460E+2
5.967190E+2	5.999201E+1	6.563883E+1	1.000381E+1	5.646821E+0	6.187429E+1	-5.885722E-3	4.899439E-4	2.007820E-3	-2.348815E+2
5.978360E+2	5.999206E+1	6.563228E+1	1.000266E+1	5.640227E+0	6.187213E+1	-5.902360E-3	4.899439E-4	1.979382E-3	-2.355455E+2
5.989550E+2	5.999217E+1	6.534800E+1	1.000381E+1	5.355824E+0	6.177745E+1	-5.912338E-3	4.899439E-4	1.960712E-3	-2.359437E+2
6.000750E+2	5.999175E+1	6.534147E+1	1.000290E+1	5.349717E+0	6.177499E+1	-5.926812E-3	4.899439E-4	1.943235E-3	-2.365213E+2
6.011910E+2	5.999206E+1	6.506061E+1	1.000403E+1	5.068544E+0	6.168158E+1	-5.934485E-3	4.899439E-4	1.925813E-3	-2.368275E+2
6.023120E+2	5.999206E+1	6.506032E+1	1.000310E+1	5.068256E+0	6.168148E+1	-5.944287E-3	4.899439E-4	1.909486E-3	-2.372187E+2
6.034320E+2	5.999207E+1	6.505958E+1	1.000393E+1	5.067511E+0	6.168124E+1	-5.959217E-3	4.899439E-4	1.884256E-3	-2.378145E+2
6.045570E+2	5.999213E+1	6.477218E+1	1.000286E+1	4.780049E+0	6.158548E+1	-5.966025E-3	4.899439E-4	1.871891E-3	-2.380862E+2
6.056770E+2	5.999212E+1	6.477208E+1	1.000396E+1	4.779965E+0	6.158544E+1	-5.981383E-3	4.899439E-4	1.846550E-3	-2.386991E+2
6.067980E+2	5.999187E+1	6.448943E+1	1.000386E+1	4.497556E+0	6.149106E+1	-5.986574E-3	4.899439E-4	1.842063E-3	-2.389062E+2
6.079160E+2	5.999187E+1	6.448795E+1	1.000388E+1	4.496070E+0	6.149056E+1	-6.002976E-3	4.899439E-4	1.814683E-3	-2.395608E+2
6.090360E+2	5.999211E+1	6.448807E+1	1.000407E+1	4.495957E+0	6.149076E+1	-6.014097E-3	4.899439E-4	1.792180E-3	-2.400046E+2
6.101550E+2	5.999186E+1	6.419795E+1	1.000401E+1	4.206091E+0	6.139389E+1	-6.023549E-3	4.899439E-4	1.780476E-3	-2.403818E+2
6.112800E+2	5.999131E+1	6.419827E+1	1.000393E+1	4.206965E+0	6.139363E+1	-6.038189E-3	4.899439E-4	1.764774E-3	-2.409660E+2
6.123970E+2	5.999102E+1	6.390597E+1	1.000403E+1	3.914958E+0	6.129600E+1	-6.044740E-3	4.899439E-4	1.758444E-3	-2.412274E+2
6.135130E+2	5.993889E+1	6.394973E+1	1.000417E+1	4.010844E+0	6.127584E+1	-6.060768E-3	4.899439E-4	2.555937E-3	-2.418671E+2
6.146310E+2	5.999135E+1	6.390643E+1	1.000295E+1	3.915083E+0	6.129638E+1	-6.068455E-3	4.899439E-4	2.078020E-3	-2.421738E+2
6.157480E+2	5.999129E+1	6.362753E+1	1.000400E+1	3.636232E+0	6.120337E+1	-6.073469E-3	4.899439E-4	2.084255E-3	-2.423739E+2
6.168680E+2	5.999146E+1	6.362689E+1	1.000270E+1	3.635432E+0	6.120327E+1	-6.087572E-3	4.899439E-4	2.058172E-3	-2.429367E+2
6.179900E+2	5.999119E+1	6.343177E+1	1.000388E+1	3.440575E+0	6.113805E+1	-6.099999E-3	4.899439E-4	2.041934E-3	-2.434327E+2
6.191160E+2	5.999189E+1	6.334164E+1	1.000266E+1	3.349742E+0	6.110847E+1	-6.110820E-3	4.899439E-4	2.012816E-3	-2.438645E+2
6.202380E+2	5.999208E+1	6.334889E+1	1.000400E+1	3.356811E+0	6.111102E+1	-6.122247E-3	4.899439E-4	1.990586E-3	-2.443205E+2
6.213550E+2	5.999152E+1	6.306415E+1	1.000278E+1	3.072630E+0	6.101573E+1	-6.128338E-3	4.899439E-4	1.989245E-3	-2.445636E+2
6.224720E+2	5.999023E+1	6.306395E+1	1.000379E+1	3.073722E+0	6.101480E+1	-6.142646E-3	4.899439E-4	1.985912E-3	-2.451346E+2
6.236070E+2	5.999210E+1	6.276580E+1	1.000286E+1	2.773703E+0	6.091667E+1	-6.152256E-3	4.899439E-4	1.940300E-3	-2.455181E+2
6.247260E+2	5.999196E+1	6.277524E+1	1.000410E+1	2.783278E+0	6.091972E+1	-6.163406E-3	4.899439E-4	1.923959E-3	-2.459630E+2
6.258470E+2	5.999181E+1	6.247648E+1	1.000293E+1	2.484668E+0	6.082004E+1	-6.173990E-3	4.899439E-4	1.908861E-3	-2.463854E+2
6.269660E+2	5.999207E+1	6.248532E+1	1.000401E+1	2.493252E+0	6.082315E+1	-6.190154E-3	4.899439E-4	1.877958E-3	-2.470305E+2
6.280820E+2	5.999181E+1	6.220085E+1	1.000331E+1	2.209048E+0	6.072816E+1	-6.191885E-3	4.899439E-4	1.878932E-3	-2.470996E+2
6.292040E+2	5.999220E+1	6.220130E+1	1.000402E+1	2.209099E+0	6.072857E+1	-6.205562E-3	4.899439E-4	1.849881E-3	-2.476454E+2
6.303270E+2	5.999164E+1	6.220187E+1	1.005540E+1	2.210231E+0	6.072838E+1	-6.218667E-3	4.899439E-4	1.836976E-3	-2.481683E+2
6.314480E+2	5.999129E+1	6.190744E+1	1.000387E+1	1.916144E+0	6.063001E+1	-6.229182E-3	5.130908E-4	1.824888E-3	-2.485880E+2
6.325720E+2	5.999131E+1	6.190738E+1	1.000301E+1	1.916070E+0	6.063000E+1	-6.241983E-3	5.138142E-4	1.803083E-3	-2.490988E+2
6.336920E+2	5.999178E+1	6.166485E+1	1.000382E+1	1.673068E+0	6.054947E+1	-6.249681E-3	5.138142E-4	1.782784E-3	-2.494060E+2
6.348160E+2	5.999222E+1	6.162304E+1	1.000274E+1	1.630819E+0	6.053583E+1	-6.262062E-3	5.138142E-4	1.755468E-3	-2.499001E+2
6.359380E+2	5.999218E+1	6.162499E+1	1.000416E+1	1.632813E+0	6.053645E+1	-6.275542E-3	5.138142E-4	1.733438E-3	-2.504380E+2
6.370570E+2	5.999217E+1	6.133935E+1	1.000410E+1	1.347176E+0	6.044123E+1	-6.282386E-3	5.138142E-4	1.722400E-3	-2.507112E+2
6.381770E+2	5.993855E+1	6.137039E+1	1.000404E+1	1.431840E+0	6.041583E+1	-6.298738E-3	5.138142E-4	2.542448E-3	-2.513637E+2
6.392970E+2	5.993874E+1	6.109354E+1	1.000411E+1	1.154800E+0	6.032368E+1	-6.311550E-3	5.138142E-4	2.892784E-3	-2.518750E+2
6.404170E+2	5.999215E+1	6.105576E+1	1.000402E+1	1.063610E+0	6.034668E+1	-6.316526E-3	5.138142E-4	2.483090E-3	-2.520736E+2
6.415360E+2	5.999224E+1	6.105785E+1	1.000363E+1	1.065608E+0	6.034744E+1	-6.337347E-3	5.138142E-4	2.462815E-3	-2.529045E+2
6.426550E+2	5.999221E+1	6.075752E+1	1.000404E+1	7.653020E-1	6.024731E+1	-6.342998E-3	5.138142E-4	2.454066E-3	-2.531300E+2
6.437740E+2	5.999206E+1	6.076695E+1	1.000403E+1	7.748891E-1	6.025036E+1	-6.352401E-3	5.138142E-4	2.440816E-3	-2.535053E+2
6.448980E+2	5.999206E+1	6.075928E+1	1.000410E+1	7.672208E-1	6.024780E+1	-6.361419E-3	5.138142E-4	2.425795E-3	-2.538651E+2
6.460250E+2	5.999117E+1	6.047936E+1	1.000406E+1	4.881993E-1	6.015390E+1	-6.376289E-3	5.138142E-4	2.415196E-3	-2.544586E+2
6.471500E+2	5.999107E+1	6.047865E+1	1.000372E+1	4.875848E-1	6.015360E+1	-6.385498E-3	5.138142E-4	2.401123E-3	-2.548261E+2
6.482870E+2	5.999187E+1	6.047140E+1	1.000294E+1	4.795280E-1	6.015172E+1	-6.403288E-3	5.138142E-4	2.358767E-3	-2.555360E+2
6.494100E+2	5.999205E+1	6.019442E+1	1.000406E+1	2.023697E-1	6.005950E+1	-6.407113E-3	5.138142E-4	2.349684E-3	-2.556886E+2
