Temps(s)	Pc(MPa)	Pax(MPa)	Ppam(MPa)	Q(MPa)	Pmoy(MPa)	Defaxcapt	Defvolfluide	Defvolconf	Deplct(µm)
1.867000E+0	1.999042E+1	2.020332E+1	1.000533E+1	2.129008E-1	2.006138E+1	6.480281E-6	0.000000E+0	1.169397E-5	2.595353E-1
2.985000E+0	2.004543E+1	2.020608E+1	1.000530E+1	1.606532E-1	2.009898E+1	6.674012E-6	0.000000E+0	-9.232950E-4	2.672942E-1
4.099000E+0	2.004540E+1	2.020424E+1	1.000517E+1	1.588384E-1	2.009834E+1	9.193022E-6	0.000000E+0	-9.227945E-4	3.681805E-1
5.218000E+0	1.999045E+1	2.020524E+1	1.000512E+1	2.147936E-1	2.006205E+1	6.030889E-6	0.000000E+0	1.110407E-5	2.415371E-1
6.333000E+0	2.004536E+1	2.020527E+1	1.005586E+1	1.599073E-1	2.009867E+1	5.379913E-6	0.000000E+0	-9.221510E-4	2.154655E-1
7.511000E+0	2.004543E+1	2.020311E+1	1.005724E+1	1.576895E-1	2.009799E+1	3.166911E-6	1.660220E-5	-9.232950E-4	1.268348E-1
8.631000E+0	2.004529E+1	2.020568E+1	1.005718E+1	1.603839E-1	2.009875E+1	4.111658E-6	4.427255E-5	-9.207925E-4	1.646719E-1
9.750000E+0	2.004527E+1	2.020599E+1	1.005717E+1	1.607271E-1	2.009884E+1	7.112642E-7	7.555206E-5	-9.174047E-4	2.848613E-2
1.086700E+1	2.004536E+1	2.020576E+1	1.000509E+1	1.604060E-1	2.009883E+1	4.091195E-6	1.099595E-4	-9.191564E-4	1.638524E-1
1.198400E+1	1.999018E+1	2.020571E+1	1.000428E+1	2.155281E-1	2.006202E+1	5.615288E-7	1.109220E-4	1.864353E-5	2.248923E-2
1.309700E+1	1.999027E+1	2.020274E+1	1.000516E+1	2.124678E-1	2.006110E+1	9.139573E-7	1.106814E-4	1.714913E-5	3.660399E-2
1.421500E+1	2.004537E+1	2.020522E+1	1.000413E+1	1.598504E-1	2.009865E+1	3.182617E-6	1.109220E-4	-9.192994E-4	1.274638E-1
1.532800E+1	2.004540E+1	2.020386E+1	1.000518E+1	1.584619E-1	2.009822E+1	8.436307E-6	1.106814E-4	-9.199787E-4	3.378741E-1
1.644500E+1	2.004534E+1	2.020516E+1	1.000526E+1	1.598202E-1	2.009861E+1	8.866214E-6	1.109220E-4	-9.187632E-4	3.550919E-1
1.755900E+1	2.004545E+1	2.020501E+1	1.000478E+1	1.595606E-1	2.009864E+1	5.144726E-6	1.106814E-4	-9.209081E-4	2.060463E-1
1.867200E+1	1.999032E+1	2.020300E+1	1.000514E+1	2.126816E-1	2.006121E+1	1.473507E-6	1.109220E-4	1.611041E-5	5.901397E-2
1.978700E+1	1.999033E+1	2.037947E+1	1.000413E+1	3.891317E-1	2.012004E+1	2.573271E-6	1.106814E-4	1.607342E-5	1.030595E-1
2.090300E+1	2.004536E+1	2.055222E+1	1.000517E+1	5.068558E-1	2.021432E+1	1.939348E-6	1.109220E-4	-9.192637E-4	7.767088E-2
2.202100E+1	2.004532E+1	2.073208E+1	1.000539E+1	6.867641E-1	2.027424E+1	-7.675347E-6	1.109220E-4	-9.183699E-4	-3.073977E-1
2.314100E+1	2.004538E+1	2.073202E+1	1.000518E+1	6.866442E-1	2.027426E+1	-7.865029E-6	1.106814E-4	-9.195139E-4	-3.149944E-1
2.425300E+1	2.004531E+1	2.055348E+1	1.000520E+1	5.081764E-1	2.021470E+1	-3.956330E-6	1.109220E-4	-9.184318E-4	-1.584510E-1
2.537000E+1	2.009805E+1	2.073208E+1	1.000436E+1	6.340278E-1	2.030940E+1	-9.119520E-6	1.109220E-4	-1.907048E-3	-3.652368E-1
2.648500E+1	2.009811E+1	2.089836E+1	1.000534E+1	8.002477E-1	2.036486E+1	-6.467061E-6	1.109220E-4	-2.363188E-3	-2.590058E-1
2.760200E+1	2.009793E+1	2.073214E+1	1.000453E+1	6.342036E-1	2.030934E+1	-5.022285E-6	1.106814E-4	-2.972425E-3	-2.011425E-1
2.871400E+1	2.009833E+1	2.073205E+1	1.000539E+1	6.337263E-1	2.030957E+1	-4.220567E-6	1.109220E-4	-3.737440E-3	-1.690337E-1
2.983200E+1	2.009812E+1	2.073179E+1	1.000542E+1	6.336714E-1	2.030935E+1	-5.929988E-6	1.109220E-4	-4.641683E-3	-2.374960E-1
3.094300E+1	2.004553E+1	2.055351E+1	1.000433E+1	5.079827E-1	2.021486E+1	-8.479894E-6	1.106814E-4	-4.708844E-3	-3.396198E-1
3.206200E+1	1.999088E+1	2.073179E+1	1.000545E+1	7.409094E-1	2.023785E+1	-9.936268E-6	1.109220E-4	-3.816483E-3	-3.979475E-1
3.317700E+1	2.004700E+1	2.073242E+1	1.000436E+1	6.854264E-1	2.027547E+1	-1.792695E-6	1.106814E-4	-4.772463E-3	-7.179745E-2
3.429200E+1	2.004560E+1	2.073176E+1	1.000541E+1	6.861633E-1	2.027432E+1	-5.244993E-6	1.109220E-4	-4.746223E-3	-2.100620E-1
3.540500E+1	2.004554E+1	2.073144E+1	1.000535E+1	6.858988E-1	2.027418E+1	-9.750754E-6	1.106814E-4	-4.745462E-3	-3.905177E-1
3.652500E+1	2.009823E+1	2.073190E+1	1.000498E+1	6.336719E-1	2.030946E+1	-9.160584E-6	1.109220E-4	-5.732765E-3	-3.668814E-1
3.763900E+1	2.009818E+1	2.073118E+1	1.000483E+1	6.330047E-1	2.030918E+1	-4.954588E-7	1.106814E-4	-6.186279E-3	-1.984312E-2
3.875700E+1	2.009819E+1	2.055273E+1	1.000430E+1	4.545425E-1	2.024970E+1	-6.909822E-6	1.109220E-4	-6.798851E-3	-2.767384E-1
3.986900E+1	2.004549E+1	2.037667E+1	1.000528E+1	3.311776E-1	2.015589E+1	3.232319E-6	1.109220E-4	-6.569572E-3	1.294544E-1
4.098600E+1	2.004539E+1	2.055282E+1	1.000531E+1	5.074359E-1	2.021453E+1	-1.914787E-6	1.109220E-4	-6.594519E-3	-7.668721E-2
4.209900E+1	2.004547E+1	2.055285E+1	1.000526E+1	5.073832E-1	2.021460E+1	1.524914E-6	1.106814E-4	-6.595780E-3	6.107282E-2
4.321800E+1	2.004561E+1	2.037705E+1	1.000545E+1	3.314347E-1	2.015609E+1	2.812726E-7	1.109220E-4	-6.598737E-3	1.126497E-2
4.432900E+1	2.004550E+1	2.037883E+1	1.000436E+1	3.333267E-1	2.015661E+1	4.748773E-6	1.106814E-4	-6.596904E-3	1.901883E-1
4.544600E+1	2.004536E+1	2.037690E+1	1.000539E+1	3.315412E-1	2.015587E+1	4.135409E-6	1.109220E-4	-6.593947E-3	1.656231E-1
4.656200E+1	2.004560E+1	2.037903E+1	1.000537E+1	3.334211E-1	2.015675E+1	2.145694E-6	1.106814E-4	-6.598835E-3	8.593504E-2
4.767800E+1	2.009814E+1	2.073184E+1	1.000537E+1	6.337014E-1	2.030938E+1	-6.455013E-6	1.109220E-4	-7.583554E-3	-2.585233E-1
4.879000E+1	2.009831E+1	2.073138E+1	1.000532E+1	6.330713E-1	2.030934E+1	-3.488874E-6	1.106814E-4	-8.042454E-3	-1.397294E-1
4.990600E+1	2.009806E+1	2.073176E+1	1.000423E+1	6.336959E-1	2.030930E+1	-5.069325E-6	1.109220E-4	-8.649442E-3	-2.030265E-1
5.102100E+1	2.009827E+1	2.055078E+1	1.000524E+1	4.525078E-1	2.024910E+1	-3.055870E-6	1.106814E-4	-9.412637E-3	-1.223876E-1
5.214000E+1	2.004548E+1	2.037854E+1	1.000533E+1	3.330656E-1	2.015650E+1	7.328374E-6	1.109220E-4	-9.329512E-3	2.935014E-1
5.325100E+1	1.999079E+1	2.020579E+1	1.000529E+1	2.149925E-1	2.006246E+1	2.650156E-6	1.106814E-4	-8.431743E-3	1.061388E-1
5.437000E+1	1.999080E+1	2.037923E+1	1.000529E+1	3.884291E-1	2.012028E+1	-1.410640E-6	1.109220E-4	-8.431882E-3	-5.649611E-2
5.548300E+1	1.999067E+1	2.055325E+1	1.000403E+1	5.625828E-1	2.017820E+1	-5.001942E-6	1.106814E-4	-8.429488E-3	-2.003278E-1
5.660300E+1	2.004551E+1	2.073113E+1	1.000523E+1	6.856187E-1	2.027405E+1	-5.503168E-6	1.109220E-4	-9.361711E-3	-2.204019E-1
5.772000E+1	2.004534E+1	2.073171E+1	1.000400E+1	6.863639E-1	2.027413E+1	-5.189999E-6	1.106814E-4	-9.358289E-3	-2.078595E-1
5.883100E+1	2.009819E+1	2.073193E+1	1.000495E+1	6.337440E-1	2.030944E+1	-1.413508E-6	1.109220E-4	-1.034884E-2	-5.661100E-2
5.994600E+1	2.009781E+1	2.089945E+1	1.000513E+1	8.016450E-1	2.036502E+1	-7.211442E-6	1.109220E-4	-1.079981E-2	-2.888183E-1
6.106800E+1	2.015126E+1	2.073248E+1	1.000507E+1	5.812193E-1	2.034500E+1	-1.613047E-6	1.106814E-4	-1.241425E-2	-6.460254E-2
6.218100E+1	2.009819E+1	2.073142E+1	1.000511E+1	6.332261E-1	2.030927E+1	-5.004742E-6	1.109220E-4	-1.268445E-2	-2.004399E-1
6.329600E+1	2.009798E+1	2.073191E+1	1.000406E+1	6.339282E-1	2.030929E+1	-9.276489E-6	1.106814E-4	-1.379596E-2	-3.715234E-1
6.441600E+1	2.004527E+1	2.073156E+1	1.000517E+1	6.862907E-1	2.027403E+1	-9.693732E-6	1.109220E-4	-1.405443E-2	-3.882340E-1
6.552800E+1	1.999028E+1	2.073156E+1	1.000499E+1	7.412833E-1	2.023737E+1	-5.269296E-6	1.106814E-4	-1.316291E-2	-2.110353E-1
6.664400E+1	2.004526E+1	2.073185E+1	1.000507E+1	6.865944E-1	2.027412E+1	-3.768441E-6	1.109220E-4	-1.409725E-2	-1.509261E-1
6.776200E+1	2.004508E+1	2.073130E+1	1.000515E+1	6.862256E-1	2.027382E+1	-1.102995E-5	1.109220E-4	-1.409437E-2	-4.417496E-1
6.887200E+1	2.009780E+1	2.089931E+1	1.000397E+1	8.015087E-1	2.036497E+1	-1.340017E-5	1.109220E-4	-1.508231E-2	-5.366769E-1
6.998600E+1	2.015060E+1	2.089793E+1	1.000509E+1	7.473245E-1	2.039971E+1	-5.297514E-6	1.109220E-4	-1.652724E-2	-2.121654E-1
7.110400E+1	2.015088E+1	2.089939E+1	1.000532E+1	7.485160E-1	2.040038E+1	-1.297168E-5	1.109220E-4	-1.765027E-2	-5.195159E-1
7.221700E+1	2.015074E+1	2.089934E+1	1.000520E+1	7.485996E-1	2.040027E+1	-9.660033E-6	1.109220E-4	-1.912065E-2	-3.868843E-1
7.333400E+1	2.004541E+1	2.073147E+1	1.000527E+1	6.860605E-1	2.027410E+1	-4.143004E-6	1.109220E-4	-1.896170E-2	-1.659273E-1
7.444800E+1	1.999017E+1	2.020501E+1	1.000425E+1	2.148386E-1	2.006178E+1	1.548615E-6	1.106814E-4	-1.808814E-2	6.202204E-2
7.556800E+1	1.999014E+1	2.020242E+1	1.000528E+1	2.122764E-1	2.006090E+1	3.875327E-6	1.109220E-4	-1.808745E-2	1.552068E-1
7.668100E+1	1.999018E+1	2.020472E+1	1.000419E+1	2.145415E-1	2.006169E+1	9.148798E-6	1.106814E-4	-1.808814E-2	3.664094E-1
7.779700E+1	1.999032E+1	2.020475E+1	1.000517E+1	2.144284E-1	2.006180E+1	8.414937E-6	1.109220E-4	-1.809074E-2	3.370182E-1
7.891500E+1	1.999057E+1	2.037912E+1	1.000520E+1	3.885448E-1	2.012009E+1	-5.232518E-7	1.106814E-4	-1.809553E-2	-2.095623E-2
8.003100E+1	1.999063E+1	2.055331E+1	1.000433E+1	5.626779E-1	2.017819E+1	-5.467811E-8	1.109220E-4	-1.809661E-2	-2.189858E-3
8.114700E+1	1.999064E+1	2.055118E+1	1.000528E+1	5.605392E-1	2.017749E+1	-7.481590E-6	1.109220E-4	-1.809654E-2	-2.996377E-1
8.226300E+1	2.004523E+1	2.055305E+1	1.000424E+1	5.078173E-1	2.021451E+1	-4.703762E-6	1.109220E-4	-1.902382E-2	-1.883857E-1
8.337600E+1	2.009798E+1	2.073144E+1	1.000528E+1	6.334595E-1	2.030914E+1	-1.828917E-6	1.106814E-4	-2.001275E-2	-7.324812E-2
8.449300E+1	2.009809E+1	2.073202E+1	1.000539E+1	6.339263E-1	2.030940E+1	-9.446697E-6	1.109220E-4	-2.047099E-2	-3.783402E-1
8.560900E+1	2.009794E+1	2.073162E+1	1.000520E+1	6.336754E-1	2.030917E+1	-2.871509E-6	1.106814E-4	-2.108245E-2	-1.150039E-1
8.672400E+1	2.009819E+1	2.073136E+1	1.000486E+1	6.331672E-1	2.030925E+1	-8.796882E-6	1.109220E-4	-2.184670E-2	-3.523151E-1
8.784100E+1	2.009811E+1	2.073199E+1	1.000434E+1	6.338828E-1	2.030940E+1	-9.918349E-6	1.109220E-4	-2.275344E-2	-3.972299E-1
8.895600E+1	2.009813E+1	2.073113E+1	1.000523E+1	6.330006E-1	2.030913E+1	-6.836292E-6	1.109220E-4	-2.380864E-2	-2.737935E-1
9.007000E+1	2.004548E+1	2.073161E+1	1.000539E+1	6.861331E-1	2.027419E+1	-6.643261E-6	1.109220E-4	-2.402185E-2	-2.660626E-1
9.118700E+1	1.999064E+1	2.073182E+1	1.000534E+1	7.411765E-1	2.023770E+1	-4.594751E-6	1.109220E-4	-2.313319E-2	-1.840198E-1
9.230200E+1	2.004541E+1	2.055230E+1	1.000540E+1	5.068898E-1	2.021437E+1	-3.641981E-6	1.106814E-4	-2.406384E-2	-1.458613E-1
9.341900E+1	2.004543E+1	2.043781E+1	1.000437E+1	3.923818E-1	2.017622E+1	5.165022E-6	1.109220E-4	-2.406419E-2	2.068591E-1
9.453300E+1	2.004540E+1	2.073121E+1	1.000535E+1	6.858111E-1	2.027401E+1	-7.157342E-6	1.106814E-4	-2.406393E-2	-2.866515E-1
9.565000E+1	2.009823E+1	2.073179E+1	1.000482E+1	6.335555E-1	2.030942E+1	-4.937157E-6	1.109220E-4	-2.505388E-2	-1.977331E-1
9.676300E+1	2.009814E+1	2.073173E+1	1.000532E+1	6.335870E-1	2.030934E+1	-5.157405E-6	1.109220E-4	-2.550868E-2	-2.065541E-1
9.788100E+1	2.015121E+1	2.073164E+1	1.000530E+1	5.804293E-1	2.034469E+1	-7.562486E-6	1.109220E-4	-2.711693E-2	-3.028775E-1
9.899200E+1	2.009818E+1	2.073196E+1	1.000433E+1	6.337815E-1	2.030944E+1	-4.713790E-6	1.109220E-4	-2.738730E-2	-1.887873E-1
1.001100E+2	2.009808E+1	2.055057E+1	1.000534E+1	4.524939E-1	2.024891E+1	2.869353E-6	1.109220E-4	-2.849899E-2	1.149176E-1
1.012280E+2	2.004539E+1	2.037811E+1	1.000433E+1	3.327134E-1	2.015630E+1	1.171213E-6	1.106814E-4	-2.876025E-2	4.690709E-2
1.023400E+2	1.999084E+1	2.020504E+1	1.000528E+1	2.141998E-1	2.006224E+1	1.103241E-5	1.109220E-4	-2.787850E-2	4.418482E-1
1.034600E+2	1.999072E+1	2.020443E+1	1.000542E+1	2.137120E-1	2.006196E+1	5.055447E-6	1.106814E-4	-2.787614E-2	2.024706E-1
1.045700E+2	1.993699E+1	2.020595E+1	1.000481E+1	2.689657E-1	2.002664E+1	7.149001E-6	1.109220E-4	-2.685068E-2	2.863175E-1
1.056880E+2	1.999071E+1	2.037779E+1	1.000536E+1	3.870793E-1	2.011974E+1	5.084513E-6	1.109220E-4	-2.749701E-2	2.036348E-1
1.068020E+2	1.999084E+1	2.037972E+1	1.000432E+1	3.888742E-1	2.012047E+1	2.863496E-6	1.106814E-4	-2.748593E-2	1.146830E-1
1.079220E+2	1.999076E+1	2.037819E+1	1.000532E+1	3.874286E-1	2.011990E+1	2.529610E-6	1.109220E-4	-2.748443E-2	1.013109E-1
1.090330E+2	2.004540E+1	2.055339E+1	1.000531E+1	5.079837E-1	2.021473E+1	-1.921201E-6	1.106814E-4	-2.841302E-2	-7.694409E-2
1.101500E+2	2.004551E+1	2.055348E+1	1.000507E+1	5.079702E-1	2.021483E+1	5.838133E-7	1.109220E-4	-2.841492E-2	2.338172E-2
1.112640E+2	2.004541E+1	2.055161E+1	1.000507E+1	5.062004E-1	2.021414E+1	1.340147E-6	1.109220E-4	-2.841330E-2	5.367290E-2
1.123810E+2	2.009821E+1	2.055356E+1	1.000403E+1	4.553515E-1	2.025000E+1	1.154709E-6	1.109220E-4	-2.940306E-2	4.624611E-2
1.134990E+2	2.009778E+1	2.055141E+1	1.000507E+1	4.536291E-1	2.024899E+1	2.809747E-6	1.109220E-4	-2.985018E-2	1.125304E-1
1.146150E+2	2.009790E+1	2.055311E+1	1.000513E+1	4.552014E-1	2.024964E+1	-3.076169E-6	1.109220E-4	-3.046246E-2	-1.232006E-1
1.157280E+2	2.009789E+1	2.055354E+1	1.000507E+1	4.556521E-1	2.024977E+1	-4.197967E-6	1.106814E-4	-3.122051E-2	-1.681286E-1
1.168440E+2	2.004526E+1	2.055334E+1	1.000504E+1	5.080763E-1	2.021462E+1	-4.790565E-6	1.109220E-4	-3.113692E-2	-1.918621E-1
1.179640E+2	2.004542E+1	2.055348E+1	1.000398E+1	5.080606E-1	2.021477E+1	-4.605458E-6	1.106814E-4	-3.117165E-2	-1.844486E-1
1.190770E+2	2.004519E+1	2.037764E+1	1.000498E+1	3.324577E-1	2.015601E+1	3.494295E-6	1.109220E-4	-3.116756E-2	1.399465E-1
1.201930E+2	2.004530E+1	2.055302E+1	1.000405E+1	5.077236E-1	2.021454E+1	-9.516625E-7	1.106814E-4	-3.116984E-2	-3.811408E-2
1.213090E+2	2.004521E+1	2.055354E+1	1.000500E+1	5.083311E-1	2.021465E+1	6.542994E-7	1.109220E-4	-3.116792E-2	2.620469E-2
1.224230E+2	2.009786E+1	2.055285E+1	1.000508E+1	4.549857E-1	2.024952E+1	-2.908312E-6	1.106814E-4	-3.215486E-2	-1.164779E-1
1.235420E+2	2.009803E+1	2.055302E+1	1.000496E+1	4.549924E-1	2.024969E+1	-3.245993E-6	1.109220E-4	-3.261200E-2	-1.300020E-1
1.246580E+2	2.009779E+1	2.055124E+1	1.000504E+1	4.534475E-1	2.024894E+1	-1.518055E-6	1.106814E-4	-3.322081E-2	-6.079812E-2
1.257780E+2	2.004523E+1	2.037935E+1	1.000383E+1	3.341116E-1	2.015661E+1	-1.014749E-6	1.109220E-4	-3.299350E-2	-4.064071E-2
1.268920E+2	2.004531E+1	2.037776E+1	1.000508E+1	3.324477E-1	2.015613E+1	6.331101E-7	1.109220E-4	-3.302195E-2	2.535606E-2
1.280060E+2	2.004537E+1	2.037966E+1	1.000531E+1	3.342850E-1	2.015680E+1	-2.340680E-7	1.109220E-4	-3.302329E-2	-9.374425E-3
1.291210E+2	2.004527E+1	2.055316E+1	1.000509E+1	5.078941E-1	2.021457E+1	-7.091373E-6	1.109220E-4	-3.302109E-2	-2.840095E-1
1.302340E+2	2.004537E+1	2.055279E+1	1.000530E+1	5.074139E-1	2.021451E+1	-6.641410E-6	1.109220E-4	-3.302329E-2	-2.659885E-1
1.313500E+2	2.009800E+1	2.055339E+1	1.000407E+1	4.553925E-1	2.024980E+1	-5.538669E-6	1.109220E-4	-3.400942E-2	-2.218237E-1
1.324660E+2	2.009789E+1	2.055124E+1	1.000531E+1	4.533502E-1	2.024900E+1	-3.961806E-6	1.106814E-4	-3.446010E-2	-1.586703E-1
1.335790E+2	2.009807E+1	2.055325E+1	1.000427E+1	4.551768E-1	2.024980E+1	-1.113655E-6	1.109220E-4	-3.507480E-2	-4.460189E-2
1.346980E+2	2.004550E+1	2.037914E+1	1.000528E+1	3.336425E-1	2.015671E+1	8.194682E-6	1.106814E-4	-3.484829E-2	3.281970E-1
1.358120E+2	1.999078E+1	2.037937E+1	1.000478E+1	3.885901E-1	2.012031E+1	1.879127E-6	1.109220E-4	-3.394411E-2	7.525904E-2
1.369320E+2	1.999077E+1	2.037946E+1	1.000447E+1	3.886865E-1	2.012033E+1	9.380413E-7	1.106814E-4	-3.394414E-2	3.756855E-2
1.380470E+2	2.004559E+1	2.037744E+1	1.000522E+1	3.318558E-1	2.015621E+1	9.423360E-7	1.109220E-4	-3.487544E-2	3.774056E-2
1.391580E+2	2.004545E+1	2.055316E+1	1.000428E+1	5.077078E-1	2.021469E+1	-3.277294E-7	1.106814E-4	-3.487293E-2	-1.312556E-2
1.402770E+2	2.004555E+1	2.055291E+1	1.000530E+1	5.073600E-1	2.021467E+1	-3.133897E-6	1.109220E-4	-3.487489E-2	-1.255126E-1
1.413940E+2	2.009837E+1	2.055339E+1	1.000533E+1	4.550289E-1	2.025004E+1	-9.063571E-7	1.106814E-4	-3.586490E-2	-3.629960E-2
1.425110E+2	2.009830E+1	2.055322E+1	1.000522E+1	4.549160E-1	2.024994E+1	1.691347E-6	1.109220E-4	-3.631972E-2	6.773845E-2
1.436220E+2	2.009807E+1	2.055078E+1	1.000531E+1	4.527112E-1	2.024897E+1	-2.783380E-6	1.109220E-4	-3.692881E-2	-1.114744E-1
1.447390E+2	2.004547E+1	2.037894E+1	1.000434E+1	3.334761E-1	2.015663E+1	-2.761739E-6	1.109220E-4	-3.670376E-2	-1.106076E-1
1.458520E+2	2.004552E+1	2.037696E+1	1.000520E+1	3.314386E-1	2.015600E+1	-8.023369E-7	1.106814E-4	-3.673171E-2	-3.213359E-2
1.469710E+2	2.004540E+1	2.037877E+1	1.000502E+1	3.333766E-1	2.015652E+1	5.742933E-6	1.109220E-4	-3.672914E-2	2.300045E-1
1.480890E+2	2.004561E+1	2.037903E+1	1.000533E+1	3.334200E-1	2.015675E+1	-3.633409E-7	1.109220E-4	-3.673318E-2	-1.455180E-2
1.492030E+2	2.004540E+1	2.037863E+1	1.000522E+1	3.332225E-1	2.015648E+1	2.713308E-6	1.109220E-4	-3.672953E-2	1.086680E-1
1.503170E+2	2.004545E+1	2.037794E+1	1.000434E+1	3.324881E-1	2.015628E+1	6.844716E-6	1.109220E-4	-3.673011E-2	2.741309E-1
1.514370E+2	2.004545E+1	2.020213E+1	1.000531E+1	1.566749E-1	2.009768E+1	7.043274E-6	1.106814E-4	-3.673022E-2	2.820831E-1
1.525510E+2	2.004551E+1	2.020463E+1	1.000426E+1	1.591241E-1	2.009855E+1	3.395357E-6	1.109220E-4	-3.673142E-2	1.359840E-1
1.536660E+2	2.004554E+1	2.020233E+1	1.000530E+1	1.567943E-1	2.009780E+1	9.123692E-6	1.106814E-4	-3.673175E-2	3.654039E-1
1.547860E+2	2.004550E+1	2.020386E+1	1.000530E+1	1.583555E-1	2.009828E+1	4.237783E-6	1.109220E-4	-3.673131E-2	1.697232E-1
1.559030E+2	2.004545E+1	2.020414E+1	1.000520E+1	1.586878E-1	2.009835E+1	8.574742E-6	1.106814E-4	-3.673046E-2	3.434184E-1
1.570210E+2	2.004555E+1	2.020325E+1	1.000534E+1	1.576998E-1	2.009812E+1	4.956758E-6	1.109220E-4	-3.673204E-2	1.985182E-1
1.581360E+2	2.004537E+1	2.037900E+1	1.000428E+1	3.336245E-1	2.015658E+1	-9.778658E-7	1.106814E-4	-3.672895E-2	-3.916353E-2
1.592510E+2	2.004538E+1	2.037724E+1	1.000523E+1	3.318598E-1	2.015600E+1	9.268843E-7	1.109220E-4	-3.672937E-2	3.712172E-2
1.603700E+2	2.004544E+1	2.020472E+1	1.000431E+1	1.592741E-1	2.009854E+1	9.193890E-6	1.109220E-4	-3.673052E-2	3.682153E-1
1.614850E+2	2.004550E+1	2.020443E+1	1.000523E+1	1.589310E-1	2.009848E+1	9.849155E-6	1.106814E-4	-3.673155E-2	3.944587E-1
1.625990E+2	2.004544E+1	2.020446E+1	1.000536E+1	1.590227E-1	2.009844E+1	8.523186E-6	1.109220E-4	-3.673037E-2	3.413536E-1
1.637140E+2	2.004546E+1	2.020466E+1	1.000483E+1	1.591987E-1	2.009853E+1	9.809480E-7	1.106814E-4	-3.673063E-2	3.928697E-2
1.648280E+2	2.004548E+1	2.037725E+1	1.000532E+1	3.317709E-1	2.015607E+1	-4.462756E-6	1.109220E-4	-3.673085E-2	-1.787334E-1
1.659450E+2	2.009817E+1	2.037892E+1	1.000421E+1	2.807498E-1	2.019175E+1	1.970630E-6	1.106814E-4	-3.771870E-2	7.892372E-2
1.670610E+2	2.009832E+1	2.055314E+1	1.000532E+1	4.548234E-1	2.024992E+1	8.449584E-7	1.109220E-4	-3.817577E-2	3.384058E-2
1.681780E+2	2.004552E+1	2.055271E+1	1.000525E+1	5.071872E-1	2.021458E+1	-7.919945E-6	1.109220E-4	-3.780050E-2	-3.171938E-1
1.692900E+2	2.004545E+1	2.037914E+1	1.000523E+1	3.336966E-1	2.015668E+1	6.353140E-6	1.106814E-4	-3.782080E-2	2.544433E-1
1.704060E+2	2.004549E+1	2.037779E+1	1.000528E+1	3.323004E-1	2.015626E+1	9.988348E-7	1.109220E-4	-3.782162E-2	4.000333E-2
1.715230E+2	2.004540E+1	2.038004E+1	1.000429E+1	3.346330E-1	2.015695E+1	-2.304378E-6	1.106814E-4	-3.781970E-2	-9.229034E-2
1.726380E+2	2.009816E+1	2.073141E+1	1.000541E+1	6.332520E-1	2.030925E+1	-5.727380E-6	1.109220E-4	-3.880857E-2	-2.293816E-1
1.737560E+2	2.009821E+1	2.089965E+1	1.000531E+1	8.014380E-1	2.036536E+1	-4.779598E-6	1.106814E-4	-3.926573E-2	-1.914229E-1
1.748680E+2	2.009820E+1	2.089974E+1	1.000531E+1	8.015395E-1	2.036538E+1	-5.942452E-6	1.109220E-4	-3.987949E-2	-2.379952E-1
1.759830E+2	2.015129E+1	2.089812E+1	1.000510E+1	7.468378E-1	2.040023E+1	-1.397366E-5	1.106814E-4	-4.163583E-2	-5.596450E-1
1.771010E+2	2.015118E+1	2.089956E+1	1.000403E+1	7.483865E-1	2.040064E+1	-7.334216E-6	1.109220E-4	-4.304956E-2	-2.937354E-1
1.782190E+2	2.009822E+1	2.089836E+1	1.000511E+1	8.001317E-1	2.036494E+1	-7.723542E-6	1.109220E-4	-4.382337E-2	-3.093278E-1
1.793320E+2	2.004544E+1	2.073187E+1	1.000407E+1	6.864372E-1	2.027425E+1	-1.151868E-5	1.106814E-4	-4.444222E-2	-4.613233E-1
1.804480E+2	1.999037E+1	2.073188E+1	1.000514E+1	7.415108E-1	2.023754E+1	-7.827016E-6	1.109220E-4	-4.356314E-2	-3.134720E-1
1.815640E+2	1.999043E+1	2.073167E+1	1.000502E+1	7.412470E-1	2.023751E+1	-6.672673E-6	1.106814E-4	-4.356425E-2	-2.672405E-1
1.826790E+2	2.004535E+1	2.073202E+1	1.000436E+1	6.866715E-1	2.027424E+1	-4.015601E-6	1.109220E-4	-4.449760E-2	-1.608248E-1
1.837950E+2	2.009807E+1	2.073145E+1	1.000502E+1	6.333801E-1	2.030919E+1	-4.799567E-6	1.106814E-4	-4.548592E-2	-1.922227E-1
1.849110E+2	2.009805E+1	2.055351E+1	1.000349E+1	4.554625E-1	2.024987E+1	-3.213967E-6	1.109220E-4	-4.594008E-2	-1.287194E-1
1.860260E+2	2.009796E+1	2.073179E+1	1.000498E+1	6.338309E-1	2.030924E+1	-1.170087E-5	1.106814E-4	-4.655055E-2	-4.686197E-1
1.871440E+2	2.009785E+1	2.037929E+1	1.000504E+1	2.814379E-1	2.019166E+1	-2.304531E-6	1.109220E-4	-4.730740E-2	-9.229647E-2
1.882580E+2	2.004531E+1	2.020495E+1	1.000487E+1	1.596353E-1	2.009853E+1	3.955520E-6	1.109220E-4	-4.722694E-2	1.584186E-1
1.893760E+2	1.999046E+1	2.020276E+1	1.000505E+1	2.123089E-1	2.006123E+1	1.000844E-5	1.109220E-4	-4.632531E-2	4.008379E-1
1.904920E+2	1.999027E+1	2.037958E+1	1.000404E+1	3.893084E-1	2.012004E+1	2.070253E-6	1.109220E-4	-4.632218E-2	8.291363E-2
1.916090E+2	1.999037E+1	2.055138E+1	1.000505E+1	5.610153E-1	2.017737E+1	4.945852E-7	1.109220E-4	-4.632395E-2	1.980814E-2
1.927210E+2	2.004527E+1	2.055311E+1	1.000530E+1	5.078380E-1	2.021455E+1	6.476542E-7	1.109220E-4	-4.725695E-2	2.593855E-2
1.938390E+2	2.004533E+1	2.073173E+1	1.000503E+1	6.864080E-1	2.027413E+1	-5.451268E-6	1.109220E-4	-4.725819E-2	-2.183233E-1
1.949530E+2	2.009785E+1	2.073133E+1	1.000511E+1	6.334849E-1	2.030901E+1	-2.003356E-6	1.109220E-4	-4.824231E-2	-8.023441E-2
1.960680E+2	2.009794E+1	2.073179E+1	1.000425E+1	6.338487E-1	2.030922E+1	-3.403818E-6	1.106814E-4	-4.869789E-2	-1.363229E-1
1.971830E+2	2.009802E+1	2.073116E+1	1.000527E+1	6.331368E-1	2.030907E+1	-4.759251E-6	1.109220E-4	-4.931055E-2	-1.906080E-1
1.983010E+2	2.009782E+1	2.037926E+1	1.000418E+1	2.814435E-1	2.019163E+1	5.304831E-6	1.106814E-4	-5.006537E-2	2.124585E-1
1.994170E+2	2.004541E+1	2.037848E+1	1.000525E+1	3.330697E-1	2.015644E+1	-8.825697E-8	1.109220E-4	-4.998617E-2	-3.534692E-3
2.005290E+2	2.004544E+1	2.037840E+1	1.000522E+1	3.329561E-1	2.015643E+1	8.185615E-7	1.109220E-4	-5.001774E-2	3.278339E-2
2.016450E+2	2.004544E+1	2.037952E+1	1.000420E+1	3.340718E-1	2.015680E+1	2.860949E-6	1.109220E-4	-5.001758E-2	1.145810E-1
2.027600E+2	2.004552E+1	2.055129E+1	1.000530E+1	5.057657E-1	2.021411E+1	8.665737E-7	1.109220E-4	-5.001932E-2	3.470627E-2
2.038730E+2	2.004541E+1	2.055253E+1	1.000427E+1	5.071212E-1	2.021445E+1	-8.214095E-7	1.106814E-4	-5.001710E-2	-3.289745E-2
2.049920E+2	2.009821E+1	2.055267E+1	1.000516E+1	4.544671E-1	2.024969E+1	-2.432649E-6	1.109220E-4	-5.100672E-2	-9.742761E-2
2.061040E+2	2.009823E+1	2.037874E+1	1.000530E+1	2.805072E-1	2.019173E+1	-8.030492E-7	1.106814E-4	-5.146197E-2	-3.216212E-2
2.072220E+2	2.004559E+1	2.020460E+1	1.000422E+1	1.590159E-1	2.009859E+1	5.315505E-6	1.109220E-4	-5.108857E-2	2.128860E-1
2.083390E+2	2.004533E+1	2.020156E+1	1.000525E+1	1.562222E-1	2.009741E+1	7.773428E-6	1.109220E-4	-5.110571E-2	3.113258E-1
2.094500E+2	2.004542E+1	2.020406E+1	1.000427E+1	1.586364E-1	2.009830E+1	8.195428E-6	1.109220E-4	-5.110760E-2	3.282269E-1
2.105660E+2	2.004556E+1	2.020403E+1	1.000530E+1	1.584742E-1	2.009838E+1	1.247360E-5	1.109220E-4	-5.110986E-2	4.995676E-1
2.116850E+2	1.999069E+1	2.020374E+1	1.000511E+1	2.130462E-1	2.006171E+1	1.140984E-5	1.109220E-4	-5.017775E-2	4.569639E-1
2.127960E+2	1.999079E+1	2.020411E+1	1.000512E+1	2.133230E-1	2.006190E+1	1.192227E-5	1.109220E-4	-5.017928E-2	4.774867E-1
2.139140E+2	2.004549E+1	2.037690E+1	1.000527E+1	3.314083E-1	2.015596E+1	1.559388E-6	1.106814E-4	-5.110885E-2	6.245349E-2
2.150290E+2	2.004558E+1	2.037885E+1	1.000426E+1	3.332765E-1	2.015667E+1	-1.619731E-6	1.109220E-4	-5.111053E-2	-6.487021E-2
2.161420E+2	2.004556E+1	2.020578E+1	1.000529E+1	1.602204E-1	2.009897E+1	3.970180E-6	1.106814E-4	-5.111024E-2	1.590057E-1
2.172610E+2	2.004542E+1	2.020423E+1	1.000527E+1	1.588116E-1	2.009835E+1	5.869361E-6	1.109220E-4	-5.110777E-2	2.350679E-1
2.183720E+2	2.004539E+1	2.020489E+1	1.000509E+1	1.594989E-1	2.009856E+1	9.030677E-6	1.109220E-4	-5.110710E-2	3.616786E-1
2.194880E+2	2.004549E+1	2.020285E+1	1.000527E+1	1.573574E-1	2.009794E+1	7.840452E-6	1.109220E-4	-5.110916E-2	3.140101E-1
2.206050E+2	2.004542E+1	2.020504E+1	1.000431E+1	1.596173E-1	2.009862E+1	8.037192E-6	1.109220E-4	-5.110753E-2	3.218895E-1
2.217210E+2	2.004544E+1	2.020265E+1	1.000522E+1	1.572011E-1	2.009784E+1	7.607768E-6	1.109220E-4	-5.110827E-2	3.046911E-1
2.228380E+2	2.004543E+1	2.020500E+1	1.000514E+1	1.595688E-1	2.009862E+1	6.231670E-6	1.109220E-4	-5.110785E-2	2.495784E-1
2.239500E+2	2.004544E+1	2.020555E+1	1.000522E+1	1.601072E-1	2.009881E+1	3.896354E-6	1.106814E-4	-5.110827E-2	1.560490E-1
2.250690E+2	2.004557E+1	2.055141E+1	1.000525E+1	5.058369E-1	2.021418E+1	1.367684E-6	1.109220E-4	-5.111059E-2	5.477573E-2
2.261840E+2	2.004553E+1	2.055345E+1	1.000397E+1	5.079173E-1	2.021484E+1	-2.803555E-6	1.106814E-4	-5.110967E-2	-1.122824E-1
2.273000E+2	2.004542E+1	2.055118E+1	1.000500E+1	5.057600E-1	2.021400E+1	-3.880316E-6	1.109220E-4	-5.110777E-2	-1.554067E-1
2.284120E+2	2.009802E+1	2.055339E+1	1.000448E+1	4.553740E-1	2.024981E+1	5.235388E-6	1.106814E-4	-5.209339E-2	2.096773E-1
2.295310E+2	2.009801E+1	2.055328E+1	1.000507E+1	4.552684E-1	2.024976E+1	-1.187406E-6	1.109220E-4	-5.254797E-2	-4.755562E-2
2.306450E+2	2.009808E+1	2.055293E+1	1.000500E+1	4.548512E-1	2.024969E+1	-3.182298E-7	1.109220E-4	-5.316237E-2	-1.274511E-2
2.317610E+2	2.009798E+1	2.055339E+1	1.000393E+1	4.554089E-1	2.024978E+1	3.102482E-6	1.106814E-4	-5.392160E-2	1.242544E-1
2.328750E+2	2.004531E+1	2.055146E+1	1.000504E+1	5.061526E-1	2.021403E+1	-2.401987E-6	1.109220E-4	-5.383860E-2	-9.619960E-2
2.339910E+2	2.004542E+1	2.055290E+1	1.000401E+1	5.074857E-1	2.021458E+1	-4.374536E-6	1.106814E-4	-5.387188E-2	-1.752002E-1
2.351040E+2	2.004535E+1	2.055325E+1	1.000496E+1	5.079009E-1	2.021465E+1	-3.797513E-6	1.109220E-4	-5.387035E-2	-1.520904E-1
2.362220E+2	2.004518E+1	2.055322E+1	1.000511E+1	5.080433E-1	2.021453E+1	2.007352E-6	1.106814E-4	-5.386741E-2	8.039443E-2
2.373370E+2	2.009800E+1	2.055328E+1	1.000453E+1	4.552767E-1	2.024976E+1	3.150734E-6	1.109220E-4	-5.485725E-2	1.261869E-1
2.384510E+2	2.009783E+1	2.055112E+1	1.000506E+1	4.532898E-1	2.024893E+1	3.794545E-6	1.106814E-4	-5.531051E-2	1.519715E-1
2.395660E+2	2.009792E+1	2.055325E+1	1.000420E+1	4.553281E-1	2.024970E+1	-2.307650E-7	1.109220E-4	-5.592166E-2	-9.242137E-3
2.406820E+2	2.004527E+1	2.055337E+1	1.000525E+1	5.080969E-1	2.021463E+1	-1.098013E-6	1.109220E-4	-5.569320E-2	-4.397542E-2
2.417980E+2	2.004546E+1	2.020469E+1	1.000529E+1	1.592351E-1	2.009853E+1	7.383968E-6	1.109220E-4	-5.572341E-2	2.957279E-1
2.429120E+2	2.004554E+1	2.020472E+1	1.000421E+1	1.591832E-1	2.009860E+1	5.253751E-6	1.109220E-4	-5.572471E-2	2.104127E-1
2.440250E+2	2.004533E+1	2.055138E+1	1.000523E+1	5.060498E-1	2.021401E+1	-1.216856E-6	1.106814E-4	-5.572078E-2	-4.873508E-2
2.451420E+2	2.004544E+1	2.055310E+1	1.000418E+1	5.076598E-1	2.021466E+1	-4.002605E-6	1.109220E-4	-5.572344E-2	-1.603043E-1
2.462560E+2	2.009811E+1	2.055302E+1	1.000511E+1	4.549026E-1	2.024975E+1	-4.085517E-6	1.109220E-4	-5.671039E-2	-1.636250E-1
2.473710E+2	2.009819E+1	2.055299E+1	1.000523E+1	4.547938E-1	2.024979E+1	-1.235768E-6	1.109220E-4	-5.716664E-2	-4.949252E-2
2.484880E+2	2.009807E+1	2.073161E+1	1.000525E+1	6.335418E-1	2.030925E+1	-4.499821E-6	1.109220E-4	-5.777791E-2	-1.802178E-1
2.496030E+2	2.009802E+1	2.055072E+1	1.000516E+1	4.526975E-1	2.024892E+1	3.637432E-6	1.109220E-4	-5.853701E-2	1.456791E-1
2.507190E+2	2.004543E+1	2.059203E+1	1.000361E+1	5.466091E-1	2.022763E+1	1.341942E-6	1.106814E-4	-5.845763E-2	5.374476E-2
2.518340E+2	2.004547E+1	2.055235E+1	1.000526E+1	5.068837E-1	2.021443E+1	-5.795349E-6	1.109220E-4	-5.848953E-2	-2.321037E-1
2.529500E+2	2.004548E+1	2.055258E+1	1.000536E+1	5.071049E-1	2.021451E+1	-2.208401E-6	1.106814E-4	-5.848943E-2	-8.844646E-2
2.540660E+2	2.009827E+1	2.055284E+1	1.005748E+1	4.545698E-1	2.024980E+1	1.889059E-6	1.109220E-4	-5.947922E-2	7.565680E-2
2.551820E+2	2.009819E+1	2.055106E+1	1.005758E+1	4.528736E-1	2.024914E+1	2.067689E-6	1.347425E-4	-5.993377E-2	8.281094E-2
2.563010E+2	2.009812E+1	2.055273E+1	1.000426E+1	4.546143E-1	2.024965E+1	-3.833560E-6	1.628941E-4	-6.054746E-2	-1.535341E-1
2.574140E+2	2.009814E+1	2.055103E+1	1.000523E+1	4.528913E-1	2.024911E+1	-2.668328E-6	1.636159E-4	-6.130853E-2	-1.068665E-1
2.585290E+2	2.004535E+1	2.055241E+1	1.000424E+1	5.070665E-1	2.021437E+1	1.027647E-6	1.636159E-4	-6.122633E-2	4.115724E-2
2.596460E+2	2.004539E+1	2.055325E+1	1.000530E+1	5.078558E-1	2.021468E+1	2.115537E-6	1.636159E-4	-6.125915E-2	8.472726E-2
2.607640E+2	2.004541E+1	2.055253E+1	1.000529E+1	5.071187E-1	2.021445E+1	5.505901E-7	1.636159E-4	-6.125975E-2	2.205113E-2
2.618800E+2	2.004537E+1	2.055305E+1	1.000495E+1	5.076728E-1	2.021460E+1	-1.416267E-6	1.636159E-4	-6.125883E-2	-5.672150E-2
2.629960E+2	2.009813E+1	2.073115E+1	1.000527E+1	6.330191E-1	2.030914E+1	-7.526348E-6	1.636159E-4	-6.224770E-2	-3.014302E-1
2.641080E+2	2.009816E+1	2.073193E+1	1.000422E+1	6.337705E-1	2.030942E+1	-8.289920E-6	1.636159E-4	-6.270271E-2	-3.320113E-1
2.652270E+2	2.015130E+1	2.055264E+1	1.000531E+1	4.013416E-1	2.028508E+1	-9.344942E-7	1.636159E-4	-6.431233E-2	-3.742649E-2
2.663430E+2	2.009813E+1	2.037871E+1	1.000531E+1	2.805852E-1	2.019165E+1	6.012223E-6	1.636159E-4	-6.458053E-2	2.407895E-1
2.674540E+2	2.004541E+1	2.020466E+1	1.000519E+1	1.592495E-1	2.009849E+1	1.349478E-5	1.636159E-4	-6.470676E-2	5.404660E-1
2.685740E+2	1.993689E+1	2.037721E+1	1.000523E+1	4.403229E-1	2.008367E+1	7.653287E-6	1.636159E-4	-6.278784E-2	3.065142E-1
2.696870E+2	1.999073E+1	2.037972E+1	1.000419E+1	3.889894E-1	2.012039E+1	4.291604E-6	1.636159E-4	-6.311197E-2	1.718787E-1
2.708050E+2	1.999082E+1	2.073138E+1	1.000524E+1	7.405669E-1	2.023767E+1	-6.621997E-6	1.636159E-4	-6.308882E-2	-2.652110E-1
2.719210E+2	1.999066E+1	2.073199E+1	1.000429E+1	7.413314E-1	2.023777E+1	-5.437400E-6	1.636159E-4	-6.308590E-2	-2.177679E-1
2.730400E+2	1.999075E+1	2.073208E+1	1.000520E+1	7.413294E-1	2.023786E+1	-6.805707E-6	1.636159E-4	-6.308778E-2	-2.725686E-1
2.741560E+2	1.999061E+1	2.073150E+1	1.000520E+1	7.408964E-1	2.023757E+1	-6.279647E-6	1.636159E-4	-6.308497E-2	-2.514999E-1
2.752710E+2	1.999074E+1	2.073156E+1	1.000451E+1	7.408196E-1	2.023768E+1	-9.314242E-6	1.636159E-4	-6.308736E-2	-3.730354E-1
2.763860E+2	1.999068E+1	2.106697E+1	1.000511E+1	1.076283E+0	2.034945E+1	-1.848240E-5	1.636159E-4	-6.308639E-2	-7.402203E-1
2.775010E+2	2.004541E+1	2.089910E+1	1.000417E+1	8.536944E-1	2.032997E+1	-1.044444E-5	1.636159E-4	-6.401620E-2	-4.182998E-1
2.786150E+2	2.004527E+1	2.089922E+1	1.000513E+1	8.539530E-1	2.032992E+1	-1.306421E-5	1.636159E-4	-6.401372E-2	-5.232215E-1
2.797310E+2	2.004520E+1	2.089927E+1	1.000502E+1	8.540703E-1	2.032989E+1	-1.364712E-5	1.636159E-4	-6.401234E-2	-5.465670E-1
2.808480E+2	2.004535E+1	2.089959E+1	1.005689E+1	8.542367E-1	2.033010E+1	-8.301025E-6	1.636159E-4	-6.401513E-2	-3.324561E-1
2.819650E+2	2.004516E+1	2.089783E+1	1.005695E+1	8.526780E-1	2.032938E+1	-4.234593E-6	1.871959E-4	-6.401144E-2	-1.695955E-1
2.830860E+2	1.999072E+1	2.089956E+1	1.000394E+1	9.088458E-1	2.029366E+1	-8.789162E-6	2.151068E-4	-6.308694E-2	-3.520059E-1
2.841980E+2	2.004542E+1	2.089795E+1	1.000524E+1	8.525350E-1	2.032959E+1	-1.205994E-5	2.158287E-4	-6.401631E-2	-4.830006E-1
2.853190E+2	2.004535E+1	2.089974E+1	1.000405E+1	8.543890E-1	2.033014E+1	-1.156398E-5	2.158287E-4	-6.401502E-2	-4.631373E-1
2.864310E+2	2.004531E+1	2.089927E+1	1.000498E+1	8.539654E-1	2.032996E+1	-1.359506E-5	2.155881E-4	-6.401479E-2	-5.444822E-1
2.875490E+2	2.004522E+1	2.089945E+1	1.000506E+1	8.542263E-1	2.032996E+1	-1.122525E-5	2.158287E-4	-6.401311E-2	-4.495714E-1
2.886650E+2	2.004529E+1	2.089956E+1	1.000438E+1	8.542708E-1	2.033005E+1	-8.642514E-6	2.158287E-4	-6.401443E-2	-3.461327E-1
2.897800E+2	1.999016E+1	2.089818E+1	1.000512E+1	9.080159E-1	2.029284E+1	-9.569463E-6	2.155881E-4	-6.307740E-2	-3.832570E-1
2.908950E+2	2.004529E+1	2.089965E+1	1.000404E+1	8.543558E-1	2.033008E+1	-8.806092E-6	2.158287E-4	-6.401443E-2	-3.526840E-1
2.920110E+2	2.004525E+1	2.089835E+1	1.000501E+1	8.531062E-1	2.032961E+1	-8.504904E-6	2.158287E-4	-6.401361E-2	-3.406214E-1
2.931310E+2	2.004527E+1	2.089922E+1	1.000498E+1	8.539441E-1	2.032992E+1	-6.889023E-6	2.155881E-4	-6.401387E-2	-2.759054E-1
2.942470E+2	2.004524E+1	2.089968E+1	1.000498E+1	8.544388E-1	2.033005E+1	-6.688441E-6	2.158287E-4	-6.401346E-2	-2.678721E-1
2.953600E+2	2.004517E+1	2.089792E+1	1.000498E+1	8.527555E-1	2.032942E+1	-7.091165E-6	2.158287E-4	-6.401214E-2	-2.840012E-1
2.964790E+2	1.999019E+1	2.089907E+1	1.000395E+1	9.088801E-1	2.029315E+1	-9.530414E-6	2.155881E-4	-6.307795E-2	-3.816931E-1
2.975950E+2	2.004521E+1	2.089715E+1	1.000504E+1	8.519418E-1	2.032919E+1	-1.256515E-5	2.158287E-4	-6.401286E-2	-5.032343E-1
2.987080E+2	2.004526E+1	2.089913E+1	1.000395E+1	8.538738E-1	2.032988E+1	-1.127884E-5	2.155881E-4	-6.401386E-2	-4.517175E-1
2.998230E+2	2.004529E+1	2.089945E+1	1.000485E+1	8.541565E-1	2.033001E+1	-1.306544E-5	2.158287E-4	-6.401446E-2	-5.232710E-1
3.009420E+2	2.004530E+1	2.089941E+1	1.000502E+1	8.541167E-1	2.033000E+1	-1.034480E-5	2.158287E-4	-6.401457E-2	-4.143091E-1
3.020530E+2	2.004516E+1	2.089964E+1	1.000451E+1	8.544804E-1	2.032999E+1	-5.125577E-6	2.155881E-4	-6.401207E-2	-2.052794E-1
3.031730E+2	2.004528E+1	2.089800E+1	1.000499E+1	8.527245E-1	2.032952E+1	-7.842821E-6	2.158287E-4	-6.401421E-2	-3.141050E-1
3.042860E+2	2.004528E+1	2.089953E+1	1.000397E+1	8.542501E-1	2.033003E+1	-9.464549E-6	2.155881E-4	-6.401418E-2	-3.790552E-1
3.054040E+2	2.004515E+1	2.089938E+1	1.000510E+1	8.542296E-1	2.032990E+1	-1.110592E-5	2.155881E-4	-6.401213E-2	-4.447922E-1
3.065180E+2	2.004524E+1	2.089919E+1	1.000519E+1	8.539483E-1	2.032989E+1	-1.370184E-5	2.158287E-4	-6.401370E-2	-5.487588E-1
3.076330E+2	2.004521E+1	2.089939E+1	1.000514E+1	8.541789E-1	2.032993E+1	-8.907774E-6	2.155881E-4	-6.401289E-2	-3.567563E-1
3.087490E+2	2.004523E+1	2.089795E+1	1.000521E+1	8.527136E-1	2.032947E+1	-6.306382E-6	2.158287E-4	-6.401339E-2	-2.525706E-1
3.098640E+2	2.004536E+1	2.089924E+1	1.000417E+1	8.538824E-1	2.032999E+1	-6.043550E-6	2.158287E-4	-6.401575E-2	-2.420442E-1
3.109770E+2	2.004540E+1	2.089835E+1	1.000515E+1	8.529453E-1	2.032972E+1	-9.371545E-6	2.155881E-4	-6.401681E-2	-3.753304E-1
3.120960E+2	2.004540E+1	2.089921E+1	1.000518E+1	8.538090E-1	2.033001E+1	-7.988598E-6	2.158287E-4	-6.401654E-2	-3.199433E-1
3.132130E+2	2.004529E+1	2.089921E+1	1.000514E+1	8.539235E-1	2.032993E+1	-1.077279E-5	2.155881E-4	-6.401439E-2	-4.314503E-1
