Temps(s)	Pc(MPa)	Pax(MPa)	Ppam(MPa)	Q(MPa)	Pmoy(MPa)	Defaxcapt	Defvolfluide	Defvolconf	Deplct(µm)
1.874000E+0	7.998759E+1	7.989265E+1	1.000544E+1	-9.494785E-2	7.995595E+1	-1.150431E-5	0.000000E+0	-7.062568E-7	-4.601723E-1
2.988000E+0	7.998757E+1	7.988865E+1	1.000497E+1	-9.892412E-2	7.995460E+1	-1.347616E-5	0.000000E+0	-4.035753E-7	-5.390462E-1
4.108000E+0	7.998772E+1	7.989233E+1	1.000537E+1	-9.539901E-2	7.995592E+1	-1.378008E-5	0.000000E+0	-2.421452E-6	-5.512033E-1
5.224000E+0	7.998742E+1	7.989272E+1	1.000537E+1	-9.469605E-2	7.995585E+1	-2.105388E-5	0.000000E+0	1.614301E-6	-8.421551E-1
6.339000E+0	7.998730E+1	7.989241E+1	1.000467E+1	-9.488574E-2	7.995567E+1	-2.340551E-5	0.000000E+0	3.228603E-6	-9.362205E-1
7.455000E+0	7.998734E+1	7.989264E+1	1.000526E+1	-9.470126E-2	7.995578E+1	-2.292342E-5	0.000000E+0	2.623240E-6	-9.169367E-1
8.574000E+0	7.998727E+1	7.988780E+1	1.000427E+1	-9.946366E-2	7.995411E+1	-2.217527E-5	0.000000E+0	3.632178E-6	-8.870109E-1
9.691000E+0	7.998739E+1	7.989238E+1	1.000528E+1	-9.501093E-2	7.995572E+1	-2.486990E-5	0.000000E+0	4.698476E-6	-9.947960E-1
1.080300E+1	7.998701E+1	7.988792E+1	1.000522E+1	-9.909676E-2	7.995398E+1	-2.692469E-5	0.000000E+0	9.885965E-6	-1.076987E+0
1.192100E+1	7.998740E+1	7.989241E+1	1.000530E+1	-9.499255E-2	7.995574E+1	-2.259136E-5	0.000000E+0	4.740380E-6	-9.036543E-1
1.303900E+1	7.998731E+1	7.989236E+1	1.000524E+1	-9.495339E-2	7.995566E+1	-2.119716E-5	0.000000E+0	5.951106E-6	-8.478864E-1
1.415500E+1	7.998737E+1	7.988975E+1	1.000416E+1	-9.761986E-2	7.995483E+1	-2.193885E-5	0.000000E+0	5.244849E-6	-8.775539E-1
1.527000E+1	7.998738E+1	7.989230E+1	1.000527E+1	-9.508415E-2	7.995569E+1	-2.251548E-5	0.000000E+0	5.043061E-6	-9.006193E-1
1.638400E+1	7.998733E+1	7.988834E+1	1.000434E+1	-9.898332E-2	7.995433E+1	-2.328081E-5	0.000000E+0	5.749318E-6	-9.312323E-1
1.750100E+1	7.998724E+1	7.989130E+1	1.000528E+1	-9.594095E-2	7.995526E+1	-2.109556E-5	0.000000E+0	6.859150E-6	-8.438224E-1
1.861700E+1	7.998714E+1	7.989130E+1	1.000524E+1	-9.584694E-2	7.995520E+1	-2.192632E-5	0.000000E+0	7.927079E-6	-8.770530E-1
1.973200E+1	7.998740E+1	7.989106E+1	1.000451E+1	-9.633350E-2	7.995529E+1	-2.488650E-5	0.000000E+0	4.597583E-6	-9.954598E-1
2.084800E+1	7.998713E+1	7.989113E+1	1.000532E+1	-9.599920E-2	7.995513E+1	-2.623122E-5	0.000000E+0	8.372558E-6	-1.049249E+0
2.196500E+1	7.998750E+1	7.988630E+1	1.000428E+1	-1.012014E-1	7.995377E+1	-2.439105E-5	0.000000E+0	3.428760E-6	-9.756422E-1
2.308100E+1	7.998734E+1	7.989134E+1	1.000518E+1	-9.599304E-2	7.995534E+1	-2.477518E-5	0.000000E+0	5.648424E-6	-9.910072E-1
2.419800E+1	7.998720E+1	7.988945E+1	1.000525E+1	-9.775019E-2	7.995461E+1	-2.073027E-5	0.000000E+0	7.464513E-6	-8.292107E-1
2.531200E+1	7.998681E+1	7.989109E+1	1.000506E+1	-9.571563E-2	7.995490E+1	-2.403525E-5	0.000000E+0	1.236641E-5	-9.614099E-1
2.642600E+1	7.998671E+1	7.989138E+1	1.000504E+1	-9.532863E-2	7.995493E+1	-2.777620E-5	0.000000E+0	1.367803E-5	-1.111048E+0
2.754500E+1	7.998693E+1	7.988698E+1	1.000399E+1	-9.995199E-2	7.995361E+1	-1.999758E-5	0.000000E+0	1.075211E-5	-7.999034E-1
2.865900E+1	7.998689E+1	7.989142E+1	1.000508E+1	-9.547292E-2	7.995507E+1	-2.410742E-5	0.000000E+0	1.101288E-5	-9.642968E-1
2.977400E+1	7.998685E+1	7.988708E+1	1.000456E+1	-9.977414E-2	7.995360E+1	-2.770502E-5	0.000000E+0	1.176104E-5	-1.108201E+0
3.088900E+1	7.998685E+1	7.989113E+1	1.000499E+1	-9.572015E-2	7.995494E+1	-2.489367E-5	0.000000E+0	1.161825E-5	-9.957468E-1
3.200600E+1	7.998706E+1	7.989150E+1	1.000503E+1	-9.556445E-2	7.995521E+1	-2.678911E-5	0.000000E+0	8.793220E-6	-1.071565E+0
3.312100E+1	7.998689E+1	7.989103E+1	1.000410E+1	-9.586230E-2	7.995494E+1	-2.332991E-5	0.000000E+0	1.125658E-5	-9.331962E-1
3.423900E+1	7.998685E+1	7.989123E+1	1.000500E+1	-9.562235E-2	7.995498E+1	-2.655909E-5	0.000000E+0	1.151735E-5	-1.062363E+0
3.535600E+1	7.998695E+1	7.988708E+1	1.000404E+1	-9.986246E-2	7.995366E+1	-2.283647E-5	0.000000E+0	1.030663E-5	-9.134589E-1
3.646700E+1	7.998691E+1	7.989117E+1	1.000501E+1	-9.573849E-2	7.995500E+1	-2.908367E-5	0.000000E+0	1.081110E-5	-1.163347E+0
3.758700E+1	7.998702E+1	7.989283E+1	1.000471E+1	-9.418937E-2	7.995563E+1	-2.140012E-5	0.000000E+0	9.541380E-6	-8.560049E-1
3.870000E+1	7.998669E+1	7.989199E+1	1.000508E+1	-9.469839E-2	7.995512E+1	-2.865241E-5	0.000000E+0	1.373702E-5	-1.146096E+0
3.981700E+1	7.998677E+1	7.989285E+1	1.000513E+1	-9.392402E-2	7.995546E+1	-2.615783E-5	0.000000E+0	1.262719E-5	-1.046313E+0
4.093500E+1	7.998686E+1	7.988678E+1	1.000410E+1	-1.000819E-1	7.995350E+1	-2.824764E-5	0.000000E+0	1.166015E-5	-1.129906E+0
4.205100E+1	7.998706E+1	7.989219E+1	1.000506E+1	-9.486591E-2	7.995544E+1	-2.344248E-5	0.000000E+0	8.793220E-6	-9.376991E-1
4.317000E+1	7.998685E+1	7.988711E+1	1.000411E+1	-9.974245E-2	7.995361E+1	-2.226158E-5	0.000000E+0	1.127366E-5	-8.904631E-1
4.428500E+1	7.998694E+1	7.989117E+1	1.000503E+1	-9.576901E-2	7.995502E+1	-2.842287E-5	0.000000E+0	1.040752E-5	-1.136915E+0
4.540700E+1	7.998695E+1	7.989279E+1	1.000496E+1	-9.416275E-2	7.995557E+1	-2.843128E-5	0.000000E+0	9.962043E-6	-1.137251E+0
4.652100E+1	7.998686E+1	7.971583E+1	1.000502E+1	-2.710306E-1	7.989652E+1	-1.874066E-5	0.000000E+0	1.141646E-5	-7.496263E-1
4.763800E+1	7.998690E+1	7.971634E+1	1.000514E+1	-2.705558E-1	7.989672E+1	-2.164088E-5	0.000000E+0	1.066830E-5	-8.656351E-1
4.875500E+1	7.998697E+1	8.109609E+1	1.000400E+1	1.109126E+0	8.035668E+1	-5.849547E-5	0.000000E+0	9.760256E-6	-2.339819E+0
4.987300E+1	7.998643E+1	8.057971E+1	1.000500E+1	5.932846E-1	8.018419E+1	-3.675124E-5	0.000000E+0	1.716741E-5	-1.470050E+0
5.098500E+1	7.998683E+1	8.057618E+1	1.000423E+1	5.893461E-1	8.018328E+1	-3.729140E-5	0.000000E+0	1.157634E-5	-1.491656E+0
5.210200E+1	7.998664E+1	8.058101E+1	1.000503E+1	5.943704E-1	8.018476E+1	-4.348593E-5	0.000000E+0	1.409869E-5	-1.739437E+0
5.322100E+1	7.998706E+1	8.058096E+1	1.000495E+1	5.938983E-1	8.018503E+1	-3.938299E-5	0.000000E+0	8.793220E-6	-1.575319E+0
5.433600E+1	7.998669E+1	8.057903E+1	1.000437E+1	5.923396E-1	8.018413E+1	-3.496807E-5	0.000000E+0	1.349333E-5	-1.398723E+0
5.545200E+1	7.998662E+1	8.058083E+1	1.000503E+1	5.942160E-1	8.018469E+1	-3.705258E-5	0.000000E+0	1.464506E-5	-1.482103E+0
5.656500E+1	7.998715E+1	8.040112E+1	1.000405E+1	4.139711E-1	8.012514E+1	-3.770468E-5	0.000000E+0	7.338804E-6	-1.508187E+0
5.768000E+1	7.998719E+1	8.075233E+1	1.000535E+1	7.651410E-1	8.024224E+1	-4.711442E-5	0.000000E+0	6.834334E-6	-1.884577E+0
5.879400E+1	7.998706E+1	8.058150E+1	1.000523E+1	5.944404E-1	8.018521E+1	-3.909088E-5	0.000000E+0	8.305839E-6	-1.563635E+0
5.991400E+1	7.998712E+1	8.058087E+1	1.000520E+1	5.937513E-1	8.018504E+1	-4.050034E-5	0.000000E+0	7.498688E-6	-1.620014E+0
6.102700E+1	8.004056E+1	8.058125E+1	1.000524E+1	5.406940E-1	8.022079E+1	-3.865790E-5	0.000000E+0	-6.989180E-4	-1.546316E+0
6.214200E+1	8.004032E+1	8.057636E+1	1.000417E+1	5.360395E-1	8.021900E+1	-4.036690E-5	0.000000E+0	-6.957903E-4	-1.614676E+0
6.325400E+1	7.998738E+1	8.075237E+1	1.000518E+1	7.649891E-1	8.024238E+1	-4.201137E-5	0.000000E+0	4.311989E-6	-1.680455E+0
6.437200E+1	8.004056E+1	8.058097E+1	1.000522E+1	5.404166E-1	8.022070E+1	-3.812835E-5	0.000000E+0	-6.991617E-4	-1.525134E+0
6.548800E+1	8.004052E+1	8.058095E+1	1.000515E+1	5.404262E-1	8.022066E+1	-3.728668E-5	0.000000E+0	-6.986573E-4	-1.491467E+0
6.660400E+1	8.004035E+1	8.075225E+1	1.000520E+1	7.118979E-1	8.027765E+1	-4.451768E-5	0.000000E+0	-6.961939E-4	-1.780707E+0
6.771600E+1	8.004004E+1	8.092239E+1	1.000424E+1	8.823503E-1	8.033416E+1	-5.499557E-5	0.000000E+0	-6.920573E-4	-2.199823E+0
6.883500E+1	8.004037E+1	8.058144E+1	1.000524E+1	5.410686E-1	8.022073E+1	-4.460678E-5	0.000000E+0	-6.964966E-4	-1.784271E+0
6.994900E+1	8.004052E+1	8.057723E+1	1.000470E+1	5.367123E-1	8.021942E+1	-4.112899E-5	0.000000E+0	-6.986573E-4	-1.645160E+0
7.106500E+1	8.004052E+1	8.058135E+1	1.000525E+1	5.408266E-1	8.022080E+1	-4.361348E-5	0.000000E+0	-6.986573E-4	-1.744539E+0
7.218400E+1	8.004053E+1	8.058146E+1	1.000534E+1	5.409289E-1	8.022084E+1	-4.210388E-5	0.000000E+0	-6.985145E-4	-1.684155E+0
7.330100E+1	8.004052E+1	8.058140E+1	1.000470E+1	5.408842E-1	8.022081E+1	-4.034519E-5	0.000000E+0	-6.984136E-4	-1.613808E+0
7.442000E+1	8.004078E+1	8.058115E+1	1.000526E+1	5.403661E-1	8.022090E+1	-4.496212E-5	0.000000E+0	-7.020876E-4	-1.798485E+0
7.553700E+1	8.004067E+1	8.057701E+1	1.000426E+1	5.363347E-1	8.021945E+1	-3.998818E-5	0.000000E+0	-7.009188E-4	-1.599527E+0
7.665100E+1	8.004063E+1	8.040641E+1	1.000535E+1	3.657803E-1	8.016255E+1	-3.441974E-5	0.000000E+0	-7.003135E-4	-1.376790E+0
7.777300E+1	8.004060E+1	8.040134E+1	1.000430E+1	3.607471E-1	8.016085E+1	-3.864419E-5	0.000000E+0	-6.996662E-4	-1.545767E+0
7.888800E+1	8.004053E+1	8.040615E+1	1.000532E+1	3.656208E-1	8.016240E+1	-3.699569E-5	0.000000E+0	-6.990018E-4	-1.479828E+0
8.000200E+1	8.004053E+1	8.040600E+1	1.000528E+1	3.654766E-1	8.016235E+1	-3.449528E-5	0.000000E+0	-6.990018E-4	-1.379811E+0
8.111800E+1	8.004055E+1	8.040592E+1	1.000430E+1	3.653728E-1	8.016234E+1	-3.528919E-5	0.000000E+0	-6.993045E-4	-1.411568E+0
8.223800E+1	8.004057E+1	8.040624E+1	1.000527E+1	3.656662E-1	8.016246E+1	-3.564831E-5	0.000000E+0	-6.993635E-4	-1.425933E+0
8.334700E+1	8.004063E+1	8.040164E+1	1.000438E+1	3.610013E-1	8.016097E+1	-3.893081E-5	0.000000E+0	-7.004144E-4	-1.557232E+0
8.446500E+1	8.004067E+1	8.040624E+1	1.000525E+1	3.655670E-1	8.016253E+1	-4.003317E-5	0.000000E+0	-7.009188E-4	-1.601327E+0
8.557900E+1	8.004055E+1	8.040586E+1	1.000520E+1	3.653101E-1	8.016232E+1	-3.978060E-5	0.000000E+0	-6.990608E-4	-1.591224E+0
8.669800E+1	8.004057E+1	8.040626E+1	1.000511E+1	3.656850E-1	8.016247E+1	-3.891829E-5	0.000000E+0	-6.993635E-4	-1.556732E+0
8.781300E+1	8.004060E+1	8.040626E+1	1.000526E+1	3.656596E-1	8.016249E+1	-3.911963E-5	0.000000E+0	-6.997671E-4	-1.564785E+0
8.892800E+1	8.004060E+1	8.040134E+1	1.000424E+1	3.607419E-1	8.016084E+1	-3.739281E-5	0.000000E+0	-6.999099E-4	-1.495712E+0
9.004500E+1	8.004076E+1	8.040600E+1	1.000519E+1	3.652425E-1	8.016250E+1	-3.744944E-5	0.000000E+0	-7.020287E-4	-1.497977E+0
9.116200E+1	8.004078E+1	8.040145E+1	1.000496E+1	3.606687E-1	8.016100E+1	-3.968108E-5	0.000000E+0	-7.025750E-4	-1.587243E+0
9.227700E+1	8.004062E+1	8.040568E+1	1.000525E+1	3.650635E-1	8.016231E+1	-3.800435E-5	0.000000E+0	-7.004563E-4	-1.520174E+0
9.339200E+1	8.004050E+1	8.040595E+1	1.000535E+1	3.654495E-1	8.016231E+1	-3.296373E-5	0.000000E+0	-6.988420E-4	-1.318549E+0
9.451100E+1	8.004043E+1	8.040284E+1	1.000426E+1	3.624161E-1	8.016123E+1	-3.476793E-5	0.000000E+0	-6.979339E-4	-1.390717E+0
9.562700E+1	8.004076E+1	8.040642E+1	1.000529E+1	3.656610E-1	8.016264E+1	-3.329531E-5	0.000000E+0	-7.020287E-4	-1.331813E+0
9.673900E+1	8.004060E+1	8.040147E+1	1.000436E+1	3.608694E-1	8.016089E+1	-3.710198E-5	0.000000E+0	-7.002545E-4	-1.484079E+0
9.785600E+1	8.004075E+1	8.040590E+1	1.000523E+1	3.651557E-1	8.016247E+1	-3.819780E-5	0.000000E+0	-7.019278E-4	-1.527912E+0
9.897400E+1	8.004047E+1	8.040417E+1	1.000522E+1	3.636989E-1	8.016171E+1	-3.720535E-5	0.000000E+0	-6.985393E-4	-1.488214E+0
1.000870E+2	8.004082E+1	8.040398E+1	1.000483E+1	3.631519E-1	8.016188E+1	-3.649411E-5	0.000000E+0	-7.029367E-4	-1.459765E+0
1.012020E+2	8.004002E+1	8.040449E+1	1.000533E+1	3.644653E-1	8.016151E+1	-3.776091E-5	0.000000E+0	-6.925865E-4	-1.510437E+0
1.023170E+2	8.004075E+1	8.039905E+1	1.000427E+1	3.582977E-1	8.016018E+1	-4.097614E-5	0.000000E+0	-7.021715E-4	-1.639045E+0
1.034330E+2	8.004016E+1	8.040431E+1	1.000527E+1	3.641507E-1	8.016154E+1	-3.565871E-5	0.000000E+0	-6.941589E-4	-1.426349E+0
1.045490E+2	8.003989E+1	8.040402E+1	1.000513E+1	3.641376E-1	8.016127E+1	-3.362993E-5	0.000000E+0	-6.907705E-4	-1.345197E+0
1.056680E+2	8.003992E+1	8.040416E+1	1.000503E+1	3.642455E-1	8.016133E+1	-3.840527E-5	0.000000E+0	-6.909303E-4	-1.536211E+0
1.067830E+2	8.003984E+1	8.040419E+1	1.000504E+1	3.643509E-1	8.016129E+1	-3.398300E-5	0.000000E+0	-6.901651E-4	-1.359320E+0
1.078980E+2	8.004021E+1	8.039919E+1	1.000392E+1	3.589830E-1	8.015987E+1	-3.725395E-5	0.000000E+0	-6.952517E-4	-1.490158E+0
1.090130E+2	8.004033E+1	8.040437E+1	1.000510E+1	3.640398E-1	8.016168E+1	-4.083679E-5	0.000000E+0	-6.966223E-4	-1.633472E+0
1.101270E+2	8.003989E+1	8.040035E+1	1.000431E+1	3.604592E-1	8.016004E+1	-3.464314E-5	0.000000E+0	-6.910141E-4	-1.385726E+0
1.112450E+2	8.003992E+1	8.040453E+1	1.000498E+1	3.646116E-1	8.016145E+1	-3.715820E-5	0.000000E+0	-6.911740E-4	-1.486328E+0
1.123570E+2	8.003978E+1	8.040424E+1	1.000500E+1	3.644559E-1	8.016126E+1	-3.933720E-5	0.000000E+0	-6.896016E-4	-1.573488E+0
1.134770E+2	8.004004E+1	8.039972E+1	1.000399E+1	3.596793E-1	8.015993E+1	-3.832423E-5	0.000000E+0	-6.927883E-4	-1.532969E+0
1.145870E+2	8.004001E+1	8.040429E+1	1.000503E+1	3.642846E-1	8.016144E+1	-3.691033E-5	0.000000E+0	-6.926284E-4	-1.476413E+0
1.157090E+2	8.004016E+1	8.039906E+1	1.000402E+1	3.589000E-1	8.015979E+1	-3.511412E-5	0.000000E+0	-6.944026E-4	-1.404565E+0
1.168240E+2	8.004002E+1	8.040459E+1	1.000502E+1	3.645623E-1	8.016154E+1	-3.479413E-5	0.000000E+0	-6.928302E-4	-1.391765E+0
1.179400E+2	8.003999E+1	8.040634E+1	1.000505E+1	3.663500E-1	8.016210E+1	-3.396424E-5	0.000000E+0	-6.920821E-4	-1.358570E+0
1.190560E+2	8.003995E+1	8.040487E+1	1.000448E+1	3.649213E-1	8.016159E+1	-3.448742E-5	0.000000E+0	-6.918213E-4	-1.379497E+0
1.201740E+2	8.003978E+1	8.040602E+1	1.000512E+1	3.662398E-1	8.016186E+1	-3.245951E-5	0.000000E+0	-6.893579E-4	-1.298380E+0
1.212900E+2	8.003996E+1	8.040132E+1	1.000404E+1	3.613564E-1	8.016041E+1	-3.595462E-5	0.000000E+0	-6.920231E-4	-1.438185E+0
1.224030E+2	8.003966E+1	8.040601E+1	1.000502E+1	3.663515E-1	8.016177E+1	-3.751555E-5	0.000000E+0	-6.877436E-4	-1.500622E+0
1.235180E+2	8.003996E+1	8.040383E+1	1.000534E+1	3.638647E-1	8.016125E+1	-3.674132E-5	0.000000E+0	-6.920231E-4	-1.469653E+0
1.246330E+2	8.003995E+1	8.040611E+1	1.000499E+1	3.661579E-1	8.016200E+1	-3.772182E-5	0.000000E+0	-6.920650E-4	-1.508873E+0
1.257520E+2	8.004057E+1	8.040596E+1	1.000512E+1	3.653887E-1	8.016237E+1	-4.082952E-5	0.000000E+0	-7.003383E-4	-1.633181E+0
1.268700E+2	8.004004E+1	8.074943E+1	1.000401E+1	7.093861E-1	8.027650E+1	-4.287915E-5	0.000000E+0	-6.930320E-4	-1.715166E+0
1.279830E+2	8.004079E+1	8.075202E+1	1.000523E+1	7.112328E-1	8.027786E+1	-4.892395E-5	0.000000E+0	-7.029196E-4	-1.956958E+0
1.291010E+2	8.004078E+1	8.057621E+1	1.000426E+1	5.354271E-1	8.021925E+1	-4.602119E-5	0.000000E+0	-7.028187E-4	-1.840848E+0
1.302160E+2	8.004070E+1	8.058098E+1	1.000527E+1	5.402876E-1	8.022079E+1	-4.470524E-5	0.000000E+0	-7.017089E-4	-1.788210E+0
1.313340E+2	8.004090E+1	8.075218E+1	1.000533E+1	7.112807E-1	8.027799E+1	-4.895928E-5	0.000000E+0	-7.044330E-4	-1.958371E+0
1.324490E+2	8.004068E+1	8.058105E+1	1.000519E+1	5.403656E-1	8.022080E+1	-4.366098E-5	0.000000E+0	-7.017508E-4	-1.746439E+0
1.335650E+2	8.009369E+1	8.092640E+1	1.000527E+1	8.327131E-1	8.037126E+1	-5.593966E-5	0.000000E+0	-1.402761E-3	-2.237586E+0
1.346790E+2	8.009367E+1	8.074755E+1	1.000422E+1	6.538810E-1	8.031163E+1	-4.937309E-5	0.000000E+0	-1.850951E-3	-1.974924E+0
1.357950E+2	8.009399E+1	8.057918E+1	1.000511E+1	4.851861E-1	8.025572E+1	-4.693951E-5	0.000000E+0	-2.451987E-3	-1.877580E+0
1.369080E+2	8.004077E+1	8.058096E+1	1.000529E+1	5.401874E-1	8.022083E+1	-4.041990E-5	0.000000E+0	-2.600095E-3	-1.616796E+0
1.382040E+2	7.998750E+1	8.040571E+1	1.000521E+1	4.182129E-1	8.012690E+1	-3.364487E-5	0.000000E+0	-1.924309E-3	-1.345795E+0
1.393180E+2	7.998746E+1	8.074888E+1	1.000426E+1	7.614207E-1	8.024126E+1	-4.293133E-5	0.000000E+0	-1.923804E-3	-1.717253E+0
1.404380E+2	7.998766E+1	8.075210E+1	1.000524E+1	7.644377E-1	8.024248E+1	-4.697325E-5	0.000000E+0	-1.926772E-3	-1.878930E+0
1.415550E+2	7.998788E+1	8.057687E+1	1.000431E+1	5.889962E-1	8.018421E+1	-3.715841E-5	0.000000E+0	-1.929597E-3	-1.486336E+0
1.426670E+2	7.998752E+1	8.040596E+1	1.000530E+1	4.184435E-1	8.012700E+1	-3.562603E-5	0.000000E+0	-1.924855E-3	-1.425041E+0
1.437840E+2	7.998743E+1	8.040579E+1	1.000533E+1	4.183624E-1	8.012688E+1	-3.604128E-5	0.000000E+0	-1.923645E-3	-1.441651E+0
1.449000E+2	7.998768E+1	8.040562E+1	1.000521E+1	4.179431E-1	8.012699E+1	-3.845841E-5	0.000000E+0	-1.926974E-3	-1.538336E+0
1.460140E+2	7.998753E+1	8.040577E+1	1.000526E+1	4.182399E-1	8.012694E+1	-3.848504E-5	0.000000E+0	-1.924956E-3	-1.539402E+0
1.471300E+2	7.998742E+1	8.057610E+1	1.000424E+1	5.886771E-1	8.018364E+1	-3.613448E-5	0.000000E+0	-1.923787E-3	-1.445379E+0
1.482520E+2	7.998751E+1	8.092603E+1	1.000526E+1	9.385227E-1	8.030035E+1	-4.984536E-5	0.000000E+0	-1.924998E-3	-1.993814E+0
1.493660E+2	8.004059E+1	8.057696E+1	1.000432E+1	5.363714E-1	8.021938E+1	-4.045160E-5	0.000000E+0	-2.626917E-3	-1.618064E+0
1.504810E+2	8.004057E+1	8.075181E+1	1.000521E+1	7.112401E-1	8.027765E+1	-5.096389E-5	0.000000E+0	-2.626715E-3	-2.038556E+0
1.515960E+2	8.004080E+1	8.075162E+1	1.000519E+1	7.108197E-1	8.027774E+1	-4.687370E-5	0.000000E+0	-2.629742E-3	-1.874948E+0
1.527140E+2	8.004063E+1	8.092328E+1	1.000446E+1	8.826471E-1	8.033485E+1	-5.148360E-5	0.000000E+0	-2.627522E-3	-2.059344E+0
1.538270E+2	8.009391E+1	8.075217E+1	1.000520E+1	6.582632E-1	8.031333E+1	-4.962241E-5	0.000000E+0	-3.332064E-3	-1.984896E+0
1.549460E+2	8.009396E+1	8.092204E+1	1.000423E+1	8.280886E-1	8.036999E+1	-4.943962E-5	0.000000E+0	-3.784715E-3	-1.977585E+0
1.560560E+2	8.004071E+1	8.075053E+1	1.000521E+1	7.098182E-1	8.027732E+1	-4.431845E-5	0.000000E+0	-3.681275E-3	-1.772738E+0
1.571710E+2	8.004074E+1	8.075021E+1	1.000524E+1	7.094714E-1	8.027723E+1	-4.185912E-5	0.000000E+0	-3.703124E-3	-1.674365E+0
1.582930E+2	8.004060E+1	8.074978E+1	1.000507E+1	7.091767E-1	8.027700E+1	-4.119322E-5	0.000000E+0	-3.701551E-3	-1.647729E+0
1.594080E+2	8.004078E+1	8.092470E+1	1.000524E+1	8.839258E-1	8.033542E+1	-4.881605E-5	0.000000E+0	-3.703872E-3	-1.952642E+0
1.605190E+2	8.009296E+1	8.074545E+1	1.000424E+1	6.524980E-1	8.031046E+1	-4.482578E-5	0.000000E+0	-4.393885E-3	-1.793031E+0
1.616390E+2	8.009361E+1	8.092422E+1	1.000529E+1	8.306154E-1	8.037048E+1	-5.243338E-5	0.000000E+0	-4.845735E-3	-2.097335E+0
1.627530E+2	8.009304E+1	8.092445E+1	1.000511E+1	8.314051E-1	8.037018E+1	-4.871288E-5	0.000000E+0	-5.432874E-3	-1.948515E+0
1.638680E+2	8.004025E+1	8.075025E+1	1.000494E+1	7.100093E-1	8.027691E+1	-4.248391E-5	0.000000E+0	-5.459426E-3	-1.699356E+0
1.649800E+2	8.004018E+1	8.075040E+1	1.000492E+1	7.102216E-1	8.027692E+1	-4.286353E-5	0.000000E+0	-5.485324E-3	-1.714541E+0
1.660990E+2	8.003998E+1	8.057320E+1	1.000396E+1	5.332173E-1	8.021772E+1	-3.950839E-5	0.000000E+0	-5.482944E-3	-1.580336E+0
1.672150E+2	8.004006E+1	8.057970E+1	1.000504E+1	5.396363E-1	8.021994E+1	-3.822479E-5	0.000000E+0	-5.483810E-3	-1.528992E+0
1.683270E+2	8.003997E+1	8.040407E+1	1.000488E+1	3.640976E-1	8.016134E+1	-3.705917E-5	0.000000E+0	-5.482843E-3	-1.482367E+0
1.697330E+2	8.004075E+1	8.075190E+1	1.000517E+1	7.111506E-1	8.027780E+1	-4.048407E-5	0.000000E+0	-5.492891E-3	-1.619363E+0
1.715140E+2	8.004048E+1	8.075224E+1	1.000527E+1	7.117579E-1	8.027773E+1	-5.051023E-5	0.000000E+0	-5.489603E-3	-2.020409E+0
1.726280E+2	8.009408E+1	8.075158E+1	1.000519E+1	6.574997E-1	8.031324E+1	-5.407903E-5	0.000000E+0	-6.198139E-3	-2.163161E+0
1.737450E+2	8.009403E+1	8.075173E+1	1.000518E+1	6.576994E-1	8.031327E+1	-5.034998E-5	0.000000E+0	-6.652017E-3	-2.013999E+0
1.748590E+2	8.004083E+1	8.064584E+1	1.000416E+1	6.050099E-1	8.024250E+1	-4.429382E-5	0.000000E+0	-6.551131E-3	-1.771753E+0
1.759740E+2	8.004070E+1	8.057929E+1	1.000524E+1	5.385873E-1	8.022023E+1	-3.953012E-5	0.000000E+0	-6.570861E-3	-1.581205E+0
1.770880E+2	8.004090E+1	8.057632E+1	1.000486E+1	5.354202E-1	8.021937E+1	-3.842106E-5	0.000000E+0	-6.573484E-3	-1.536842E+0
1.782250E+2	8.004077E+1	8.058082E+1	1.000512E+1	5.400438E-1	8.022079E+1	-4.331887E-5	0.000000E+0	-6.571769E-3	-1.732755E+0
1.793430E+2	8.004074E+1	8.057607E+1	1.000430E+1	5.353268E-1	8.021918E+1	-4.091748E-5	0.000000E+0	-6.571609E-3	-1.636699E+0
1.804600E+2	8.004077E+1	8.075156E+1	1.000524E+1	7.107875E-1	8.027770E+1	-4.335665E-5	0.000000E+0	-6.572013E-3	-1.734266E+0
1.815710E+2	8.004096E+1	8.075216E+1	1.000531E+1	7.111964E-1	8.027803E+1	-4.257710E-5	0.000000E+0	-6.574291E-3	-1.703084E+0
1.826890E+2	8.004066E+1	8.075167E+1	1.000525E+1	7.110094E-1	8.027767E+1	-4.267786E-5	0.000000E+0	-6.570357E-3	-1.707114E+0
1.838050E+2	8.009390E+1	8.075211E+1	1.000486E+1	6.582036E-1	8.031330E+1	-4.689002E-5	0.000000E+0	-7.274637E-3	-1.875601E+0
1.849150E+2	8.009393E+1	8.074748E+1	1.000410E+1	6.535529E-1	8.031178E+1	-5.265116E-5	0.000000E+0	-7.726499E-3	-2.106047E+0
1.860360E+2	8.004076E+1	8.058112E+1	1.000521E+1	5.403624E-1	8.022088E+1	-4.441623E-5	0.000000E+0	-7.623337E-3	-1.776649E+0
1.871490E+2	8.004062E+1	8.040559E+1	1.000525E+1	3.649743E-1	8.016228E+1	-3.655659E-5	0.000000E+0	-7.643453E-3	-1.462264E+0
1.882730E+2	8.004080E+1	8.040559E+1	1.000527E+1	3.647912E-1	8.016240E+1	-4.108320E-5	0.000000E+0	-7.646118E-3	-1.643328E+0
1.893820E+2	8.004060E+1	8.058096E+1	1.000522E+1	5.403604E-1	8.022072E+1	-4.624240E-5	0.000000E+0	-7.643252E-3	-1.849696E+0
1.905020E+2	8.004063E+1	8.092080E+1	1.000424E+1	8.801628E-1	8.033402E+1	-5.252139E-5	0.000000E+0	-7.643899E-3	-2.100855E+0
1.916150E+2	8.004094E+1	8.058113E+1	1.000527E+1	5.401923E-1	8.022100E+1	-4.421079E-5	0.000000E+0	-7.647691E-3	-1.768432E+0
1.927300E+2	8.004086E+1	8.092074E+1	1.000447E+1	8.798815E-1	8.033416E+1	-5.105922E-5	0.000000E+0	-7.646682E-3	-2.042369E+0
1.938480E+2	8.009411E+1	8.057958E+1	1.000529E+1	4.854746E-1	8.025593E+1	-4.700447E-5	0.000000E+0	-8.351307E-3	-1.880179E+0
1.949620E+2	8.009338E+1	8.057981E+1	1.000541E+1	4.864321E-1	8.025552E+1	-4.682496E-5	0.000000E+0	-8.792450E-3	-1.872999E+0
1.960790E+2	8.004065E+1	8.128158E+1	1.000504E+1	1.240931E+0	8.045429E+1	-6.155634E-5	0.000000E+0	-8.690022E-3	-2.462254E+0
1.971940E+2	8.004086E+1	8.057966E+1	1.000536E+1	5.388092E-1	8.022046E+1	-4.073441E-5	0.000000E+0	-8.714191E-3	-1.629376E+0
1.983110E+2	8.004060E+1	8.074551E+1	1.000438E+1	7.049161E-1	8.027557E+1	-5.070997E-5	0.000000E+0	-8.711004E-3	-2.028399E+0
1.994270E+2	8.009398E+1	8.092446E+1	1.000534E+1	8.304770E-1	8.037080E+1	-5.515690E-5	0.000000E+0	-9.416958E-3	-2.206276E+0
2.005450E+2	8.009273E+1	8.092399E+1	1.000532E+1	8.312632E-1	8.036982E+1	-5.525037E-5	0.000000E+0	-9.852946E-3	-2.210015E+0
2.016580E+2	8.009385E+1	8.075037E+1	1.000525E+1	6.565255E-1	8.031269E+1	-4.823952E-5	0.000000E+0	-1.045800E-2	-1.929581E+0
2.027770E+2	8.004073E+1	8.075044E+1	1.000538E+1	7.097163E-1	8.027730E+1	-4.902110E-5	0.000000E+0	-1.048776E-2	-1.960844E+0
2.038910E+2	8.004025E+1	8.074633E+1	1.000408E+1	7.060826E-1	8.027561E+1	-5.173744E-5	0.000000E+0	-1.050724E-2	-2.069498E+0
2.050030E+2	8.003992E+1	8.057938E+1	1.000519E+1	5.394650E-1	8.021974E+1	-4.339484E-5	0.000000E+0	-1.050339E-2	-1.735794E+0
2.061190E+2	8.003998E+1	8.040206E+1	1.000449E+1	3.620810E-1	8.016067E+1	-3.666927E-5	0.000000E+0	-1.050419E-2	-1.466771E+0
2.072350E+2	8.004009E+1	8.040430E+1	1.000500E+1	3.642110E-1	8.016150E+1	-3.433322E-5	0.000000E+0	-1.050546E-2	-1.373329E+0
2.083510E+2	8.003991E+1	8.040418E+1	1.000504E+1	3.642738E-1	8.016133E+1	-3.436331E-5	0.000000E+0	-1.050304E-2	-1.374532E+0
2.094630E+2	8.004015E+1	8.109549E+1	1.000392E+1	1.055342E+0	8.039193E+1	-5.734850E-5	0.000000E+0	-1.050641E-2	-2.293940E+0
2.105800E+2	8.005151E+1	8.058074E+1	1.000502E+1	5.292253E-1	8.022792E+1	-4.395369E-5	0.000000E+0	-1.065675E-2	-1.758148E+0
2.116920E+2	8.009301E+1	8.092210E+1	1.000393E+1	8.290916E-1	8.036937E+1	-5.662637E-5	0.000000E+0	-1.131346E-2	-2.265055E+0
2.128140E+2	8.009311E+1	8.092604E+1	1.000501E+1	8.329346E-1	8.037075E+1	-5.183148E-5	0.000000E+0	-1.180557E-2	-2.073259E+0
2.139250E+2	8.004058E+1	8.075214E+1	1.000506E+1	7.115591E-1	8.027777E+1	-4.200318E-5	0.000000E+0	-1.174548E-2	-1.680127E+0
2.150460E+2	8.004035E+1	8.058062E+1	1.000490E+1	5.402720E-1	8.022044E+1	-4.037612E-5	0.000000E+0	-1.176585E-2	-1.615045E+0
2.161600E+2	8.009289E+1	8.075197E+1	1.000504E+1	6.590792E-1	8.031258E+1	-5.130541E-5	0.000000E+0	-1.246061E-2	-2.052216E+0
2.172730E+2	8.009387E+1	8.074480E+1	1.000400E+1	6.509253E-1	8.031085E+1	-4.556330E-5	0.000000E+0	-1.291787E-2	-1.822532E+0
2.183860E+2	8.004055E+1	8.075174E+1	1.000512E+1	7.111866E-1	8.027761E+1	-4.356561E-5	0.000000E+0	-1.281074E-2	-1.742625E+0
2.195050E+2	8.004058E+1	8.075139E+1	1.000524E+1	7.108107E-1	8.027752E+1	-4.722230E-5	0.000000E+0	-1.283235E-2	-1.888892E+0
2.206170E+2	8.004048E+1	8.075078E+1	1.000491E+1	7.103006E-1	8.027725E+1	-4.502385E-5	0.000000E+0	-1.283103E-2	-1.800954E+0
2.217320E+2	8.009368E+1	8.092586E+1	1.000512E+1	8.321742E-1	8.037107E+1	-5.004235E-5	0.000000E+0	-1.353457E-2	-2.001694E+0
2.228480E+2	8.009403E+1	8.074738E+1	1.000426E+1	6.533497E-1	8.031182E+1	-5.382051E-5	0.000000E+0	-1.399004E-2	-2.152821E+0
2.239670E+2	8.009406E+1	8.058082E+1	1.000523E+1	4.867525E-1	8.025631E+1	-4.840729E-5	0.000000E+0	-1.459358E-2	-1.936292E+0
2.250860E+2	8.004063E+1	8.075127E+1	1.000512E+1	7.106401E-1	8.027751E+1	-4.341144E-5	0.000000E+0	-1.462481E-2	-1.736457E+0
2.261980E+2	8.004042E+1	8.075171E+1	1.000521E+1	7.112879E-1	8.027752E+1	-4.230971E-5	0.000000E+0	-1.464938E-2	-1.692388E+0
2.273130E+2	8.004070E+1	8.075163E+1	1.000522E+1	7.109293E-1	8.027768E+1	-4.731023E-5	0.000000E+0	-1.465311E-2	-1.892409E+0
2.284340E+2	8.004073E+1	8.074738E+1	1.000418E+1	7.066530E-1	8.027628E+1	-5.017243E-5	0.000000E+0	-1.465342E-2	-2.006897E+0
2.295460E+2	8.009388E+1	8.075212E+1	1.000517E+1	6.582414E-1	8.031329E+1	-4.891373E-5	0.000000E+0	-1.535659E-2	-1.956549E+0
2.306640E+2	8.009416E+1	8.074781E+1	1.000434E+1	6.536488E-1	8.031204E+1	-5.288612E-5	0.000000E+0	-1.581188E-2	-2.115445E+0
2.317770E+2	8.004068E+1	8.040549E+1	1.000528E+1	3.648085E-1	8.016228E+1	-3.642809E-5	0.000000E+0	-1.570629E-2	-1.457124E+0
2.328930E+2	8.004097E+1	8.040589E+1	1.000495E+1	3.649157E-1	8.016261E+1	-4.025063E-5	0.000000E+0	-1.573156E-2	-1.610025E+0
2.340060E+2	8.004081E+1	8.040128E+1	1.000428E+1	3.604675E-1	8.016097E+1	-3.842145E-5	0.000000E+0	-1.572945E-2	-1.536858E+0
2.351270E+2	8.004081E+1	8.075173E+1	1.000532E+1	7.109221E-1	8.027778E+1	-4.197211E-5	0.000000E+0	-1.572945E-2	-1.678884E+0
2.362370E+2	8.004059E+1	8.074779E+1	1.000424E+1	7.072017E-1	8.027632E+1	-4.584645E-5	0.000000E+0	-1.572652E-2	-1.833858E+0
2.373560E+2	8.004070E+1	8.075159E+1	1.000526E+1	7.108905E-1	8.027767E+1	-4.609687E-5	0.000000E+0	-1.572803E-2	-1.843875E+0
2.384680E+2	8.009395E+1	8.092673E+1	1.000532E+1	8.327862E-1	8.037154E+1	-5.642029E-5	0.000000E+0	-1.643242E-2	-2.256812E+0
2.395860E+2	8.009403E+1	8.075070E+1	1.000527E+1	6.566691E-1	8.031292E+1	-5.178644E-5	0.000000E+0	-1.688630E-2	-2.071457E+0
2.407000E+2	8.009407E+1	8.075216E+1	1.000527E+1	6.580901E-1	8.031343E+1	-4.961215E-5	0.000000E+0	-1.748848E-2	-1.984486E+0
2.418150E+2	8.009414E+1	8.074770E+1	1.000425E+1	6.535566E-1	8.031199E+1	-4.381840E-5	0.000000E+0	-1.822777E-2	-1.752736E+0
2.429340E+2	8.004076E+1	8.092643E+1	1.000530E+1	8.856769E-1	8.033598E+1	-4.817560E-5	0.000000E+0	-1.839813E-2	-1.927024E+0
2.440490E+2	8.004090E+1	8.075060E+1	1.000526E+1	7.096954E-1	8.027747E+1	-4.349777E-5	0.000000E+0	-1.843124E-2	-1.739911E+0
2.451620E+2	8.004073E+1	8.072265E+1	1.000518E+1	6.819272E-1	8.026803E+1	-4.694750E-5	0.000000E+0	-1.842892E-2	-1.877900E+0
2.462760E+2	8.009393E+1	8.075049E+1	1.000535E+1	6.565561E-1	8.031279E+1	-5.108731E-5	0.000000E+0	-1.913255E-2	-2.043492E+0
2.473930E+2	8.009399E+1	8.092027E+1	1.000411E+1	8.262872E-1	8.036942E+1	-5.482287E-5	0.000000E+0	-1.958531E-2	-2.192915E+0
2.485050E+2	8.009325E+1	8.075052E+1	1.000523E+1	6.572718E-1	8.031234E+1	-5.136629E-5	0.000000E+0	-2.017549E-2	-2.054652E+0
2.496260E+2	8.004092E+1	8.057961E+1	1.000518E+1	5.386875E-1	8.022049E+1	-4.402708E-5	0.000000E+0	-2.021414E-2	-1.761083E+0
2.507400E+2	8.004073E+1	8.075010E+1	1.000523E+1	7.093715E-1	8.027718E+1	-4.985197E-5	0.000000E+0	-2.023857E-2	-1.994079E+0
2.518520E+2	8.004002E+1	8.092518E+1	1.000514E+1	8.851565E-1	8.033508E+1	-5.492697E-5	0.000000E+0	-2.022953E-2	-2.197079E+0
2.529710E+2	8.009322E+1	8.080142E+1	1.000403E+1	7.082015E-1	8.032928E+1	-5.493206E-5	0.000000E+0	-2.093272E-2	-2.197282E+0
2.540880E+2	8.009309E+1	8.057972E+1	1.000498E+1	4.866353E-1	8.025530E+1	-4.464235E-5	0.000000E+0	-2.137915E-2	-1.785694E+0
2.552000E+2	8.009306E+1	8.075126E+1	1.000463E+1	6.581981E-1	8.031246E+1	-4.953155E-5	0.000000E+0	-2.197150E-2	-1.981262E+0
2.563140E+2	8.009326E+1	8.091330E+1	1.000502E+1	8.200388E-1	8.036661E+1	-4.922824E-5	0.000000E+0	-2.270179E-2	-1.969130E+0
2.574300E+2	8.004031E+1	8.075033E+1	1.000497E+1	7.100164E-1	8.027699E+1	-4.104773E-5	0.000000E+0	-2.286279E-2	-1.641909E+0
2.585450E+2	7.998727E+1	8.040077E+1	1.000379E+1	4.134984E-1	8.012511E+1	-3.271160E-5	0.000000E+0	-2.219257E-2	-1.308464E+0
2.596630E+2	7.998730E+1	8.075195E+1	1.000500E+1	7.646417E-1	8.024219E+1	-4.072448E-5	0.000000E+0	-2.219321E-2	-1.628979E+0
2.607780E+2	8.004035E+1	8.074737E+1	1.000392E+1	7.070198E-1	8.027603E+1	-4.459379E-5	0.000000E+0	-2.289473E-2	-1.783752E+0
2.618940E+2	8.004091E+1	8.092626E+1	1.000500E+1	8.853549E-1	8.033603E+1	-4.914332E-5	0.000000E+0	-2.290209E-2	-1.965733E+0
2.630080E+2	8.009339E+1	8.075211E+1	1.000505E+1	6.587199E-1	8.031296E+1	-5.258608E-5	0.000000E+0	-2.359590E-2	-2.103443E+0
2.641270E+2	8.009319E+1	8.058106E+1	1.000499E+1	4.878629E-1	8.025581E+1	-4.547028E-5	0.000000E+0	-2.404020E-2	-1.818811E+0
2.652440E+2	8.009338E+1	8.075245E+1	1.000511E+1	6.590671E-1	8.031307E+1	-4.609940E-5	0.000000E+0	-2.463246E-2	-1.843976E+0
2.663580E+2	8.004021E+1	8.057507E+1	1.000404E+1	5.348514E-1	8.021850E+1	-4.061980E-5	0.000000E+0	-2.465528E-2	-1.624792E+0
2.674680E+2	8.004089E+1	8.075194E+1	1.000527E+1	7.110579E-1	8.027791E+1	-4.988176E-5	0.000000E+0	-2.469024E-2	-1.995270E+0
2.685890E+2	8.004102E+1	8.040617E+1	1.000528E+1	3.651526E-1	8.016273E+1	-3.591074E-5	0.000000E+0	-2.469220E-2	-1.436430E+0
2.697040E+2	8.004082E+1	8.040593E+1	1.000512E+1	3.651161E-1	8.016252E+1	-4.401156E-5	0.000000E+0	-2.468957E-2	-1.760463E+0
2.708180E+2	8.004086E+1	8.109999E+1	1.000528E+1	1.059132E+0	8.039391E+1	-6.433053E-5	0.000000E+0	-2.469018E-2	-2.573221E+0
2.719350E+2	8.004089E+1	8.092252E+1	1.000421E+1	8.816297E-1	8.033477E+1	-5.762235E-5	0.000000E+0	-2.469034E-2	-2.304894E+0
2.730490E+2	8.009415E+1	8.075210E+1	1.000530E+1	6.579415E-1	8.031347E+1	-5.723151E-5	0.000000E+0	-2.539468E-2	-2.289260E+0
2.741650E+2	8.014790E+1	8.075069E+1	1.000462E+1	6.027952E-1	8.034883E+1	-5.733784E-5	0.000000E+0	-2.671098E-2	-2.293513E+0
2.752840E+2	8.009406E+1	8.092653E+1	1.000522E+1	8.324699E-1	8.037155E+1	-6.601752E-5	0.000000E+0	-2.696552E-2	-2.640701E+0
2.763990E+2	8.004086E+1	8.075213E+1	1.000531E+1	7.112664E-1	8.027795E+1	-5.329976E-5	0.000000E+0	-2.721409E-2	-2.131990E+0
2.775170E+2	8.004085E+1	8.074780E+1	1.000468E+1	7.069475E-1	8.027650E+1	-5.364533E-5	0.000000E+0	-2.724703E-2	-2.145813E+0
2.786330E+2	8.004105E+1	8.058098E+1	1.000533E+1	5.399334E-1	8.022102E+1	-5.064977E-5	0.000000E+0	-2.724989E-2	-2.025991E+0
2.797510E+2	8.004099E+1	8.040126E+1	1.000424E+1	3.602732E-1	8.016108E+1	-4.506597E-5	0.000000E+0	-2.724909E-2	-1.802639E+0
2.808650E+2	8.004089E+1	8.040595E+1	1.000529E+1	3.650623E-1	8.016257E+1	-4.212359E-5	0.000000E+0	-2.724777E-2	-1.684944E+0
2.819810E+2	8.004080E+1	8.040620E+1	1.000507E+1	3.654005E-1	8.016260E+1	-4.059817E-5	0.000000E+0	-2.724642E-2	-1.623927E+0
2.830950E+2	8.004102E+1	8.040554E+1	1.000527E+1	3.645200E-1	8.016252E+1	-4.250630E-5	0.000000E+0	-2.724949E-2	-1.700252E+0
2.842110E+2	8.004083E+1	8.040628E+1	1.000535E+1	3.654456E-1	8.016265E+1	-4.114592E-5	0.000000E+0	-2.724731E-2	-1.645837E+0
2.853300E+2	8.004077E+1	8.040142E+1	1.000432E+1	3.606440E-1	8.016099E+1	-4.186015E-5	0.000000E+0	-2.724650E-2	-1.674406E+0
2.864410E+2	8.004105E+1	8.040634E+1	1.000529E+1	3.652896E-1	8.016281E+1	-4.224395E-5	0.000000E+0	-2.724989E-2	-1.689758E+0
2.875560E+2	8.004094E+1	8.040602E+1	1.000513E+1	3.650801E-1	8.016263E+1	-4.248282E-5	0.000000E+0	-2.724872E-2	-1.699313E+0
2.886730E+2	8.004099E+1	8.040605E+1	1.000523E+1	3.650628E-1	8.016267E+1	-4.257948E-5	0.000000E+0	-2.724933E-2	-1.703179E+0
2.897920E+2	8.004063E+1	8.040590E+1	1.000526E+1	3.652778E-1	8.016239E+1	-4.360448E-5	0.000000E+0	-2.724459E-2	-1.744179E+0
2.909080E+2	8.004105E+1	8.040115E+1	1.000429E+1	3.600978E-1	8.016109E+1	-4.483716E-5	0.000000E+0	-2.724999E-2	-1.793486E+0
2.920220E+2	8.004096E+1	8.040565E+1	1.000542E+1	3.646834E-1	8.016252E+1	-4.494292E-5	0.000000E+0	-2.724903E-2	-1.797717E+0
2.931360E+2	8.004091E+1	8.040155E+1	1.000442E+1	3.606458E-1	8.016112E+1	-4.091148E-5	0.000000E+0	-2.724832E-2	-1.636459E+0
2.942510E+2	8.004094E+1	8.040605E+1	1.000537E+1	3.651085E-1	8.016264E+1	-4.316192E-5	0.000000E+0	-2.724872E-2	-1.726477E+0
2.953720E+2	8.004090E+1	8.040634E+1	1.000536E+1	3.654397E-1	8.016271E+1	-4.438604E-5	0.000000E+0	-2.724798E-2	-1.775442E+0
2.964880E+2	8.004097E+1	8.040472E+1	1.000529E+1	3.637547E-1	8.016222E+1	-4.522564E-5	0.000000E+0	-2.724888E-2	-1.809026E+0
2.976030E+2	8.004093E+1	8.040599E+1	1.000529E+1	3.650593E-1	8.016262E+1	-4.992198E-5	0.000000E+0	-2.724862E-2	-1.996879E+0
2.987200E+2	8.004074E+1	8.040127E+1	1.000429E+1	3.605310E-1	8.016092E+1	-4.766642E-5	0.000000E+0	-2.724634E-2	-1.906657E+0
2.998340E+2	8.004105E+1	8.040616E+1	1.000532E+1	3.651169E-1	8.016275E+1	-4.968531E-5	0.000000E+0	-2.725038E-2	-1.987413E+0
3.009510E+2	8.004076E+1	8.040524E+1	1.000461E+1	3.644864E-1	8.016225E+1	-4.632761E-5	0.000000E+0	-2.724630E-2	-1.853104E+0
3.020710E+2	8.004056E+1	8.040608E+1	1.000530E+1	3.655243E-1	8.016240E+1	-4.461897E-5	0.000000E+0	-2.724368E-2	-1.784759E+0
3.031840E+2	8.004063E+1	8.040611E+1	1.000524E+1	3.654765E-1	8.016246E+1	-4.595108E-5	0.000000E+0	-2.724469E-2	-1.838043E+0
3.043010E+2	8.004074E+1	8.039924E+1	1.000425E+1	3.584981E-1	8.016024E+1	-4.640279E-5	0.000000E+0	-2.724610E-2	-1.856112E+0
3.054140E+2	8.004082E+1	8.040484E+1	1.000535E+1	3.640224E-1	8.016216E+1	-4.519604E-5	0.000000E+0	-2.724711E-2	-1.807842E+0
3.065310E+2	8.004093E+1	8.057814E+1	1.000432E+1	5.372078E-1	8.022000E+1	-4.867206E-5	0.000000E+0	-2.724862E-2	-1.946883E+0
3.076430E+2	8.004043E+1	8.040458E+1	1.000527E+1	3.641528E-1	8.016181E+1	-4.086766E-5	0.000000E+0	-2.724196E-2	-1.634706E+0
3.087610E+2	8.004073E+1	8.040423E+1	1.000528E+1	3.634970E-1	8.016190E+1	-4.482194E-5	0.000000E+0	-2.724624E-2	-1.792877E+0
3.098780E+2	8.004082E+1	8.039880E+1	1.000463E+1	3.579724E-1	8.016015E+1	-4.698345E-5	0.000000E+0	-2.724745E-2	-1.879338E+0
3.109950E+2	8.004066E+1	8.040413E+1	1.000531E+1	3.634686E-1	8.016181E+1	-4.442776E-5	0.000000E+0	-2.724523E-2	-1.777110E+0
3.121080E+2	8.004080E+1	8.039912E+1	1.000421E+1	3.583167E-1	8.016024E+1	-4.386027E-5	0.000000E+0	-2.724691E-2	-1.754411E+0
3.132240E+2	8.004077E+1	8.040407E+1	1.000533E+1	3.632965E-1	8.016187E+1	-4.301751E-5	0.000000E+0	-2.724650E-2	-1.720700E+0
3.143410E+2	8.004089E+1	8.040447E+1	1.000536E+1	3.635851E-1	8.016208E+1	-4.469395E-5	0.000000E+0	-2.724802E-2	-1.787758E+0
3.154630E+2	8.004017E+1	8.040231E+1	1.000526E+1	3.621387E-1	8.016088E+1	-4.771930E-5	0.000000E+0	-2.723902E-2	-1.908772E+0
3.165760E+2	8.004078E+1	8.040466E+1	1.000528E+1	3.638827E-1	8.016207E+1	-4.781483E-5	0.000000E+0	-2.724685E-2	-1.912593E+0
3.176950E+2	8.004090E+1	8.057727E+1	1.000495E+1	5.363645E-1	8.021969E+1	-4.725854E-5	0.000000E+0	-2.724846E-2	-1.890342E+0
3.188150E+2	8.004077E+1	8.075023E+1	1.000519E+1	7.094590E-1	8.027726E+1	-5.184179E-5	0.000000E+0	-2.724699E-2	-2.073671E+0
3.199300E+2	8.009399E+1	8.074549E+1	1.000419E+1	6.515016E-1	8.031115E+1	-5.550558E-5	0.000000E+0	-2.795048E-2	-2.220223E+0
3.210450E+2	8.009326E+1	8.075049E+1	1.000522E+1	6.572326E-1	8.031234E+1	-5.752755E-5	0.000000E+0	-2.839367E-2	-2.301102E+0
3.221610E+2	8.009399E+1	8.075020E+1	1.000530E+1	6.562079E-1	8.031273E+1	-5.754397E-5	0.000000E+0	-2.899797E-2	-2.301759E+0
3.232730E+2	8.004002E+1	8.092462E+1	1.000527E+1	8.846072E-1	8.033489E+1	-5.758709E-5	0.000000E+0	-2.901716E-2	-2.303483E+0
3.243880E+2	8.004021E+1	8.075092E+1	1.000503E+1	7.107015E-1	8.027712E+1	-5.416601E-5	0.000000E+0	-2.904611E-2	-2.166640E+0
3.255080E+2	8.009322E+1	8.109502E+1	1.000405E+1	1.001794E+0	8.042715E+1	-6.393428E-5	0.000000E+0	-2.974736E-2	-2.557371E+0
3.266230E+2	8.009305E+1	8.128170E+1	1.000520E+1	1.188648E+0	8.048926E+1	-6.853468E-5	0.000000E+0	-3.019148E-2	-2.741387E+0
3.277370E+2	8.004004E+1	8.128262E+1	1.000465E+1	1.242578E+0	8.045423E+1	-6.615104E-5	0.000000E+0	-3.008142E-2	-2.646042E+0
3.288480E+2	8.003984E+1	8.109954E+1	1.000501E+1	1.059699E+0	8.039307E+1	-6.275783E-5	0.000000E+0	-3.009976E-2	-2.510313E+0
3.299660E+2	8.003978E+1	8.109957E+1	1.000511E+1	1.059794E+0	8.039304E+1	-6.144454E-5	0.000000E+0	-3.009919E-2	-2.457782E+0
3.310840E+2	7.998677E+1	8.109626E+1	1.000348E+1	1.109494E+0	8.035660E+1	-6.015658E-5	0.000000E+0	-2.939818E-2	-2.406263E+0
3.321970E+2	7.998710E+1	8.109964E+1	1.000501E+1	1.112543E+0	8.035795E+1	-6.107561E-5	0.000000E+0	-2.940252E-2	-2.443024E+0
3.333150E+2	7.998721E+1	8.109800E+1	1.000427E+1	1.110788E+0	8.035748E+1	-6.479666E-5	0.000000E+0	-2.940379E-2	-2.591866E+0
3.344280E+2	7.998709E+1	8.109970E+1	1.000504E+1	1.112608E+0	8.035796E+1	-6.053744E-5	0.000000E+0	-2.940218E-2	-2.421498E+0
3.355440E+2	7.998709E+1	8.109978E+1	1.000504E+1	1.112689E+0	8.035799E+1	-5.751451E-5	0.000000E+0	-2.940242E-2	-2.300580E+0
3.366650E+2	7.998698E+1	8.109953E+1	1.000498E+1	1.112542E+0	8.035783E+1	-8.356198E-5	0.000000E+0	-2.940101E-2	-3.342479E+0
3.377810E+2	7.998709E+1	8.109970E+1	1.000505E+1	1.112608E+0	8.035796E+1	-6.010931E-5	0.000000E+0	-2.940242E-2	-2.404373E+0
3.388980E+2	7.998679E+1	8.109636E+1	1.000385E+1	1.109563E+0	8.035665E+1	-6.242286E-5	0.000000E+0	-2.939848E-2	-2.496914E+0
3.400100E+2	7.998689E+1	8.110026E+1	1.000522E+1	1.113371E+0	8.035802E+1	-6.269196E-5	0.000000E+0	-2.939980E-2	-2.507678E+0
3.411300E+2	7.998701E+1	8.110021E+1	1.000518E+1	1.113192E+0	8.035808E+1	-6.126519E-5	0.000000E+0	-2.940141E-2	-2.450608E+0
3.422480E+2	7.998749E+1	8.109980E+1	1.000499E+1	1.112311E+0	8.035826E+1	-5.823339E-5	0.000000E+0	-2.940767E-2	-2.329336E+0
3.433620E+2	7.998718E+1	8.109997E+1	1.000520E+1	1.112783E+0	8.035811E+1	-5.703259E-5	0.000000E+0	-2.940363E-2	-2.281304E+0
3.444790E+2	7.998704E+1	8.109643E+1	1.000500E+1	1.109395E+0	8.035684E+1	-5.700507E-5	0.000000E+0	-2.940171E-2	-2.280203E+0
3.455950E+2	7.998699E+1	8.110037E+1	1.000525E+1	1.113382E+0	8.035812E+1	-6.166898E-5	0.000000E+0	-2.940135E-2	-2.466759E+0
3.467470E+2	7.998760E+1	8.109982E+1	1.000491E+1	1.112220E+0	8.035834E+1	-6.476021E-5	0.000000E+0	-2.940942E-2	-2.590408E+0
3.479660E+2	7.998666E+1	8.109821E+1	1.000516E+1	1.111547E+0	8.035718E+1	-6.045266E-5	0.000000E+0	-2.939677E-2	-2.418106E+0
3.490860E+2	7.998697E+1	8.109882E+1	1.000522E+1	1.111851E+0	8.035759E+1	-6.115069E-5	0.000000E+0	-2.940081E-2	-2.446027E+0
3.502020E+2	7.998679E+1	8.109845E+1	1.000527E+1	1.111653E+0	8.035734E+1	-5.883357E-5	0.000000E+0	-2.939848E-2	-2.353343E+0
3.513160E+2	7.998697E+1	8.109894E+1	1.000513E+1	1.111966E+0	8.035762E+1	-5.951873E-5	0.000000E+0	-2.940105E-2	-2.380749E+0
3.524320E+2	7.998689E+1	8.109516E+1	1.000414E+1	1.108263E+0	8.035631E+1	-6.172235E-5	0.000000E+0	-2.940028E-2	-2.468894E+0
3.535470E+2	7.998682E+1	8.109882E+1	1.000534E+1	1.111999E+0	8.035748E+1	-6.234678E-5	0.000000E+0	-2.939903E-2	-2.493871E+0
3.546620E+2	7.998695E+1	8.110052E+1	1.000524E+1	1.113572E+0	8.035814E+1	-5.988071E-5	0.000000E+0	-2.940075E-2	-2.395228E+0
3.557800E+2	7.998680E+1	8.110026E+1	1.000524E+1	1.113463E+0	8.035796E+1	-5.863534E-5	0.000000E+0	-2.939883E-2	-2.345414E+0
3.569050E+2	7.998678E+1	8.109846E+1	1.000529E+1	1.111679E+0	8.035734E+1	-6.112998E-5	0.000000E+0	-2.939853E-2	-2.445199E+0
3.580180E+2	7.998695E+1	8.109901E+1	1.000537E+1	1.112055E+0	8.035764E+1	-6.000961E-5	0.000000E+0	-2.940109E-2	-2.400385E+0
3.591340E+2	7.998698E+1	8.109906E+1	1.000542E+1	1.112077E+0	8.035768E+1	-6.613965E-5	0.000000E+0	-2.940149E-2	-2.645586E+0
3.602520E+2	7.998682E+1	8.109480E+1	1.000432E+1	1.107978E+0	8.035615E+1	-5.979861E-5	0.000000E+0	-2.939938E-2	-2.391944E+0
3.613720E+2	7.998703E+1	8.109911E+1	1.000488E+1	1.112083E+0	8.035772E+1	-6.272254E-5	0.000000E+0	-2.940210E-2	-2.508902E+0
3.624860E+2	7.998719E+1	8.109888E+1	1.000443E+1	1.111693E+0	8.035775E+1	-6.148733E-5	0.000000E+0	-2.940422E-2	-2.459493E+0
3.636010E+2	7.998715E+1	8.109929E+1	1.000540E+1	1.112134E+0	8.035786E+1	-6.090687E-5	0.000000E+0	-2.940371E-2	-2.436275E+0
3.647160E+2	7.998701E+1	8.109916E+1	1.000535E+1	1.112146E+0	8.035773E+1	-5.961476E-5	0.000000E+0	-2.940165E-2	-2.384590E+0
3.658380E+2	7.998705E+1	8.109556E+1	1.000514E+1	1.108518E+0	8.035655E+1	-5.983025E-5	0.000000E+0	-2.940206E-2	-2.393210E+0
3.669530E+2	7.998707E+1	8.109910E+1	1.000537E+1	1.112030E+0	8.035774E+1	-6.117171E-5	0.000000E+0	-2.940260E-2	-2.446869E+0
3.680660E+2	8.004004E+1	8.109634E+1	1.000429E+1	1.056296E+0	8.039214E+1	-6.385029E-5	0.000000E+0	-3.010335E-2	-2.554012E+0
3.691850E+2	7.998689E+1	8.110028E+1	1.000542E+1	1.113393E+0	8.035802E+1	-6.347582E-5	0.000000E+0	-2.940043E-2	-2.539033E+0
3.703020E+2	7.998686E+1	8.110057E+1	1.000541E+1	1.113708E+0	8.035810E+1	-6.163091E-5	0.000000E+0	-2.939988E-2	-2.465237E+0
3.714200E+2	7.998680E+1	8.110022E+1	1.000532E+1	1.113419E+0	8.035794E+1	-6.501760E-5	0.000000E+0	-2.939932E-2	-2.600704E+0
3.725330E+2	7.998693E+1	8.110031E+1	1.000531E+1	1.113375E+0	8.035806E+1	-6.506285E-5	0.000000E+0	-2.940079E-2	-2.602514E+0
3.736500E+2	7.998678E+1	8.109677E+1	1.000433E+1	1.109989E+0	8.035677E+1	-5.995245E-5	0.000000E+0	-2.939901E-2	-2.398098E+0
3.747620E+2	7.998698E+1	8.110040E+1	1.000523E+1	1.113421E+0	8.035812E+1	-6.216399E-5	0.000000E+0	-2.940139E-2	-2.486559E+0
3.758790E+2	7.998685E+1	8.109875E+1	1.000433E+1	1.111906E+0	8.035748E+1	-6.272414E-5	0.000000E+0	-2.939992E-2	-2.508966E+0
3.769960E+2	7.998775E+1	8.110020E+1	1.000528E+1	1.112449E+0	8.035856E+1	-5.980862E-5	0.000000E+0	-2.941158E-2	-2.392345E+0
3.781080E+2	7.998698E+1	8.110052E+1	1.000535E+1	1.113534E+0	8.035816E+1	-6.762791E-5	0.000000E+0	-2.940174E-2	-2.705116E+0
3.792260E+2	7.998706E+1	8.109640E+1	1.000445E+1	1.109338E+0	8.035684E+1	-6.282679E-5	0.000000E+0	-2.940275E-2	-2.513072E+0
3.803420E+2	7.998757E+1	8.110029E+1	1.000538E+1	1.112721E+0	8.035848E+1	-5.968334E-5	0.000000E+0	-2.940926E-2	-2.387333E+0
3.814610E+2	7.998785E+1	8.109691E+1	1.000431E+1	1.109059E+0	8.035754E+1	-6.694108E-5	0.000000E+0	-2.941324E-2	-2.677643E+0
3.825730E+2	7.998786E+1	8.110051E+1	1.000537E+1	1.112648E+0	8.035874E+1	-6.902892E-5	0.000000E+0	-2.941310E-2	-2.761157E+0
3.836880E+2	7.998774E+1	8.110080E+1	1.000568E+1	1.113058E+0	8.035876E+1	-6.456715E-5	0.000000E+0	-2.941173E-2	-2.582686E+0
3.848080E+2	7.998745E+1	8.109976E+1	1.000534E+1	1.112307E+0	8.035822E+1	-6.395888E-5	0.000000E+0	-2.940814E-2	-2.558355E+0
3.859220E+2	7.998795E+1	8.110050E+1	1.000567E+1	1.112554E+0	8.035880E+1	-6.577816E-5	0.000000E+0	-2.941469E-2	-2.631126E+0
3.870370E+2	7.998755E+1	8.109718E+1	1.000457E+1	1.109631E+0	8.035743E+1	-6.179444E-5	0.000000E+0	-2.940920E-2	-2.471777E+0
3.881520E+2	7.998798E+1	8.110055E+1	1.000568E+1	1.112576E+0	8.035883E+1	-5.949682E-5	0.000000E+0	-2.941485E-2	-2.379873E+0
3.892710E+2	7.998769E+1	8.110044E+1	1.000498E+1	1.112756E+0	8.035860E+1	-6.115320E-5	0.000000E+0	-2.941126E-2	-2.446128E+0
3.903830E+2	7.998751E+1	8.110004E+1	1.000550E+1	1.112533E+0	8.035836E+1	-6.195510E-5	0.000000E+0	-2.940894E-2	-2.478204E+0
3.914990E+2	7.998790E+1	8.110050E+1	1.000566E+1	1.112605E+0	8.035877E+1	-6.334698E-5	0.000000E+0	-2.941409E-2	-2.533879E+0
3.926180E+2	7.998775E+1	8.109640E+1	1.000463E+1	1.108648E+0	8.035730E+1	-6.567347E-5	0.000000E+0	-2.941183E-2	-2.626939E+0
3.937290E+2	7.998751E+1	8.110010E+1	1.000557E+1	1.112591E+0	8.035837E+1	-6.306319E-5	0.000000E+0	-2.940870E-2	-2.522528E+0
3.948440E+2	7.998833E+1	8.109718E+1	1.000450E+1	1.108853E+0	8.035794E+1	-6.261956E-5	0.000000E+0	-2.941974E-2	-2.504782E+0
3.959640E+2	7.998752E+1	8.110003E+1	1.000552E+1	1.112510E+0	8.035836E+1	-6.334495E-5	0.000000E+0	-2.940904E-2	-2.533798E+0
3.970800E+2	7.998742E+1	8.110006E+1	1.000560E+1	1.112639E+0	8.035830E+1	-6.194133E-5	0.000000E+0	-2.940773E-2	-2.477653E+0
3.981940E+2	7.998775E+1	8.109773E+1	1.000550E+1	1.109985E+0	8.035774E+1	-6.495655E-5	0.000000E+0	-2.941183E-2	-2.598262E+0
3.993140E+2	7.998788E+1	8.110076E+1	1.000564E+1	1.112881E+0	8.035884E+1	-6.437020E-5	0.000000E+0	-2.941354E-2	-2.574808E+0
4.004250E+2	7.998756E+1	8.109667E+1	1.000453E+1	1.109109E+0	8.035727E+1	-6.153191E-5	0.000000E+0	-2.940965E-2	-2.461276E+0
4.015450E+2	7.998785E+1	8.110027E+1	1.000553E+1	1.112423E+0	8.035865E+1	-6.306120E-5	0.000000E+0	-2.941338E-2	-2.522448E+0
4.026610E+2	7.998754E+1	8.110032E+1	1.000530E+1	1.112780E+0	8.035847E+1	-6.421510E-5	0.000000E+0	-2.940935E-2	-2.568604E+0
4.037750E+2	7.998772E+1	8.110001E+1	1.000550E+1	1.112281E+0	8.035848E+1	-6.352880E-5	0.000000E+0	-2.941177E-2	-2.541152E+0
4.049000E+2	7.998754E+1	8.110032E+1	1.000570E+1	1.112780E+0	8.035847E+1	-6.402048E-5	0.000000E+0	-2.940935E-2	-2.560819E+0
4.060150E+2	7.998801E+1	8.109805E+1	1.000549E+1	1.110040E+0	8.035803E+1	-6.407220E-5	0.000000E+0	-2.941560E-2	-2.562888E+0
4.071360E+2	7.998785E+1	8.092717E+1	1.000562E+1	9.393248E-1	8.030095E+1	-6.348076E-5	0.000000E+0	-2.941363E-2	-2.539231E+0
4.082520E+2	7.998795E+1	8.092298E+1	1.000464E+1	9.350222E-1	8.029963E+1	-6.496793E-5	0.000000E+0	-2.941504E-2	-2.598717E+0
4.093650E+2	7.998803E+1	8.092744E+1	1.000572E+1	9.394055E-1	8.030116E+1	-6.612345E-5	0.000000E+0	-2.941605E-2	-2.644938E+0
4.104810E+2	7.998745E+1	8.092692E+1	1.000461E+1	9.394673E-1	8.030061E+1	-6.143226E-5	0.000000E+0	-2.940838E-2	-2.457290E+0
4.116010E+2	7.998771E+1	8.092752E+1	1.000569E+1	9.398127E-1	8.030098E+1	-6.228437E-5	0.000000E+0	-2.941181E-2	-2.491375E+0
4.127800E+2	7.998708E+1	8.092729E+1	1.000505E+1	9.402028E-1	8.030048E+1	-6.559505E-5	0.000000E+0	-2.940329E-2	-2.623802E+0
4.140100E+2	7.998753E+1	8.092694E+1	1.000550E+1	9.394073E-1	8.030067E+1	-6.219174E-5	0.000000E+0	-2.940925E-2	-2.487670E+0
4.151230E+2	7.998776E+1	8.092291E+1	1.000465E+1	9.351502E-1	8.029948E+1	-6.290286E-5	0.000000E+0	-2.941227E-2	-2.516114E+0
4.162380E+2	7.998779E+1	8.092684E+1	1.000562E+1	9.390592E-1	8.030081E+1	-6.363168E-5	0.000000E+0	-2.941258E-2	-2.545267E+0
4.173580E+2	7.998776E+1	8.092702E+1	1.000486E+1	9.392593E-1	8.030085E+1	-6.450297E-5	0.000000E+0	-2.941252E-2	-2.580119E+0
4.184700E+2	7.998750E+1	8.092659E+1	1.000564E+1	9.390897E-1	8.030053E+1	-5.995714E-5	0.000000E+0	-2.940899E-2	-2.398286E+0
