Temps(s)	Pc(MPa)	Pax(MPa)	Ppam(MPa)	Q(MPa)	Pmoy(MPa)	Defaxcapt	Defvolfluide	Defvolconf	Deplct(µm)
2.253000E+0	8.009449E+1	2.865616E+2	1.032367E+1	2.064671E+2	1.489168E+2	7.945197E-6	1.380512E-5	-1.045639E-4	3.172279E-1
3.392000E+0	8.009473E+1	2.862700E+2	1.032410E+1	2.061753E+2	1.488198E+2	1.515741E-5	5.982217E-5	-3.624982E-4	6.051900E-1
4.514000E+0	8.009483E+1	2.859882E+2	1.032418E+1	2.058934E+2	1.487260E+2	3.487991E-5	1.283634E-4	-7.316194E-4	1.392650E+0
5.633000E+0	8.004111E+1	2.851632E+2	1.027045E+1	2.051221E+2	1.484151E+2	4.980117E-5	2.199131E-4	-5.431255E-4	1.988411E+0
6.762000E+0	7.998764E+1	2.840307E+2	1.021925E+1	2.040431E+2	1.480020E+2	8.052032E-5	3.143691E-4	1.901928E-4	3.214935E+0
7.898000E+0	7.998847E+1	2.831729E+2	1.011190E+1	2.031844E+2	1.477166E+2	8.635588E-5	4.117315E-4	1.887893E-4	3.447931E+0
9.027000E+0	7.998829E+1	2.820226E+2	1.005698E+1	2.020343E+2	1.473331E+2	9.641415E-5	4.780929E-4	2.080332E-4	3.849528E+0
1.015400E+1	7.998839E+1	2.814480E+2	1.005911E+1	2.014597E+2	1.471416E+2	8.572581E-5	5.272585E-4	1.888376E-4	3.422775E+0
1.135400E+1	7.998751E+1	2.805887E+2	1.000700E+1	2.006012E+2	1.468546E+2	7.769675E-5	5.783617E-4	1.869286E-4	3.102198E+0
1.248100E+1	7.998817E+1	2.797214E+2	9.952180E+0	1.997332E+2	1.465659E+2	7.675936E-5	5.800570E-4	1.767358E-4	3.064771E+0
1.362400E+1	7.998816E+1	2.791542E+2	9.952918E+0	1.991660E+2	1.463768E+2	6.631147E-5	5.800570E-4	1.595887E-4	2.647618E+0
1.475700E+1	7.998841E+1	2.785762E+2	9.953078E+0	1.985878E+2	1.461843E+2	5.466304E-5	5.800570E-4	1.367804E-4	2.182531E+0
1.589800E+1	7.998853E+1	2.777107E+2	9.952082E+0	1.977222E+2	1.458959E+2	4.633011E-5	5.800570E-4	1.213271E-4	1.849822E+0
1.703300E+1	7.998849E+1	2.771453E+2	9.952794E+0	1.971568E+2	1.457074E+2	3.206081E-5	5.800570E-4	9.784163E-5	1.280092E+0
1.817300E+1	7.998770E+1	2.765714E+2	9.953159E+0	1.965837E+2	1.455156E+2	1.740881E-5	5.800570E-4	8.374300E-5	6.950816E-1
1.930400E+1	7.998804E+1	2.760026E+2	9.952136E+0	1.960145E+2	1.453262E+2	3.382258E-6	5.800570E-4	5.536633E-5	1.350434E-1
2.044200E+1	7.998857E+1	2.751311E+2	9.952973E+0	1.951426E+2	1.450361E+2	4.543209E-6	5.800570E-4	5.029053E-5	1.813967E-1
2.156600E+1	7.998857E+1	2.748411E+2	9.952430E+0	1.948525E+2	1.449394E+2	-2.308190E-5	5.800570E-4	4.288779E-6	-9.215910E-1
2.268600E+1	7.998846E+1	2.739679E+2	9.953115E+0	1.939795E+2	1.446483E+2	-2.144680E-5	5.800570E-4	8.287821E-6	-8.563066E-1
2.381500E+1	7.998846E+1	2.733978E+2	9.953211E+0	1.934093E+2	1.444582E+2	-4.089692E-5	5.800570E-4	-2.437161E-5	-1.632891E+0
2.494100E+1	7.998801E+1	2.728068E+2	9.952258E+0	1.928188E+2	1.442609E+2	-5.210229E-5	5.800570E-4	-3.711272E-5	-2.080288E+0
2.605900E+1	7.998771E+1	2.722456E+2	9.953096E+0	1.922579E+2	1.440737E+2	-6.908607E-5	5.800570E-4	-6.163256E-5	-2.758399E+0
2.717800E+1	7.998796E+1	2.716689E+2	9.953248E+0	1.916809E+2	1.438816E+2	-7.541833E-5	5.800570E-4	-7.554172E-5	-3.011228E+0
2.842100E+1	7.998794E+1	2.710915E+2	9.952244E+0	1.911036E+2	1.436891E+2	-9.705299E-5	5.800570E-4	-1.114569E-4	-3.875035E+0
2.954700E+1	7.998802E+1	2.705236E+2	9.953204E+0	1.905356E+2	1.434999E+2	-1.015317E-4	5.800570E-4	-1.200573E-4	-4.053858E+0
3.066600E+1	7.998817E+1	2.699361E+2	9.952242E+0	1.899479E+2	1.433041E+2	-1.185391E-4	5.800570E-4	-1.505329E-4	-4.732912E+0
3.178100E+1	7.998797E+1	2.693678E+2	9.953248E+0	1.893799E+2	1.431146E+2	-1.283872E-4	5.800570E-4	-1.643110E-4	-5.126117E+0
3.290200E+1	7.998849E+1	2.687883E+2	9.952207E+0	1.887998E+2	1.429217E+2	-1.450603E-4	5.800570E-4	-1.990402E-4	-5.791824E+0
3.402800E+1	7.993560E+1	2.682536E+2	9.952946E+0	1.883180E+2	1.427083E+2	-1.470568E-4	5.800570E-4	6.025133E-4	-5.871537E+0
3.514500E+1	7.993560E+1	2.679553E+2	9.952724E+0	1.880197E+2	1.426088E+2	-1.722074E-4	5.800570E-4	9.348450E-4	-6.875727E+0
3.626400E+1	7.993584E+1	2.673908E+2	9.952848E+0	1.874550E+2	1.424208E+2	-1.773185E-4	5.800570E-4	1.374652E-3	-7.079795E+0
3.738700E+1	7.993673E+1	2.668188E+2	1.000667E+1	1.868821E+2	1.422307E+2	-1.920309E-4	5.800570E-4	1.850191E-3	-7.667217E+0
3.850600E+1	8.004254E+1	2.661661E+2	1.000661E+1	1.861235E+2	1.420837E+2	-2.085319E-4	5.800570E-4	8.937301E-4	-8.326054E+0
3.962300E+1	8.004245E+1	2.658756E+2	1.000664E+1	1.858332E+2	1.419868E+2	-2.226749E-4	5.800570E-4	8.920870E-4	-8.890742E+0
4.073900E+1	8.004234E+1	2.652978E+2	1.000560E+1	1.852555E+2	1.417942E+2	-2.368344E-4	5.800570E-4	8.700303E-4	-9.456089E+0
4.185900E+1	8.004242E+1	2.647187E+2	1.000663E+1	1.846762E+2	1.416012E+2	-2.459998E-4	5.800570E-4	8.536849E-4	-9.822033E+0
4.297900E+1	8.004240E+1	2.641447E+2	1.000570E+1	1.841023E+2	1.414098E+2	-2.523740E-4	5.800570E-4	8.429730E-4	-1.007653E+1
4.410600E+1	8.004208E+1	2.638527E+2	1.000684E+1	1.838106E+2	1.413123E+2	-2.711752E-4	5.800570E-4	8.157115E-4	-1.082721E+1
4.522700E+1	8.004174E+1	2.632758E+2	1.000595E+1	1.832340E+2	1.411197E+2	-2.801751E-4	5.800570E-4	8.051583E-4	-1.118655E+1
4.634700E+1	8.004239E+1	2.629925E+2	1.000686E+1	1.829501E+2	1.410258E+2	-2.941243E-4	5.800570E-4	7.730421E-4	-1.174350E+1
4.746300E+1	8.004197E+1	2.624069E+2	1.000579E+1	1.823650E+2	1.408303E+2	-3.056414E-4	5.800570E-4	7.595200E-4	-1.220334E+1
4.858100E+1	8.004170E+1	2.618504E+2	1.000687E+1	1.818087E+2	1.406446E+2	-3.155951E-4	5.800570E-4	7.463672E-4	-1.260077E+1
4.969900E+1	8.004192E+1	2.615530E+2	1.000577E+1	1.815111E+2	1.405456E+2	-3.384114E-4	5.800570E-4	7.051233E-4	-1.351175E+1
5.081600E+1	8.004211E+1	2.609847E+2	1.000636E+1	1.809426E+2	1.403563E+2	-3.459711E-4	5.800570E-4	6.898612E-4	-1.381359E+1
5.194000E+1	8.004152E+1	2.603980E+2	1.000570E+1	1.803565E+2	1.401603E+2	-3.522924E-4	5.800570E-4	6.873432E-4	-1.406598E+1
5.306500E+1	8.004188E+1	2.601221E+2	1.000687E+1	1.800802E+2	1.400686E+2	-3.671245E-4	5.800570E-4	6.578016E-4	-1.465818E+1
5.418000E+1	8.004175E+1	2.595530E+2	1.000677E+1	1.795112E+2	1.398788E+2	-3.771966E-4	5.800570E-4	6.424035E-4	-1.506033E+1
5.529700E+1	8.004190E+1	2.592611E+2	1.000673E+1	1.792192E+2	1.397816E+2	-3.923705E-4	5.800570E-4	6.149972E-4	-1.566618E+1
5.641500E+1	8.004242E+1	2.586864E+2	1.000675E+1	1.786440E+2	1.395904E+2	-4.003641E-4	5.800570E-4	5.947974E-4	-1.598534E+1
5.753100E+1	8.004169E+1	2.583987E+2	1.000573E+1	1.783570E+2	1.394940E+2	-4.177801E-4	5.800570E-4	5.754116E-4	-1.668070E+1
5.865200E+1	8.004250E+1	2.578289E+2	1.000693E+1	1.777864E+2	1.393046E+2	-4.229836E-4	5.800570E-4	5.558296E-4	-1.688847E+1
5.977600E+1	8.004231E+1	2.575398E+2	1.000570E+1	1.774975E+2	1.392081E+2	-4.430976E-4	5.800570E-4	5.246661E-4	-1.769156E+1
6.089800E+1	8.004238E+1	2.569572E+2	1.000666E+1	1.769148E+2	1.390140E+2	-4.395178E-4	5.800570E-4	5.299984E-4	-1.754863E+1
6.201900E+1	8.004228E+1	2.563687E+2	1.000542E+1	1.763264E+2	1.388178E+2	-4.487778E-4	5.800570E-4	5.155587E-4	-1.791835E+1
6.313800E+1	7.998911E+1	2.561244E+2	1.000659E+1	1.761353E+2	1.387009E+2	-4.673452E-4	5.800570E-4	1.183390E-3	-1.865969E+1
6.425600E+1	8.004237E+1	2.555004E+2	1.000549E+1	1.754581E+2	1.385284E+2	-4.786059E-4	5.800570E-4	4.641814E-4	-1.910930E+1
6.541600E+1	8.004224E+1	2.549295E+2	1.000569E+1	1.748872E+2	1.383380E+2	-4.852896E-4	5.800570E-4	4.550402E-4	-1.937616E+1
6.654400E+1	8.004234E+1	2.546447E+2	1.000652E+1	1.746023E+2	1.382431E+2	-5.059445E-4	5.800570E-4	4.188183E-4	-2.020084E+1
6.766800E+1	8.004240E+1	2.540670E+2	1.000653E+1	1.740246E+2	1.380506E+2	-5.115891E-4	5.800570E-4	4.085671E-4	-2.042622E+1
6.898800E+1	7.998870E+1	2.535289E+2	1.000682E+1	1.735402E+2	1.378354E+2	-5.244565E-4	5.800570E-4	1.092859E-3	-2.093998E+1
7.012500E+1	7.998929E+1	2.532421E+2	1.000641E+1	1.732528E+2	1.377402E+2	-5.376383E-4	5.800570E-4	1.063314E-3	-2.146628E+1
7.127000E+1	7.998914E+1	2.526683E+2	1.000568E+1	1.726792E+2	1.375489E+2	-5.523396E-4	5.800570E-4	1.040468E-3	-2.205326E+1
7.239200E+1	7.998900E+1	2.523854E+2	1.000681E+1	1.723964E+2	1.374545E+2	-5.637646E-4	5.800570E-4	1.023390E-3	-2.250943E+1
7.351600E+1	7.998911E+1	2.517952E+2	1.000556E+1	1.718061E+2	1.372578E+2	-5.751926E-4	5.800570E-4	1.002856E-3	-2.296572E+1
7.463300E+1	7.998914E+1	2.515194E+2	1.000687E+1	1.715302E+2	1.371659E+2	-5.885605E-4	5.800570E-4	9.798348E-4	-2.349946E+1
7.576400E+1	7.998853E+1	2.509310E+2	1.000560E+1	1.709425E+2	1.369694E+2	-5.962454E-4	5.800570E-4	9.752346E-4	-2.380629E+1
7.688900E+1	7.998933E+1	2.506570E+2	1.000685E+1	1.706676E+2	1.368785E+2	-6.116304E-4	5.800570E-4	9.387093E-4	-2.442057E+1
7.801500E+1	7.998921E+1	2.500738E+2	1.000573E+1	1.700846E+2	1.366841E+2	-6.217993E-4	5.800570E-4	9.229487E-4	-2.482658E+1
7.917200E+1	7.998855E+1	2.497842E+2	1.000564E+1	1.697957E+2	1.365871E+2	-6.345043E-4	5.800570E-4	9.104046E-4	-2.533385E+1
8.028900E+1	7.998869E+1	2.492218E+2	1.000666E+1	1.692331E+2	1.363997E+2	-6.423751E-4	5.800570E-4	8.955661E-4	-2.564811E+1
8.140600E+1	7.998839E+1	2.489243E+2	1.000571E+1	1.689359E+2	1.363003E+2	-6.593693E-4	5.800570E-4	8.708869E-4	-2.632664E+1
8.252100E+1	7.998880E+1	2.483610E+2	1.000677E+1	1.683722E+2	1.361129E+2	-6.649315E-4	5.800570E-4	8.561610E-4	-2.654872E+1
8.364300E+1	7.998856E+1	2.480781E+2	1.000684E+1	1.680895E+2	1.360184E+2	-6.815651E-4	5.800570E-4	8.316673E-4	-2.721285E+1
8.477700E+1	7.998898E+1	2.474888E+2	1.000675E+1	1.674998E+2	1.358223E+2	-6.871465E-4	5.800570E-4	8.165669E-4	-2.743570E+1
8.590100E+1	7.998931E+1	2.471901E+2	1.000545E+1	1.672008E+2	1.357229E+2	-7.043474E-4	5.800570E-4	7.834611E-4	-2.812248E+1
8.702000E+1	7.998950E+1	2.466184E+2	1.000650E+1	1.666289E+2	1.355325E+2	-7.090049E-4	5.800570E-4	7.731576E-4	-2.830844E+1
8.814800E+1	7.998931E+1	2.463227E+2	1.000539E+1	1.663334E+2	1.354338E+2	-7.255212E-4	5.800570E-4	7.480166E-4	-2.896788E+1
8.927500E+1	7.998936E+1	2.457614E+2	1.000667E+1	1.657721E+2	1.352467E+2	-7.305257E-4	5.800570E-4	7.389371E-4	-2.916770E+1
9.052900E+1	7.998865E+1	2.451759E+2	1.000558E+1	1.651873E+2	1.350511E+2	-7.444675E-4	5.800570E-4	7.250247E-4	-2.972435E+1
9.165200E+1	7.998843E+1	2.448956E+2	1.000668E+1	1.649071E+2	1.349575E+2	-7.601031E-4	5.800570E-4	7.016587E-4	-3.034863E+1
9.277700E+1	7.998866E+1	2.443138E+2	1.000566E+1	1.643251E+2	1.347637E+2	-7.677628E-4	5.800570E-4	6.861706E-4	-3.065447E+1
9.389800E+1	7.998925E+1	2.440350E+2	1.000667E+1	1.640457E+2	1.346712E+2	-7.844449E-4	5.800570E-4	6.501815E-4	-3.132053E+1
9.501900E+1	7.998899E+1	2.434641E+2	1.000559E+1	1.634751E+2	1.344807E+2	-7.960626E-4	5.800570E-4	6.339009E-4	-3.178439E+1
9.613700E+1	7.998920E+1	2.431739E+2	1.000679E+1	1.631847E+2	1.343841E+2	-8.080322E-4	5.800570E-4	6.112984E-4	-3.226230E+1
9.728700E+1	7.993615E+1	2.429196E+2	1.000676E+1	1.629835E+2	1.342640E+2	-8.182520E-4	5.800570E-4	1.400775E-3	-3.267035E+1
9.840500E+1	7.993581E+1	2.423457E+2	1.000690E+1	1.624099E+2	1.340724E+2	-8.241763E-4	5.800570E-4	1.818795E-3	-3.290689E+1
9.980800E+1	7.998900E+1	2.417262E+2	1.000542E+1	1.617372E+2	1.339014E+2	-8.466014E-4	5.800570E-4	1.465665E-3	-3.380226E+1
1.009520E+2	8.004169E+1	2.414047E+2	1.000500E+1	1.613630E+2	1.338294E+2	-8.630020E-4	5.800570E-4	7.617001E-4	-3.445708E+1
1.020750E+2	8.004173E+1	2.408360E+2	1.000660E+1	1.607942E+2	1.336398E+2	-8.589513E-4	5.800570E-4	7.679797E-4	-3.429535E+1
1.031940E+2	8.004169E+1	2.405459E+2	1.000649E+1	1.605042E+2	1.335431E+2	-8.826608E-4	5.800570E-4	7.285495E-4	-3.524200E+1
1.043110E+2	8.004193E+1	2.402618E+2	1.000676E+1	1.602199E+2	1.334485E+2	-8.999298E-4	5.800570E-4	6.964327E-4	-3.593150E+1
1.055000E+2	8.004234E+1	2.396880E+2	1.000675E+1	1.596457E+2	1.332576E+2	-9.026226E-4	5.800570E-4	6.862680E-4	-3.603901E+1
1.066320E+2	8.004234E+1	2.394030E+2	1.000648E+1	1.593607E+2	1.331626E+2	-9.195249E-4	5.800570E-4	6.579738E-4	-3.671387E+1
1.077570E+2	8.004216E+1	2.388370E+2	1.000563E+1	1.587949E+2	1.329738E+2	-9.223032E-4	5.800570E-4	6.557296E-4	-3.682480E+1
1.088790E+2	8.004192E+1	2.385240E+2	1.000674E+1	1.584821E+2	1.328693E+2	-9.359748E-4	5.800570E-4	6.359521E-4	-3.737067E+1
1.099950E+2	8.004227E+1	2.379388E+2	1.000675E+1	1.578965E+2	1.326744E+2	-9.440958E-4	5.800570E-4	6.178454E-4	-3.769491E+1
1.111100E+2	8.004250E+1	2.376505E+2	1.000646E+1	1.576080E+2	1.325785E+2	-9.587809E-4	5.800570E-4	5.901543E-4	-3.828124E+1
1.122310E+2	8.004220E+1	2.373573E+2	1.000676E+1	1.573151E+2	1.324806E+2	-9.738192E-4	5.800570E-4	5.689913E-4	-3.888168E+1
1.133670E+2	8.004188E+1	2.367786E+2	1.000681E+1	1.567367E+2	1.322874E+2	-9.826336E-4	5.800570E-4	5.586900E-4	-3.923361E+1
1.144960E+2	8.004208E+1	2.364923E+2	1.000576E+1	1.564502E+2	1.321921E+2	-9.947769E-4	5.800570E-4	5.356549E-4	-3.971846E+1
1.156350E+2	8.004204E+1	2.362009E+2	1.000656E+1	1.561589E+2	1.320950E+2	-1.006915E-3	5.800570E-4	5.159371E-4	-4.020311E+1
1.167570E+2	8.004189E+1	2.356198E+2	1.000665E+1	1.555779E+2	1.319012E+2	-1.012848E-3	5.800570E-4	5.079118E-4	-4.043996E+1
1.179480E+2	7.998862E+1	2.353710E+2	1.000679E+1	1.553824E+2	1.317827E+2	-1.029843E-3	5.800570E-4	1.179337E-3	-4.111853E+1
1.190740E+2	7.998842E+1	2.347934E+2	1.000675E+1	1.548050E+2	1.315901E+2	-1.036469E-3	5.800570E-4	1.170952E-3	-4.138309E+1
1.202030E+2	7.998898E+1	2.345012E+2	1.000569E+1	1.545122E+2	1.314930E+2	-1.049327E-3	5.800570E-4	1.142108E-3	-4.189646E+1
1.216280E+2	7.998895E+1	2.339308E+2	1.000684E+1	1.539419E+2	1.313029E+2	-1.065894E-3	5.800570E-4	1.115019E-3	-4.255793E+1
1.227650E+2	7.998875E+1	2.336377E+2	1.000632E+1	1.536489E+2	1.312051E+2	-1.075724E-3	5.800570E-4	1.100686E-3	-4.295042E+1
1.238920E+2	7.998875E+1	2.330576E+2	1.000646E+1	1.530688E+2	1.310117E+2	-1.085576E-3	5.800570E-4	1.084193E-3	-4.334381E+1
1.250640E+2	7.998851E+1	2.327656E+2	1.000538E+1	1.527771E+2	1.309142E+2	-1.096790E-3	5.800570E-4	1.068530E-3	-4.379154E+1
1.261960E+2	7.998904E+1	2.321952E+2	1.000630E+1	1.522061E+2	1.307244E+2	-1.112835E-3	5.800570E-4	1.034652E-3	-4.443215E+1
1.273600E+2	7.998897E+1	2.319121E+2	1.000645E+1	1.519232E+2	1.306300E+2	-1.119670E-3	5.800570E-4	1.024455E-3	-4.470507E+1
1.284910E+2	7.998896E+1	2.313311E+2	1.000656E+1	1.513421E+2	1.304363E+2	-1.134217E-3	5.800570E-4	1.000204E-3	-4.528588E+1
1.296170E+2	7.998833E+1	2.310380E+2	1.000549E+1	1.510496E+2	1.303382E+2	-1.146422E-3	5.800570E-4	9.879953E-4	-4.577319E+1
1.307440E+2	7.998840E+1	2.307600E+2	1.000671E+1	1.507716E+2	1.302456E+2	-1.159751E-3	5.800570E-4	9.645374E-4	-4.630540E+1
1.318680E+2	7.998879E+1	2.301788E+2	1.000556E+1	1.501900E+2	1.300521E+2	-1.168164E-3	5.800570E-4	9.453412E-4	-4.664128E+1
1.330080E+2	7.998893E+1	2.299003E+2	1.000665E+1	1.499114E+2	1.299594E+2	-1.184928E-3	5.800570E-4	9.154735E-4	-4.731062E+1
1.341280E+2	7.998929E+1	2.293124E+2	1.000647E+1	1.493231E+2	1.297637E+2	-1.189273E-3	5.800570E-4	9.034877E-4	-4.748409E+1
1.352480E+2	7.998916E+1	2.290188E+2	1.000674E+1	1.490296E+2	1.296657E+2	-1.201284E-3	5.800570E-4	8.853283E-4	-4.796365E+1
1.363720E+2	7.998912E+1	2.287268E+2	1.000663E+1	1.487377E+2	1.295683E+2	-1.220377E-3	5.800570E-4	8.536250E-4	-4.872600E+1
1.374900E+2	7.998931E+1	2.283149E+2	1.000681E+1	1.483256E+2	1.294312E+2	-1.230889E-3	5.800570E-4	8.335216E-4	-4.914571E+1
1.386100E+2	7.998823E+1	2.278587E+2	1.000587E+1	1.478705E+2	1.292784E+2	-1.238222E-3	5.800570E-4	8.354850E-4	-4.943850E+1
1.397330E+2	7.998839E+1	2.275715E+2	1.000666E+1	1.475831E+2	1.291828E+2	-1.248280E-3	5.800570E-4	8.165433E-4	-4.984006E+1
1.408500E+2	7.998854E+1	2.269859E+2	1.000561E+1	1.469973E+2	1.289876E+2	-1.260765E-3	5.800570E-4	7.933955E-4	-5.033856E+1
1.419710E+2	7.998851E+1	2.267108E+2	1.000677E+1	1.467223E+2	1.288959E+2	-1.274618E-3	5.800570E-4	7.708484E-4	-5.089169E+1
1.430880E+2	7.998874E+1	2.264122E+2	1.000563E+1	1.464235E+2	1.287966E+2	-1.286695E-3	5.800570E-4	7.476238E-4	-5.137388E+1
1.442080E+2	7.998849E+1	2.258450E+2	1.000675E+1	1.458565E+2	1.286073E+2	-1.292691E-3	5.800570E-4	7.406536E-4	-5.161328E+1
1.453240E+2	7.998815E+1	2.255563E+2	1.000681E+1	1.455682E+2	1.285109E+2	-1.304340E-3	5.800570E-4	7.258085E-4	-5.207837E+1
1.464640E+2	7.998905E+1	2.252741E+2	1.000650E+1	1.452850E+2	1.284174E+2	-1.326012E-3	5.800570E-4	6.776960E-4	-5.294370E+1
1.475810E+2	7.998923E+1	2.246962E+2	1.000537E+1	1.447069E+2	1.282249E+2	-1.326027E-3	5.800570E-4	6.750235E-4	-5.294427E+1
1.487000E+2	7.998914E+1	2.244153E+2	1.000652E+1	1.444262E+2	1.281312E+2	-1.336104E-3	5.800570E-4	6.596995E-4	-5.334664E+1
1.498170E+2	7.998899E+1	2.241158E+2	1.000538E+1	1.441268E+2	1.280312E+2	-1.357963E-3	5.800570E-4	6.250131E-4	-5.421940E+1
1.509360E+2	7.993610E+1	2.235835E+2	1.000653E+1	1.436474E+2	1.278186E+2	-1.361570E-3	5.800570E-4	1.423482E-3	-5.436339E+1
1.520550E+2	7.993613E+1	2.232979E+2	1.000657E+1	1.433618E+2	1.277234E+2	-1.369287E-3	5.800570E-4	1.784718E-3	-5.467153E+1
1.531720E+2	7.998896E+1	2.229753E+2	1.000601E+1	1.429864E+2	1.276511E+2	-1.387861E-3	5.800570E-4	1.399799E-3	-5.541311E+1
1.542900E+2	7.998903E+1	2.224012E+2	1.000652E+1	1.424122E+2	1.274598E+2	-1.397984E-3	5.800570E-4	1.399388E-3	-5.581730E+1
1.554070E+2	8.004234E+1	2.220730E+2	1.000537E+1	1.420307E+2	1.273859E+2	-1.405928E-3	5.800570E-4	6.854709E-4	-5.613450E+1
1.565250E+2	8.004225E+1	2.217901E+2	1.000658E+1	1.417479E+2	1.272915E+2	-1.426009E-3	5.800570E-4	6.529589E-4	-5.693627E+1
1.576440E+2	7.998906E+1	2.212424E+2	1.005721E+1	1.412533E+2	1.270735E+2	-1.429720E-3	5.800570E-4	1.346103E-3	-5.708444E+1
1.587880E+2	7.998853E+1	2.209683E+2	1.005888E+1	1.409798E+2	1.269818E+2	-1.443712E-3	6.037921E-4	1.329700E-3	-5.764308E+1
1.599280E+2	7.998904E+1	2.206843E+2	1.000655E+1	1.406952E+2	1.268875E+2	-1.460371E-3	6.326133E-4	1.294995E-3	-5.830822E+1
1.610490E+2	7.998920E+1	2.200910E+2	1.000542E+1	1.401018E+2	1.266898E+2	-1.462024E-3	6.335821E-4	1.290122E-3	-5.837423E+1
1.621720E+2	7.998929E+1	2.198054E+2	1.000651E+1	1.398161E+2	1.265947E+2	-1.474197E-3	6.335821E-4	1.268641E-3	-5.886027E+1
1.632900E+2	7.998923E+1	2.195057E+2	1.000542E+1	1.395164E+2	1.264947E+2	-1.494113E-3	6.335821E-4	1.235763E-3	-5.965543E+1
1.644110E+2	7.998903E+1	2.189306E+2	1.000678E+1	1.389415E+2	1.263029E+2	-1.498391E-3	6.335821E-4	1.231308E-3	-5.982626E+1
1.655310E+2	7.998920E+1	2.186346E+2	1.000560E+1	1.386454E+2	1.262043E+2	-1.516594E-3	6.335821E-4	1.198389E-3	-6.055304E+1
1.666490E+2	7.998935E+1	2.183533E+2	1.000692E+1	1.383639E+2	1.261107E+2	-1.523769E-3	6.335821E-4	1.184614E-3	-6.083952E+1
1.677660E+2	7.998909E+1	2.180712E+2	1.000681E+1	1.380821E+2	1.260164E+2	-1.538836E-3	6.335821E-4	1.162802E-3	-6.144109E+1
1.688860E+2	7.998911E+1	2.174886E+2	1.000682E+1	1.374995E+2	1.258223E+2	-1.547465E-3	6.335821E-4	1.147914E-3	-6.178563E+1
1.700030E+2	7.998917E+1	2.171981E+2	1.000681E+1	1.372090E+2	1.257255E+2	-1.558081E-3	6.335821E-4	1.129483E-3	-6.220949E+1
1.711230E+2	7.998909E+1	2.169139E+2	1.000680E+1	1.369248E+2	1.256307E+2	-1.572388E-3	6.335821E-4	1.106636E-3	-6.278074E+1
1.722430E+2	7.998864E+1	2.166207E+2	1.000680E+1	1.366321E+2	1.255327E+2	-1.584580E-3	6.335821E-4	1.091901E-3	-6.326754E+1
1.733700E+2	7.998861E+1	2.160522E+2	1.000679E+1	1.360636E+2	1.253432E+2	-1.590167E-3	6.335821E-4	1.083191E-3	-6.349061E+1
1.744900E+2	7.998860E+1	2.157703E+2	1.000680E+1	1.357817E+2	1.252492E+2	-1.608228E-3	6.335821E-4	1.053058E-3	-6.421171E+1
1.756100E+2	7.998860E+1	2.154827E+2	1.000676E+1	1.354941E+2	1.251533E+2	-1.617594E-3	6.335821E-4	1.037137E-3	-6.458568E+1
1.767290E+2	7.998906E+1	2.149019E+2	1.000674E+1	1.349129E+2	1.249600E+2	-1.617554E-3	6.335821E-4	1.031430E-3	-6.458407E+1
1.778510E+2	7.998943E+1	2.146161E+2	1.000674E+1	1.346267E+2	1.248650E+2	-1.637896E-3	6.335821E-4	9.925644E-4	-6.539628E+1
1.789760E+2	7.998922E+1	2.143237E+2	1.000652E+1	1.343344E+2	1.247674E+2	-1.652916E-3	6.335821E-4	9.698870E-4	-6.599598E+1
1.801140E+2	7.998936E+1	2.139303E+2	1.000674E+1	1.339410E+2	1.246363E+2	-1.664989E-3	6.335821E-4	9.478725E-4	-6.647800E+1
1.812350E+2	7.998923E+1	2.134575E+2	1.000580E+1	1.334683E+2	1.244786E+2	-1.670610E-3	6.335821E-4	9.399244E-4	-6.670246E+1
1.823560E+2	7.998872E+1	2.131723E+2	1.000678E+1	1.331836E+2	1.243833E+2	-1.680833E-3	6.335821E-4	9.294296E-4	-6.711063E+1
1.834810E+2	7.998860E+1	2.128792E+2	1.000558E+1	1.328906E+2	1.242855E+2	-1.692397E-3	6.335821E-4	9.116759E-4	-6.757235E+1
1.846080E+2	7.998933E+1	2.125998E+2	1.000682E+1	1.326105E+2	1.241928E+2	-1.707343E-3	6.335821E-4	8.772725E-4	-6.816909E+1
1.857290E+2	7.998946E+1	2.120172E+2	1.000562E+1	1.320278E+2	1.239987E+2	-1.716152E-3	6.335821E-4	8.605791E-4	-6.852082E+1
1.868460E+2	7.998859E+1	2.117420E+2	1.000685E+1	1.317534E+2	1.239064E+2	-1.731405E-3	6.335821E-4	8.468210E-4	-6.912979E+1
1.879670E+2	7.998900E+1	2.114490E+2	1.000584E+1	1.314600E+2	1.238090E+2	-1.738286E-3	6.335821E-4	8.298868E-4	-6.940455E+1
1.890890E+2	7.998952E+1	2.111752E+2	1.000671E+1	1.311857E+2	1.237181E+2	-1.751297E-3	6.335821E-4	8.012882E-4	-6.992403E+1
1.902050E+2	7.998931E+1	2.105830E+2	1.000682E+1	1.305937E+2	1.235206E+2	-1.757718E-3	6.335821E-4	7.930048E-4	-7.018040E+1
1.913230E+2	7.998949E+1	2.102913E+2	1.000655E+1	1.303018E+2	1.234234E+2	-1.775343E-3	6.335821E-4	7.611939E-4	-7.088413E+1
1.924430E+2	7.993661E+1	2.100410E+2	1.000669E+1	1.301044E+2	1.233047E+2	-1.784219E-3	6.335821E-4	1.550869E-3	-7.123852E+1
1.935600E+2	7.993634E+1	2.094617E+2	1.000657E+1	1.295253E+2	1.231115E+2	-1.789333E-3	6.335821E-4	1.918691E-3	-7.144269E+1
1.946800E+2	7.998938E+1	2.091385E+2	1.000658E+1	1.291491E+2	1.230391E+2	-1.808858E-3	6.335821E-4	1.531169E-3	-7.222227E+1
1.957960E+2	8.004239E+1	2.088110E+2	1.000542E+1	1.287687E+2	1.229653E+2	-1.819054E-3	6.335821E-4	8.350742E-4	-7.262936E+1
1.969130E+2	8.004243E+1	2.085274E+2	1.000657E+1	1.284850E+2	1.228708E+2	-1.832481E-3	6.335821E-4	8.115118E-4	-7.316545E+1
1.980300E+2	8.004268E+1	2.082293E+2	1.000550E+1	1.281866E+2	1.227715E+2	-1.841510E-3	6.335821E-4	7.934298E-4	-7.352598E+1
1.991490E+2	8.004254E+1	2.079504E+2	1.000643E+1	1.279079E+2	1.226785E+2	-1.859043E-3	6.335821E-4	7.656426E-4	-7.422602E+1
2.002680E+2	8.004239E+1	2.073743E+2	1.000661E+1	1.273319E+2	1.224864E+2	-1.863120E-3	6.335821E-4	7.610653E-4	-7.438881E+1
2.013870E+2	8.004247E+1	2.070906E+2	1.000645E+1	1.270482E+2	1.223918E+2	-1.873739E-3	6.335821E-4	7.420448E-4	-7.481278E+1
2.025040E+2	8.004250E+1	2.068061E+2	1.000657E+1	1.267636E+2	1.222970E+2	-1.887743E-3	6.335821E-4	7.183442E-4	-7.537190E+1
2.036220E+2	8.004246E+1	2.065228E+2	1.000627E+1	1.264803E+2	1.222026E+2	-1.902093E-3	6.335821E-4	6.946810E-4	-7.594487E+1
2.047400E+2	8.004271E+1	2.059473E+2	1.000664E+1	1.259046E+2	1.220109E+2	-1.909732E-3	6.335821E-4	6.788270E-4	-7.624986E+1
2.058580E+2	7.998961E+1	2.056826E+2	1.000549E+1	1.256930E+2	1.218873E+2	-1.915205E-3	6.335821E-4	1.367334E-3	-7.646838E+1
2.069780E+2	7.998940E+1	2.054057E+2	1.000693E+1	1.254163E+2	1.217948E+2	-1.929830E-3	6.335821E-4	1.345901E-3	-7.705232E+1
2.081020E+2	7.998956E+1	2.051033E+2	1.000580E+1	1.251137E+2	1.216941E+2	-1.949148E-3	6.335821E-4	1.311115E-3	-7.782362E+1
2.092220E+2	7.998939E+1	2.048269E+2	1.000681E+1	1.248375E+2	1.216019E+2	-1.950941E-3	6.335821E-4	1.310662E-3	-7.789522E+1
2.103370E+2	7.998920E+1	2.042551E+2	1.000562E+1	1.242659E+2	1.214112E+2	-1.967204E-3	6.335821E-4	1.285602E-3	-7.854456E+1
2.114550E+2	7.998933E+1	2.039680E+2	1.000690E+1	1.239787E+2	1.213156E+2	-1.975129E-3	6.335821E-4	1.270974E-3	-7.886098E+1
2.125750E+2	7.998914E+1	2.036819E+2	1.000696E+1	1.236928E+2	1.212201E+2	-1.986900E-3	6.335821E-4	1.253293E-3	-7.933094E+1
2.136950E+2	7.998870E+1	2.033953E+2	1.000692E+1	1.234066E+2	1.211242E+2	-2.000543E-3	6.335821E-4	1.236169E-3	-7.987570E+1
2.148150E+2	7.998879E+1	2.031124E+2	1.000644E+1	1.231236E+2	1.210300E+2	-2.012575E-3	6.335821E-4	1.214825E-3	-8.035609E+1
2.159350E+2	7.998866E+1	2.025394E+2	1.005900E+1	1.225508E+2	1.208389E+2	-2.021195E-3	6.335821E-4	1.202441E-3	-8.070027E+1
2.170680E+2	7.998924E+1	2.022501E+2	1.005738E+1	1.222608E+2	1.207428E+2	-2.033479E-3	6.580438E-4	1.173915E-3	-8.119073E+1
2.181940E+2	7.998939E+1	2.019739E+2	1.000662E+1	1.219845E+2	1.206509E+2	-2.049678E-3	6.861384E-4	1.145135E-3	-8.183751E+1
2.193160E+2	7.998926E+1	2.016679E+2	1.000545E+1	1.216787E+2	1.205488E+2	-2.063367E-3	6.871072E-4	1.123684E-3	-8.238404E+1
2.204340E+2	7.998900E+1	2.013825E+2	1.000657E+1	1.213935E+2	1.204535E+2	-2.072263E-3	6.871072E-4	1.112202E-3	-8.273923E+1
2.215530E+2	7.998907E+1	2.008032E+2	1.000651E+1	1.208141E+2	1.202604E+2	-2.071981E-3	6.871072E-4	1.111670E-3	-8.272798E+1
2.226710E+2	7.998942E+1	2.005100E+2	1.000669E+1	1.205206E+2	1.201629E+2	-2.087111E-3	6.871072E-4	1.081831E-3	-8.333206E+1
2.237850E+2	7.998935E+1	2.002218E+2	1.000659E+1	1.202325E+2	1.200668E+2	-2.106567E-3	6.871072E-4	1.050163E-3	-8.410892E+1
2.249030E+2	7.998923E+1	1.999260E+2	1.000553E+1	1.199367E+2	1.199681E+2	-2.113515E-3	6.871072E-4	1.040137E-3	-8.438633E+1
2.260210E+2	7.998917E+1	1.996498E+2	1.000662E+1	1.196606E+2	1.198761E+2	-2.125969E-3	6.871072E-4	1.020234E-3	-8.488357E+1
2.271380E+2	7.998953E+1	1.990582E+2	1.000548E+1	1.190687E+2	1.196791E+2	-2.130980E-3	6.868650E-4	1.006891E-3	-8.508363E+1
2.282540E+2	7.998936E+1	1.987729E+2	1.000660E+1	1.187835E+2	1.195839E+2	-2.140305E-3	6.868650E-4	9.935862E-4	-8.545597E+1
2.293740E+2	7.998946E+1	1.984873E+2	1.000585E+1	1.184978E+2	1.194887E+2	-2.155942E-3	6.868650E-4	9.658650E-4	-8.608030E+1
2.304940E+2	7.998916E+1	1.981982E+2	1.000686E+1	1.182091E+2	1.193922E+2	-2.173635E-3	6.868650E-4	9.401583E-4	-8.678671E+1
2.316160E+2	7.998925E+1	1.979162E+2	1.000676E+1	1.179270E+2	1.192982E+2	-2.182072E-3	6.868650E-4	9.248315E-4	-8.712358E+1
2.327350E+2	7.998963E+1	1.973446E+2	1.000699E+1	1.173550E+2	1.191080E+2	-2.188313E-3	6.868650E-4	9.093705E-4	-8.737277E+1
2.338560E+2	7.998882E+1	1.970539E+2	1.000660E+1	1.170651E+2	1.190105E+2	-2.206479E-3	6.871072E-4	8.896899E-4	-8.809809E+1
2.349940E+2	7.998956E+1	1.967701E+2	1.000688E+1	1.167805E+2	1.189164E+2	-2.217158E-3	6.871072E-4	8.620870E-4	-8.852446E+1
2.361170E+2	7.998945E+1	1.964691E+2	1.000569E+1	1.164797E+2	1.188160E+2	-2.226889E-3	6.871072E-4	8.472014E-4	-8.891299E+1
2.372330E+2	7.998891E+1	1.961937E+2	1.000689E+1	1.162048E+2	1.187239E+2	-2.239971E-3	6.871072E-4	8.324221E-4	-8.943531E+1
2.383510E+2	7.998938E+1	1.958914E+2	1.000588E+1	1.159020E+2	1.186234E+2	-2.251466E-3	6.871072E-4	8.069623E-4	-8.989428E+1
2.394700E+2	7.998938E+1	1.953267E+2	1.000690E+1	1.153373E+2	1.184352E+2	-2.258717E-3	6.871072E-4	7.948235E-4	-9.018381E+1
2.405910E+2	7.998918E+1	1.950351E+2	1.000565E+1	1.150459E+2	1.183378E+2	-2.270558E-3	6.871072E-4	7.776095E-4	-9.065657E+1
2.417160E+2	7.993652E+1	1.947870E+2	1.000659E+1	1.148505E+2	1.182200E+2	-2.279891E-3	6.871072E-4	1.563517E-3	-9.102919E+1
2.428310E+2	7.993680E+1	1.944995E+2	1.000675E+1	1.145627E+2	1.181244E+2	-2.293135E-3	6.871072E-4	1.908295E-3	-9.155799E+1
2.439460E+2	7.998924E+1	1.941755E+2	1.000657E+1	1.141863E+2	1.180513E+2	-2.305551E-3	6.871072E-4	1.532732E-3	-9.205372E+1
2.450650E+2	8.004248E+1	1.938567E+2	1.000667E+1	1.138143E+2	1.179806E+2	-2.325387E-3	6.871072E-4	8.165219E-4	-9.284574E+1
2.461850E+2	8.004254E+1	1.935653E+2	1.000655E+1	1.135227E+2	1.178835E+2	-2.330317E-3	6.871072E-4	8.074672E-4	-9.304258E+1
2.473100E+2	7.998913E+1	1.933131E+2	1.000682E+1	1.133239E+2	1.177638E+2	-2.342675E-3	6.871072E-4	1.488560E-3	-9.353599E+1
2.484320E+2	7.998922E+1	1.927472E+2	1.000653E+1	1.127580E+2	1.175752E+2	-2.346967E-3	6.871072E-4	1.480172E-3	-9.370735E+1
2.495530E+2	7.998912E+1	1.924436E+2	1.000693E+1	1.124545E+2	1.174740E+2	-2.363756E-3	6.871072E-4	1.453370E-3	-9.437771E+1
2.506710E+2	7.998889E+1	1.921447E+2	1.000573E+1	1.121558E+2	1.173742E+2	-2.367960E-3	6.871072E-4	1.449342E-3	-9.454555E+1
2.517870E+2	7.998914E+1	1.918613E+2	1.000695E+1	1.118721E+2	1.172798E+2	-2.388740E-3	6.871072E-4	1.411590E-3	-9.537522E+1
2.529040E+2	7.998907E+1	1.915666E+2	1.000581E+1	1.115776E+2	1.171816E+2	-2.400968E-3	6.871072E-4	1.391922E-3	-9.586346E+1
2.540260E+2	7.998862E+1	1.912850E+2	1.000688E+1	1.112964E+2	1.170874E+2	-2.409225E-3	6.871072E-4	1.384117E-3	-9.619312E+1
2.551500E+2	7.998856E+1	1.909878E+2	1.000586E+1	1.109992E+2	1.169883E+2	-2.415527E-3	6.871072E-4	1.374270E-3	-9.644475E+1
2.562650E+2	7.998875E+1	1.904265E+2	1.000699E+1	1.104377E+2	1.168013E+2	-2.425796E-3	6.871072E-4	1.354330E-3	-9.685476E+1
2.573860E+2	7.998887E+1	1.901358E+2	1.000703E+1	1.101469E+2	1.167045E+2	-2.443317E-3	6.871072E-4	1.323496E-3	-9.755433E+1
2.585030E+2	7.998871E+1	1.898482E+2	1.000684E+1	1.098595E+2	1.166085E+2	-2.451910E-3	6.871072E-4	1.311217E-3	-9.789742E+1
2.596180E+2	7.998885E+1	1.895563E+2	1.000702E+1	1.095675E+2	1.165113E+2	-2.466576E-3	6.868650E-4	1.284519E-3	-9.848299E+1
2.607330E+2	7.998862E+1	1.892622E+2	1.000585E+1	1.092736E+2	1.164131E+2	-2.476506E-3	6.871072E-4	1.270906E-3	-9.887944E+1
2.618500E+2	7.998883E+1	1.889818E+2	1.000701E+1	1.089930E+2	1.163198E+2	-2.492099E-3	6.871072E-4	1.242096E-3	-9.950203E+1
2.629690E+2	7.998902E+1	1.886872E+2	1.000595E+1	1.086982E+2	1.162217E+2	-2.499068E-3	6.868650E-4	1.227922E-3	-9.978030E+1
2.640910E+2	7.998873E+1	1.884158E+2	1.005902E+1	1.084270E+2	1.161311E+2	-2.505597E-3	6.868650E-4	1.220803E-3	-1.000410E+2
2.652160E+2	7.998936E+1	1.878347E+2	1.005772E+1	1.078453E+2	1.159378E+2	-2.512799E-3	7.115689E-4	1.200666E-3	-1.003285E+2
2.663440E+2	7.998946E+1	1.875555E+2	1.000668E+1	1.075661E+2	1.158448E+2	-2.533808E-3	7.401479E-4	1.164295E-3	-1.011674E+2
2.674650E+2	7.998946E+1	1.872550E+2	1.000550E+1	1.072655E+2	1.157446E+2	-2.546209E-3	7.411167E-4	1.143294E-3	-1.016625E+2
2.685840E+2	7.998949E+1	1.869809E+2	1.000671E+1	1.069914E+2	1.156533E+2	-2.555299E-3	7.411167E-4	1.127675E-3	-1.020254E+2
2.697010E+2	7.998931E+1	1.866781E+2	1.000561E+1	1.066888E+2	1.155522E+2	-2.568704E-3	7.411167E-4	1.107543E-3	-1.025606E+2
2.708200E+2	7.998946E+1	1.864028E+2	1.000674E+1	1.064134E+2	1.154606E+2	-2.579719E-3	7.411167E-4	1.087098E-3	-1.030004E+2
2.719400E+2	7.998958E+1	1.861102E+2	1.000573E+1	1.061206E+2	1.153631E+2	-2.595813E-3	7.411167E-4	1.058653E-3	-1.036430E+2
2.730580E+2	7.998916E+1	1.858329E+2	1.000668E+1	1.058437E+2	1.152704E+2	-2.604439E-3	7.411167E-4	1.049728E-3	-1.039874E+2
2.742610E+2	7.998883E+1	1.852435E+2	1.000591E+1	1.052547E+2	1.150737E+2	-2.609186E-3	7.411167E-4	1.046336E-3	-1.041770E+2
2.753800E+2	7.998878E+1	1.849663E+2	1.000650E+1	1.049775E+2	1.149813E+2	-2.617937E-3	7.411167E-4	1.032147E-3	-1.045264E+2
2.764990E+2	7.998879E+1	1.846826E+2	1.000660E+1	1.046938E+2	1.148867E+2	-2.635632E-3	7.411167E-4	1.002083E-3	-1.052329E+2
2.776200E+2	7.998969E+1	1.843924E+2	1.000685E+1	1.044027E+2	1.147906E+2	-2.642364E-3	7.411167E-4	9.793236E-4	-1.055017E+2
2.787440E+2	7.998978E+1	1.841077E+2	1.000644E+1	1.041179E+2	1.146958E+2	-2.657904E-3	7.411167E-4	9.518654E-4	-1.061221E+2
2.798590E+2	7.998952E+1	1.838238E+2	1.000695E+1	1.038343E+2	1.146009E+2	-2.667903E-3	7.411167E-4	9.385361E-4	-1.065214E+2
2.809820E+2	7.998959E+1	1.835425E+2	1.000689E+1	1.035530E+2	1.145072E+2	-2.682920E-3	7.411167E-4	9.127381E-4	-1.071209E+2
2.821080E+2	7.998953E+1	1.832366E+2	1.000667E+1	1.032471E+2	1.144052E+2	-2.694839E-3	7.411167E-4	8.932450E-4	-1.075968E+2
2.832330E+2	7.998938E+1	1.826462E+2	1.000570E+1	1.026569E+2	1.142083E+2	-2.695302E-3	7.411167E-4	8.947178E-4	-1.076153E+2
2.843560E+2	7.993665E+1	1.826896E+2	1.000692E+1	1.027529E+2	1.141876E+2	-2.714892E-3	7.411167E-4	1.664049E-3	-1.083975E+2
2.854730E+2	7.993659E+1	1.821110E+2	1.000697E+1	1.021744E+2	1.139947E+2	-2.724127E-3	7.411167E-4	2.020603E-3	-1.087662E+2
2.865920E+2	7.998938E+1	1.817845E+2	1.000693E+1	1.017951E+2	1.139211E+2	-2.733358E-3	7.411167E-4	1.650359E-3	-1.091348E+2
2.877120E+2	7.998936E+1	1.814969E+2	1.000700E+1	1.015075E+2	1.138252E+2	-2.749586E-3	7.411167E-4	1.640589E-3	-1.097827E+2
2.888330E+2	7.998956E+1	1.812135E+2	1.000686E+1	1.012240E+2	1.137309E+2	-2.759090E-3	7.411167E-4	1.622172E-3	-1.101622E+2
2.899530E+2	7.998889E+1	1.809203E+2	1.000699E+1	1.009314E+2	1.136327E+2	-2.771292E-3	7.411167E-4	1.610471E-3	-1.106494E+2
2.910750E+2	7.998885E+1	1.806328E+2	1.000689E+1	1.006439E+2	1.135368E+2	-2.783464E-3	7.411167E-4	1.590596E-3	-1.111354E+2
2.921920E+2	7.998855E+1	1.803434E+2	1.000708E+1	1.003549E+2	1.134402E+2	-2.791542E-3	7.411167E-4	1.581327E-3	-1.114579E+2
2.933110E+2	7.998834E+1	1.800571E+2	1.000684E+1	1.000688E+2	1.133446E+2	-2.804741E-3	7.411167E-4	1.561940E-3	-1.119849E+2
2.944360E+2	7.998898E+1	1.797714E+2	1.000692E+1	9.978237E+1	1.132498E+2	-2.820919E-3	7.411167E-4	1.526434E-3	-1.126308E+2
2.955610E+2	7.998926E+1	1.794859E+2	1.000676E+1	9.949666E+1	1.131548E+2	-2.827257E-3	7.411167E-4	1.512215E-3	-1.128839E+2
2.966850E+2	7.998917E+1	1.791993E+2	1.000686E+1	9.921009E+1	1.130592E+2	-2.843754E-3	7.411167E-4	1.485803E-3	-1.135426E+2
2.978110E+2	7.998935E+1	1.789167E+2	1.000674E+1	9.892736E+1	1.129651E+2	-2.855871E-3	7.411167E-4	1.463113E-3	-1.140263E+2
2.989360E+2	7.998925E+1	1.786316E+2	1.000704E+1	9.864232E+1	1.128700E+2	-2.861703E-3	7.411167E-4	1.454654E-3	-1.142592E+2
3.000560E+2	7.998907E+1	1.783388E+2	1.000697E+1	9.834970E+1	1.127723E+2	-2.876746E-3	7.411167E-4	1.431535E-3	-1.148599E+2
3.011740E+2	7.998917E+1	1.777621E+2	1.000703E+1	9.777294E+1	1.125802E+2	-2.879721E-3	7.411167E-4	1.425252E-3	-1.149786E+2
3.022920E+2	7.998933E+1	1.774639E+2	1.000672E+1	9.747453E+1	1.124808E+2	-2.885658E-3	7.411167E-4	1.413208E-3	-1.152157E+2
3.034120E+2	7.998951E+1	1.771834E+2	1.000699E+1	9.719385E+1	1.123875E+2	-2.906279E-3	7.411167E-4	1.376141E-3	-1.160390E+2
3.045280E+2	7.998960E+1	1.768853E+2	1.000597E+1	9.689568E+1	1.122882E+2	-2.910222E-3	7.411167E-4	1.368578E-3	-1.161964E+2
3.056500E+2	7.998856E+1	1.766145E+2	1.000695E+1	9.662594E+1	1.121972E+2	-2.928367E-3	7.411167E-4	1.351600E-3	-1.169209E+2
3.067730E+2	7.998896E+1	1.763104E+2	1.000573E+1	9.632142E+1	1.120961E+2	-2.939809E-3	7.411167E-4	1.327474E-3	-1.173778E+2
3.079020E+2	7.998954E+1	1.760369E+2	1.000709E+1	9.604737E+1	1.120053E+2	-2.955161E-3	7.411167E-4	1.293912E-3	-1.179907E+2
3.090270E+2	7.998936E+1	1.757495E+2	1.000678E+1	9.576018E+1	1.119094E+2	-2.968424E-3	7.411167E-4	1.274258E-3	-1.185203E+2
3.101500E+2	7.998940E+1	1.754654E+2	1.000675E+1	9.547604E+1	1.118147E+2	-2.974122E-3	7.411167E-4	1.263977E-3	-1.187478E+2
3.112700E+2	7.998940E+1	1.751737E+2	1.000669E+1	9.518433E+1	1.117175E+2	-2.991405E-3	7.411167E-4	1.235287E-3	-1.194378E+2
3.123890E+2	7.998933E+1	1.748903E+2	1.000691E+1	9.490099E+1	1.116230E+2	-2.997811E-3	7.411167E-4	1.225324E-3	-1.196936E+2
3.135060E+2	7.998953E+1	1.745963E+2	1.000564E+1	9.460674E+1	1.115251E+2	-3.009472E-3	7.411167E-4	1.203338E-3	-1.201592E+2
3.146250E+2	7.998962E+1	1.743223E+2	1.000685E+1	9.433272E+1	1.114339E+2	-3.019731E-3	7.411167E-4	1.184962E-3	-1.205688E+2
3.157410E+2	7.998898E+1	1.740123E+2	1.000552E+1	9.402332E+1	1.113301E+2	-3.034000E-3	7.411167E-4	1.169257E-3	-1.211385E+2
3.168630E+2	7.998933E+1	1.737302E+2	1.000671E+1	9.374090E+1	1.112363E+2	-3.043406E-3	7.411167E-4	1.149141E-3	-1.215141E+2
3.179840E+2	7.998932E+1	1.734314E+2	1.000562E+1	9.344209E+1	1.111367E+2	-3.056062E-3	7.411167E-4	1.127671E-3	-1.220194E+2
3.191070E+2	7.998953E+1	1.731513E+2	1.005927E+1	9.316177E+1	1.110435E+2	-3.065959E-3	7.411167E-4	1.108295E-3	-1.224146E+2
3.202330E+2	7.998877E+1	1.725614E+2	1.005789E+1	9.257262E+1	1.108463E+2	-3.071470E-3	7.660628E-4	1.109098E-3	-1.226346E+2
3.213610E+2	7.998891E+1	1.725753E+2	1.000712E+1	9.258638E+1	1.108510E+2	-3.093589E-3	7.946418E-4	1.070266E-3	-1.235177E+2
3.224860E+2	7.998873E+1	1.722787E+2	1.000588E+1	9.228994E+1	1.107520E+2	-3.099754E-3	7.956106E-4	1.062252E-3	-1.237639E+2
3.236020E+2	7.998944E+1	1.717118E+2	1.000713E+1	9.172236E+1	1.105636E+2	-3.101842E-3	7.956106E-4	1.049431E-3	-1.238473E+2
3.247210E+2	7.998878E+1	1.714150E+2	1.000604E+1	9.142626E+1	1.104642E+2	-3.119623E-3	7.953684E-4	1.028291E-3	-1.245572E+2
3.258370E+2	7.993700E+1	1.711713E+2	1.000714E+1	9.123429E+1	1.103484E+2	-3.130078E-3	7.953684E-4	1.800442E-3	-1.249746E+2
3.269560E+2	7.998944E+1	1.708522E+2	1.000658E+1	9.086276E+1	1.102770E+2	-3.144062E-3	7.956106E-4	1.346893E-3	-1.255329E+2
3.280730E+2	7.998961E+1	1.705611E+2	1.000699E+1	9.057150E+1	1.101801E+2	-3.150007E-3	7.956106E-4	1.349025E-3	-1.257703E+2
3.291900E+2	7.998959E+1	1.702764E+2	1.000701E+1	9.028682E+1	1.100852E+2	-3.161236E-3	7.956106E-4	1.330428E-3	-1.262187E+2
3.303090E+2	7.998959E+1	1.699909E+2	1.000705E+1	9.000134E+1	1.099900E+2	-3.178721E-3	7.953684E-4	1.301500E-3	-1.269168E+2
3.314290E+2	7.998964E+1	1.697099E+2	1.000713E+1	8.972023E+1	1.098964E+2	-3.189587E-3	7.953684E-4	1.282609E-3	-1.273506E+2
3.325500E+2	7.998950E+1	1.694153E+2	1.000669E+1	8.942583E+1	1.097981E+2	-3.202433E-3	7.956106E-4	1.262909E-3	-1.278636E+2
3.336730E+2	7.998927E+1	1.691277E+2	1.000676E+1	8.913844E+1	1.097021E+2	-3.209026E-3	7.956106E-4	1.254397E-3	-1.281268E+2
3.347940E+2	7.998956E+1	1.688291E+2	1.000563E+1	8.883954E+1	1.096027E+2	-3.223648E-3	7.956106E-4	1.226209E-3	-1.287106E+2
3.359100E+2	7.998952E+1	1.685524E+2	1.000694E+1	8.856284E+1	1.095105E+2	-3.231492E-3	7.953684E-4	1.213581E-3	-1.290238E+2
3.370290E+2	7.998952E+1	1.682525E+2	1.000573E+1	8.826298E+1	1.094105E+2	-3.249120E-3	7.953684E-4	1.184214E-3	-1.297276E+2
3.381460E+2	7.998940E+1	1.679737E+2	1.000675E+1	8.798426E+1	1.093175E+2	-3.254846E-3	7.953684E-4	1.175991E-3	-1.299562E+2
3.392670E+2	7.998939E+1	1.676768E+2	1.000597E+1	8.768739E+1	1.092185E+2	-3.268979E-3	7.956106E-4	1.152533E-3	-1.305205E+2
3.403920E+2	7.998964E+1	1.674025E+2	1.000700E+1	8.741285E+1	1.091273E+2	-3.285365E-3	7.956106E-4	1.122036E-3	-1.311748E+2
3.415270E+2	7.998917E+1	1.671099E+2	1.000699E+1	8.712075E+1	1.090294E+2	-3.291505E-3	7.953684E-4	1.117975E-3	-1.314199E+2
3.426480E+2	7.998897E+1	1.668260E+2	1.000694E+1	8.683706E+1	1.089347E+2	-3.306773E-3	7.953684E-4	1.094782E-3	-1.320295E+2
3.437650E+2	7.998887E+1	1.665309E+2	1.000585E+1	8.654205E+1	1.088362E+2	-3.315181E-3	7.953684E-4	1.082252E-3	-1.323652E+2
3.448800E+2	7.998919E+1	1.662545E+2	1.000702E+1	8.626534E+1	1.087443E+2	-3.325925E-3	7.953684E-4	1.059814E-3	-1.327942E+2
3.460000E+2	7.998888E+1	1.659591E+2	1.000603E+1	8.597027E+1	1.086456E+2	-3.334460E-3	7.953684E-4	1.049636E-3	-1.331350E+2
3.471210E+2	7.998960E+1	1.656786E+2	1.000698E+1	8.568897E+1	1.085526E+2	-3.351723E-3	7.953684E-4	1.011456E-3	-1.338242E+2
3.482410E+2	7.998969E+1	1.653893E+2	1.000567E+1	8.539964E+1	1.084562E+2	-3.355854E-3	7.953684E-4	1.003195E-3	-1.339892E+2
3.493630E+2	7.998943E+1	1.651127E+2	1.000667E+1	8.512331E+1	1.083639E+2	-3.374457E-3	7.956106E-4	9.753632E-4	-1.347319E+2
3.504790E+2	7.998953E+1	1.648155E+2	1.000705E+1	8.482596E+1	1.082649E+2	-3.382173E-3	7.956106E-4	9.609014E-4	-1.350400E+2
3.516010E+2	7.998924E+1	1.645262E+2	1.000676E+1	8.453697E+1	1.081682E+2	-3.394112E-3	7.956106E-4	9.449675E-4	-1.355167E+2
3.527260E+2	7.998946E+1	1.642262E+2	1.000574E+1	8.423671E+1	1.080684E+2	-3.403814E-3	7.956106E-4	9.258180E-4	-1.359041E+2
3.538510E+2	7.993669E+1	1.639814E+2	1.000709E+1	8.404469E+1	1.079516E+2	-3.407914E-3	7.956106E-4	1.721559E-3	-1.360678E+2
3.549700E+2	7.993676E+1	1.636878E+2	1.000718E+1	8.375103E+1	1.078538E+2	-3.426785E-3	7.956106E-4	2.061044E-3	-1.368212E+2
3.560860E+2	7.998952E+1	1.633631E+2	1.000710E+1	8.337356E+1	1.077807E+2	-3.438894E-3	7.956106E-4	1.682832E-3	-1.373047E+2
3.572020E+2	7.998942E+1	1.630741E+2	1.000714E+1	8.308465E+1	1.076843E+2	-3.450887E-3	7.956106E-4	1.680771E-3	-1.377836E+2
3.583210E+2	7.998951E+1	1.627828E+2	1.000598E+1	8.279334E+1	1.075873E+2	-3.461013E-3	7.956106E-4	1.662618E-3	-1.381878E+2
3.594370E+2	7.998946E+1	1.624960E+2	1.000714E+1	8.250652E+1	1.074916E+2	-3.470557E-3	7.953684E-4	1.647242E-3	-1.385689E+2
3.605540E+2	7.998940E+1	1.621989E+2	1.000603E+1	8.220954E+1	1.073926E+2	-3.481469E-3	7.953684E-4	1.629879E-3	-1.390046E+2
3.616730E+2	7.998962E+1	1.619132E+2	1.000710E+1	8.192353E+1	1.072975E+2	-3.494782E-3	7.956106E-4	1.604686E-3	-1.395361E+2
3.628080E+2	7.998893E+1	1.616203E+2	1.000657E+1	8.163139E+1	1.071994E+2	-3.509692E-3	7.956106E-4	1.588509E-3	-1.401315E+2
3.639300E+2	7.998892E+1	1.613396E+2	1.000710E+1	8.135067E+1	1.071058E+2	-3.512857E-3	7.956106E-4	1.583310E-3	-1.402579E+2
3.650480E+2	7.998885E+1	1.610446E+2	1.000585E+1	8.105572E+1	1.070074E+2	-3.525488E-3	7.956106E-4	1.563069E-3	-1.407622E+2
3.661640E+2	7.998885E+1	1.607648E+2	1.000694E+1	8.077595E+1	1.069142E+2	-3.534978E-3	7.956106E-4	1.547526E-3	-1.411411E+2
3.672790E+2	7.998883E+1	1.604817E+2	1.000619E+1	8.049290E+1	1.068198E+2	-3.552124E-3	7.956106E-4	1.519024E-3	-1.418257E+2
3.684000E+2	7.998887E+1	1.601914E+2	1.000713E+1	8.020255E+1	1.067231E+2	-3.560501E-3	7.956106E-4	1.504500E-3	-1.421601E+2
3.695180E+2	7.998894E+1	1.599016E+2	1.000622E+1	7.991269E+1	1.066265E+2	-3.573983E-3	7.953684E-4	1.481028E-3	-1.426984E+2
3.706430E+2	7.998944E+1	1.596093E+2	1.000679E+1	7.961988E+1	1.065294E+2	-3.587304E-3	7.956106E-4	1.452111E-3	-1.432303E+2
3.717670E+2	7.998953E+1	1.593227E+2	1.000595E+1	7.933314E+1	1.064339E+2	-3.595991E-3	7.956106E-4	1.436366E-3	-1.435771E+2
3.728870E+2	7.998930E+1	1.590317E+2	1.000687E+1	7.904239E+1	1.063368E+2	-3.609044E-3	7.956106E-4	1.417382E-3	-1.440983E+2
3.740040E+2	7.998950E+1	1.587443E+2	1.000690E+1	7.875478E+1	1.062411E+2	-3.619938E-3	7.956106E-4	1.396196E-3	-1.445333E+2
3.751250E+2	7.998946E+1	1.584570E+2	1.000684E+1	7.846759E+1	1.061453E+2	-3.631874E-3	7.956106E-4	1.376816E-3	-1.450098E+2
3.762440E+2	7.998923E+1	1.581740E+2	1.000687E+1	7.818480E+1	1.060508E+2	-3.639335E-3	7.956106E-4	1.367336E-3	-1.453077E+2
3.773590E+2	7.998968E+1	1.578724E+2	1.005763E+1	7.788276E+1	1.059506E+2	-3.651818E-3	7.953684E-4	1.340765E-3	-1.458061E+2
3.784830E+2	7.998972E+1	1.578821E+2	1.000708E+1	7.789238E+1	1.059538E+2	-3.666493E-3	8.191035E-4	1.315455E-3	-1.463921E+2
3.796080E+2	7.998959E+1	1.573025E+2	1.000713E+1	7.731288E+1	1.057605E+2	-3.675246E-3	8.200723E-4	1.302751E-3	-1.467415E+2
3.807310E+2	7.998931E+1	1.570196E+2	1.000710E+1	7.703030E+1	1.056661E+2	-3.683660E-3	8.198301E-4	1.292034E-3	-1.470775E+2
3.818510E+2	7.998901E+1	1.567273E+2	1.000702E+1	7.673829E+1	1.055684E+2	-3.697965E-3	8.200723E-4	1.272098E-3	-1.476487E+2
3.829810E+2	7.998898E+1	1.567306E+2	1.000673E+1	7.674165E+1	1.055695E+2	-3.713102E-3	8.198301E-4	1.247302E-3	-1.482530E+2
3.841080E+2	7.998971E+1	1.561597E+2	1.000674E+1	7.616997E+1	1.053797E+2	-3.718531E-3	8.200723E-4	1.228446E-3	-1.484698E+2
3.852330E+2	7.998962E+1	1.561513E+2	1.000554E+1	7.616168E+1	1.053768E+2	-3.734821E-3	8.200723E-4	1.202279E-3	-1.491202E+2
3.863570E+2	7.998972E+1	1.555732E+2	1.000673E+1	7.558349E+1	1.051842E+2	-3.743948E-3	8.198301E-4	1.185797E-3	-1.494846E+2
3.874810E+2	7.998940E+1	1.555624E+2	1.000583E+1	7.557300E+1	1.051804E+2	-3.753208E-3	8.200723E-4	1.174408E-3	-1.498543E+2
3.886090E+2	7.998915E+1	1.552817E+2	1.000717E+1	7.529259E+1	1.050867E+2	-3.770724E-3	8.198301E-4	1.148396E-3	-1.505537E+2
3.897330E+2	7.998898E+1	1.549794E+2	1.000586E+1	7.499039E+1	1.049858E+2	-3.776323E-3	8.200723E-4	1.140987E-3	-1.507773E+2
3.908510E+2	7.993653E+1	1.547393E+2	1.000710E+1	7.480273E+1	1.048708E+2	-3.788947E-3	8.198301E-4	1.918810E-3	-1.512813E+2
3.919690E+2	7.993665E+1	1.544348E+2	1.000625E+1	7.449818E+1	1.047694E+2	-3.800154E-3	8.198301E-4	2.271468E-3	-1.517288E+2
3.930850E+2	7.998874E+1	1.541227E+2	1.000714E+1	7.413394E+1	1.047001E+2	-3.813110E-3	8.200723E-4	1.900023E-3	-1.522460E+2
3.942020E+2	7.998901E+1	1.538342E+2	1.000705E+1	7.384521E+1	1.046041E+2	-3.830473E-3	8.198301E-4	1.884886E-3	-1.529393E+2
3.953190E+2	7.998901E+1	1.535501E+2	1.000704E+1	7.356112E+1	1.045094E+2	-3.831673E-3	8.200723E-4	1.882877E-3	-1.529872E+2
3.964580E+2	8.004269E+1	1.532146E+2	1.000570E+1	7.317190E+1	1.044333E+2	-3.848854E-3	8.200723E-4	1.148486E-3	-1.536732E+2
3.975770E+2	8.004253E+1	1.529377E+2	1.000683E+1	7.289514E+1	1.043409E+2	-3.854376E-3	8.198301E-4	1.141205E-3	-1.538937E+2
3.986940E+2	8.004288E+1	1.526485E+2	1.000702E+1	7.260559E+1	1.042447E+2	-3.871692E-3	8.200723E-4	1.107506E-3	-1.545850E+2
3.998160E+2	7.998938E+1	1.524002E+2	1.000679E+1	7.241085E+1	1.041263E+2	-3.878239E-3	8.200723E-4	1.799771E-3	-1.548464E+2
4.009420E+2	7.998941E+1	1.520970E+2	1.000586E+1	7.210757E+1	1.040253E+2	-3.885345E-3	8.198301E-4	1.787475E-3	-1.551302E+2
4.020660E+2	7.998971E+1	1.521071E+2	1.005914E+1	7.211739E+1	1.040288E+2	-3.906788E-3	8.200723E-4	1.747426E-3	-1.559863E+2
4.031880E+2	7.998878E+1	1.517608E+2	1.005789E+1	7.177197E+1	1.039128E+2	-3.916005E-3	8.447762E-4	1.744131E-3	-1.563543E+2
4.043160E+2	7.998872E+1	1.515344E+2	1.001638E+1	7.154571E+1	1.038373E+2	-3.927397E-3	8.733552E-4	1.725963E-3	-1.568092E+2
4.054430E+2	7.998923E+1	1.512457E+2	1.000593E+1	7.125644E+1	1.037414E+2	-3.934601E-3	8.738396E-4	1.707428E-3	-1.570968E+2
4.065670E+2	7.998946E+1	1.509685E+2	1.000689E+1	7.097903E+1	1.036491E+2	-3.953693E-3	8.738396E-4	1.672360E-3	-1.578591E+2
4.077080E+2	7.998956E+1	1.506796E+2	1.000710E+1	7.069003E+1	1.035529E+2	-3.960932E-3	8.738396E-4	1.658696E-3	-1.581481E+2
4.088280E+2	7.998954E+1	1.503903E+2	1.000709E+1	7.040074E+1	1.034565E+2	-3.968539E-3	8.740818E-4	1.646262E-3	-1.584519E+2
4.099450E+2	7.998977E+1	1.501050E+2	1.000705E+1	7.011523E+1	1.033615E+2	-3.980493E-3	8.740818E-4	1.623244E-3	-1.589291E+2
4.110630E+2	7.998940E+1	1.498108E+2	1.000715E+1	6.982136E+1	1.032632E+2	-3.990677E-3	8.740818E-4	1.611009E-3	-1.593358E+2
4.121820E+2	7.998956E+1	1.495131E+2	1.000664E+1	6.952350E+1	1.031641E+2	-4.002462E-3	8.738396E-4	1.589275E-3	-1.598063E+2
4.133000E+2	7.998943E+1	1.492374E+2	1.000705E+1	6.924799E+1	1.030721E+2	-4.016725E-3	8.740818E-4	1.567247E-3	-1.603758E+2
4.144170E+2	7.998940E+1	1.489465E+2	1.000595E+1	6.895709E+1	1.029751E+2	-4.023629E-3	8.740818E-4	1.555847E-3	-1.606514E+2
4.155370E+2	7.998946E+1	1.489556E+2	1.000704E+1	6.896615E+1	1.029782E+2	-4.045500E-3	8.740818E-4	1.518776E-3	-1.615247E+2
4.166550E+2	7.998928E+1	1.483717E+2	1.000587E+1	6.838240E+1	1.027834E+2	-4.049696E-3	8.740818E-4	1.513574E-3	-1.616922E+2
4.177760E+2	7.998879E+1	1.483779E+2	1.000712E+1	6.838910E+1	1.027852E+2	-4.063540E-3	8.740818E-4	1.497060E-3	-1.622449E+2
4.188990E+2	7.998894E+1	1.480808E+2	1.000599E+1	6.809187E+1	1.026862E+2	-4.072297E-3	8.740818E-4	1.480495E-3	-1.625946E+2
4.200230E+2	7.998869E+1	1.478104E+2	1.000720E+1	6.782167E+1	1.025959E+2	-4.085679E-3	8.740818E-4	1.461060E-3	-1.631289E+2
4.211460E+2	7.998922E+1	1.475096E+2	1.000589E+1	6.752033E+1	1.024960E+2	-4.094137E-3	8.740818E-4	1.440226E-3	-1.634666E+2
4.222660E+2	7.998930E+1	1.472351E+2	1.000700E+1	6.724577E+1	1.024046E+2	-4.105081E-3	8.740818E-4	1.420802E-3	-1.639036E+2
4.233990E+2	7.998944E+1	1.469425E+2	1.000667E+1	6.695306E+1	1.023071E+2	-4.119943E-3	8.740818E-4	1.393875E-3	-1.644970E+2
4.245260E+2	7.998934E+1	1.466680E+2	1.000696E+1	6.667866E+1	1.022156E+2	-4.126843E-3	8.740818E-4	1.383629E-3	-1.647725E+2
4.256480E+2	7.998954E+1	1.463534E+2	1.000675E+1	6.636384E+1	1.021108E+2	-4.134341E-3	8.740818E-4	1.368471E-3	-1.650718E+2
4.267700E+2	7.998895E+1	1.460702E+2	1.000705E+1	6.608121E+1	1.020160E+2	-4.144668E-3	8.740818E-4	1.359146E-3	-1.654842E+2
4.278940E+2	7.998893E+1	1.457769E+2	1.000681E+1	6.578796E+1	1.019182E+2	-4.159627E-3	8.740818E-4	1.334406E-3	-1.660814E+2
4.290140E+2	7.998898E+1	1.454923E+2	1.000721E+1	6.550332E+1	1.018234E+2	-4.171264E-3	8.738396E-4	1.314224E-3	-1.665461E+2
4.301340E+2	7.998883E+1	1.454829E+2	1.000681E+1	6.549402E+1	1.018202E+2	-4.192693E-3	8.738396E-4	1.280116E-3	-1.674017E+2
4.312540E+2	7.998890E+1	1.452010E+2	1.000721E+1	6.521209E+1	1.017263E+2	-4.195318E-3	8.738396E-4	1.274820E-3	-1.675064E+2
4.323720E+2	7.998901E+1	1.449041E+2	1.000598E+1	6.491512E+1	1.016274E+2	-4.198154E-3	8.740818E-4	1.268809E-3	-1.676197E+2
4.334880E+2	7.998862E+1	1.446246E+2	1.000700E+1	6.463600E+1	1.015340E+2	-4.215869E-3	8.740818E-4	1.244027E-3	-1.683270E+2
4.346060E+2	7.998883E+1	1.443363E+2	1.000597E+1	6.434744E+1	1.014380E+2	-4.226496E-3	8.740818E-4	1.223530E-3	-1.687513E+2
4.357240E+2	7.998866E+1	1.440482E+2	1.000708E+1	6.405955E+1	1.013418E+2	-4.235741E-3	8.740818E-4	1.210261E-3	-1.691204E+2
4.368440E+2	7.998877E+1	1.437603E+2	1.000720E+1	6.377157E+1	1.012460E+2	-4.244518E-3	8.740818E-4	1.193922E-3	-1.694709E+2
4.379620E+2	7.993646E+1	1.435044E+2	1.000708E+1	6.356798E+1	1.011258E+2	-4.256127E-3	8.740818E-4	1.971332E-3	-1.699344E+2
4.390830E+2	7.993652E+1	1.432208E+2	1.000714E+1	6.328428E+1	1.010313E+2	-4.270337E-3	8.738396E-4	2.318101E-3	-1.705017E+2
4.402030E+2	7.998918E+1	1.428930E+2	1.000680E+1	6.290380E+1	1.009571E+2	-4.279837E-3	8.740818E-4	1.949213E-3	-1.708811E+2
4.413210E+2	7.998927E+1	1.426080E+2	1.000698E+1	6.261873E+1	1.008622E+2	-4.292602E-3	8.740818E-4	1.942970E-3	-1.713907E+2
4.424410E+2	8.004254E+1	1.422749E+2	1.000668E+1	6.223233E+1	1.007867E+2	-4.302022E-3	8.740818E-4	1.226984E-3	-1.717668E+2
4.435600E+2	8.004240E+1	1.422854E+2	1.000689E+1	6.224300E+1	1.007901E+2	-4.311459E-3	8.740818E-4	1.212992E-3	-1.721436E+2
4.446830E+2	8.004250E+1	1.419937E+2	1.000563E+1	6.195122E+1	1.006929E+2	-4.326888E-3	8.738396E-4	1.185718E-3	-1.727597E+2
4.458030E+2	8.004281E+1	1.417160E+2	1.000696E+1	6.167316E+1	1.006005E+2	-4.341385E-3	8.738396E-4	1.157581E-3	-1.733385E+2
4.469210E+2	7.998932E+1	1.414513E+2	1.000589E+1	6.146199E+1	1.004766E+2	-4.347495E-3	8.738396E-4	1.850377E-3	-1.735824E+2
4.480420E+2	8.004243E+1	1.411358E+2	1.000714E+1	6.109338E+1	1.004069E+2	-4.366014E-3	8.738396E-4	1.121266E-3	-1.743218E+2
4.491580E+2	7.998938E+1	1.408777E+2	1.000580E+1	6.088829E+1	1.002855E+2	-4.375062E-3	8.740818E-4	1.803186E-3	-1.746831E+2
4.502740E+2	7.998944E+1	1.405928E+2	1.000687E+1	6.060332E+1	1.001905E+2	-4.384905E-3	8.740818E-4	1.786149E-3	-1.750761E+2
4.513940E+2	7.998927E+1	1.403069E+2	1.000619E+1	6.031761E+1	1.000951E+2	-4.393561E-3	8.740818E-4	1.773866E-3	-1.754217E+2
4.525180E+2	7.998940E+1	1.400169E+2	1.000712E+1	6.002751E+1	9.999856E+1	-4.402556E-3	8.740818E-4	1.757204E-3	-1.757808E+2
4.536540E+2	7.998901E+1	1.397270E+2	1.000592E+1	5.973796E+1	9.990166E+1	-4.417801E-3	8.740818E-4	1.736797E-3	-1.763896E+2
4.547760E+2	7.998861E+1	1.394469E+2	1.000701E+1	5.945834E+1	9.980805E+1	-4.426512E-3	8.740818E-4	1.726946E-3	-1.767373E+2
4.558980E+2	7.998952E+1	1.394345E+2	1.000561E+1	5.944496E+1	9.980451E+1	-4.440825E-3	8.740818E-4	1.691196E-3	-1.773088E+2
4.570230E+2	7.998930E+1	1.391580E+2	1.000685E+1	5.916865E+1	9.971219E+1	-4.456014E-3	8.740818E-4	1.668435E-3	-1.779153E+2
4.581480E+2	7.998940E+1	1.388596E+2	1.000566E+1	5.887021E+1	9.961281E+1	-4.464088E-3	8.740818E-4	1.653616E-3	-1.782376E+2
4.592670E+2	7.998927E+1	1.385871E+2	1.000709E+1	5.859786E+1	9.952189E+1	-4.473329E-3	8.740818E-4	1.640093E-3	-1.786066E+2
4.603930E+2	7.998936E+1	1.382890E+2	1.000709E+1	5.829959E+1	9.942256E+1	-4.483910E-3	8.740818E-4	1.620935E-3	-1.790291E+2
4.615170E+2	7.998920E+1	1.380088E+2	1.000714E+1	5.801962E+1	9.932908E+1	-4.497890E-3	8.740818E-4	1.599881E-3	-1.795872E+2
4.626360E+2	7.998935E+1	1.377156E+2	1.000591E+1	5.772629E+1	9.923145E+1	-4.507365E-3	8.740818E-4	1.581873E-3	-1.799656E+2
4.637520E+2	7.998917E+1	1.374438E+2	1.000728E+1	5.745458E+1	9.914070E+1	-4.523052E-3	8.738396E-4	1.558161E-3	-1.805919E+2
4.648790E+2	7.998859E+1	1.371333E+2	1.000700E+1	5.714471E+1	9.903682E+1	-4.527346E-3	8.738396E-4	1.558452E-3	-1.807633E+2
4.660030E+2	7.998854E+1	1.371450E+2	1.000704E+1	5.715642E+1	9.904068E+1	-4.550291E-3	8.738396E-4	1.520887E-3	-1.816794E+2
4.671210E+2	7.998886E+1	1.368442E+2	1.000580E+1	5.685533E+1	9.894064E+1	-4.559071E-3	8.738396E-4	1.501735E-3	-1.820300E+2
4.682580E+2	7.998929E+1	1.365639E+2	1.000682E+1	5.657456E+1	9.884748E+1	-4.567181E-3	8.738396E-4	1.482786E-3	-1.823538E+2
4.693790E+2	7.998923E+1	1.362765E+2	1.000688E+1	5.628730E+1	9.875167E+1	-4.581785E-3	8.740818E-4	1.458799E-3	-1.829369E+2
4.704990E+2	7.998917E+1	1.359848E+2	1.000689E+1	5.599565E+1	9.865438E+1	-4.590273E-3	8.740818E-4	1.445734E-3	-1.832758E+2
4.716180E+2	7.998910E+1	1.356890E+2	1.000674E+1	5.569992E+1	9.855574E+1	-4.595523E-3	8.740818E-4	1.437364E-3	-1.834854E+2
4.727360E+2	7.998930E+1	1.356968E+2	1.000702E+1	5.570751E+1	9.855847E+1	-4.616538E-3	8.738396E-4	1.399578E-3	-1.843245E+2
4.738540E+2	7.998927E+1	1.351174E+2	1.000560E+1	5.512817E+1	9.836533E+1	-4.620326E-3	8.738396E-4	1.393539E-3	-1.844757E+2
4.749920E+2	7.998857E+1	1.351242E+2	1.000712E+1	5.513561E+1	9.836711E+1	-4.635156E-3	8.738396E-4	1.378180E-3	-1.850679E+2
4.761150E+2	7.998855E+1	1.348355E+2	1.000705E+1	5.484691E+1	9.827085E+1	-4.643516E-3	8.738396E-4	1.364245E-3	-1.854017E+2
4.772350E+2	7.998895E+1	1.345465E+2	1.000707E+1	5.455759E+1	9.817481E+1	-4.658572E-3	8.738396E-4	1.333826E-3	-1.860028E+2
4.783540E+2	7.998918E+1	1.342581E+2	1.000698E+1	5.426891E+1	9.807882E+1	-4.663729E-3	8.738396E-4	1.322328E-3	-1.862087E+2
4.794820E+2	7.998930E+1	1.339748E+2	1.000706E+1	5.398550E+1	9.798446E+1	-4.670768E-3	8.740818E-4	1.308799E-3	-1.864897E+2
4.806010E+2	7.998921E+1	1.336824E+2	1.000673E+1	5.369318E+1	9.788694E+1	-4.688300E-3	8.740818E-4	1.280554E-3	-1.871897E+2
4.817210E+2	7.993652E+1	1.334344E+2	1.000697E+1	5.349784E+1	9.776914E+1	-4.695397E-3	8.740818E-4	2.070500E-3	-1.874731E+2
4.828390E+2	7.998946E+1	1.331032E+2	1.000686E+1	5.311371E+1	9.769403E+1	-4.707202E-3	8.740818E-4	1.616645E-3	-1.879445E+2
4.839560E+2	7.998942E+1	1.331133E+2	1.000680E+1	5.312391E+1	9.769739E+1	-4.722018E-3	8.738396E-4	1.607704E-3	-1.885360E+2
4.850770E+2	7.998917E+1	1.325342E+2	1.000568E+1	5.254501E+1	9.750417E+1	-4.727371E-3	8.738396E-4	1.602294E-3	-1.887497E+2
4.861930E+2	7.998961E+1	1.325436E+2	1.000693E+1	5.255395E+1	9.750759E+1	-4.743556E-3	8.738396E-4	1.569142E-3	-1.893960E+2
4.873110E+2	7.998941E+1	1.322410E+2	1.000573E+1	5.225161E+1	9.740661E+1	-4.758297E-3	8.738396E-4	1.547073E-3	-1.899845E+2
4.884300E+2	7.998931E+1	1.319643E+2	1.000688E+1	5.197497E+1	9.731430E+1	-4.772161E-3	8.740818E-4	1.525169E-3	-1.905381E+2
4.895500E+2	7.998921E+1	1.316708E+2	1.000593E+1	5.168159E+1	9.721641E+1	-4.777116E-3	8.740818E-4	1.518178E-3	-1.907359E+2
4.906740E+2	7.998930E+1	1.313884E+2	1.000707E+1	5.139908E+1	9.712233E+1	-4.790087E-3	8.740818E-4	1.495504E-3	-1.912538E+2
4.917890E+2	7.998936E+1	1.311023E+2	1.000708E+1	5.111290E+1	9.702699E+1	-4.799684E-3	8.740818E-4	1.478735E-3	-1.916370E+2
4.929060E+2	7.998933E+1	1.311025E+2	1.000699E+1	5.111313E+1	9.702704E+1	-4.814340E-3	8.738396E-4	1.454502E-3	-1.922222E+2
4.940240E+2	7.998954E+1	1.308160E+2	1.000710E+1	5.082649E+1	9.693170E+1	-4.826050E-3	8.738396E-4	1.432193E-3	-1.926897E+2
4.951570E+2	7.998856E+1	1.305324E+2	1.000709E+1	5.054380E+1	9.683650E+1	-4.836167E-3	8.740818E-4	1.427608E-3	-1.930936E+2
4.962800E+2	7.998874E+1	1.302406E+2	1.000646E+1	5.025185E+1	9.673936E+1	-4.844173E-3	8.740818E-4	1.411900E-3	-1.934133E+2
4.973990E+2	7.998881E+1	1.299562E+2	1.005918E+1	4.996737E+1	9.664460E+1	-4.854716E-3	8.738396E-4	1.393350E-3	-1.938342E+2
4.985240E+2	7.993658E+1	1.297009E+2	1.005797E+1	4.976429E+1	9.652468E+1	-4.859517E-3	8.987856E-4	2.180991E-3	-1.940259E+2
4.996550E+2	7.998931E+1	1.293856E+2	1.000704E+1	4.939629E+1	9.645474E+1	-4.871189E-3	9.273647E-4	1.731894E-3	-1.944919E+2
5.007810E+2	7.998929E+1	1.290880E+2	1.000590E+1	4.909868E+1	9.635552E+1	-4.895081E-3	9.280912E-4	1.707215E-3	-1.954459E+2
5.019010E+2	7.998916E+1	1.288113E+2	1.000719E+1	4.882213E+1	9.626320E+1	-4.908743E-3	9.280912E-4	1.686051E-3	-1.959914E+2
5.030270E+2	7.998910E+1	1.288036E+2	1.000630E+1	4.881449E+1	9.626059E+1	-4.927978E-3	9.280912E-4	1.654654E-3	-1.967594E+2
5.041490E+2	7.998873E+1	1.285264E+2	1.000704E+1	4.853770E+1	9.616797E+1	-4.941681E-3	9.280912E-4	1.636527E-3	-1.973065E+2
5.052690E+2	7.998872E+1	1.282421E+2	1.000626E+1	4.825339E+1	9.607319E+1	-4.946570E-3	9.280912E-4	1.628445E-3	-1.975017E+2
5.063950E+2	7.998880E+1	1.279470E+2	1.000720E+1	4.795823E+1	9.597488E+1	-4.957073E-3	9.280912E-4	1.609860E-3	-1.979210E+2
5.075190E+2	7.998875E+1	1.279414E+2	1.000678E+1	4.795269E+1	9.597298E+1	-4.973538E-3	9.280912E-4	1.583000E-3	-1.985784E+2
5.086380E+2	7.998955E+1	1.276566E+2	1.000714E+1	4.766708E+1	9.587857E+1	-4.986773E-3	9.280912E-4	1.550558E-3	-1.991069E+2
5.097590E+2	7.998959E+1	1.273564E+2	1.000582E+1	4.736680E+1	9.577853E+1	-4.992507E-3	9.280912E-4	1.540115E-3	-1.993358E+2
5.108840E+2	7.998939E+1	1.270764E+2	1.000687E+1	4.708696E+1	9.568504E+1	-5.003253E-3	9.280912E-4	1.524834E-3	-1.997649E+2
5.120040E+2	7.998978E+1	1.270691E+2	1.000563E+1	4.707936E+1	9.568291E+1	-5.006987E-3	9.280912E-4	1.513126E-3	-1.999140E+2
5.131230E+2	7.998960E+1	1.267832E+2	1.000682E+1	4.679360E+1	9.558747E+1	-5.010256E-3	9.280912E-4	1.510062E-3	-2.000445E+2
5.142440E+2	7.998963E+1	1.264873E+2	1.000570E+1	4.649767E+1	9.548886E+1	-5.021736E-3	9.280912E-4	1.490443E-3	-2.005029E+2
5.153680E+2	7.998955E+1	1.262072E+2	1.000716E+1	4.621763E+1	9.539543E+1	-5.031286E-3	9.280912E-4	1.475802E-3	-2.008841E+2
5.164880E+2	7.998935E+1	1.259164E+2	1.000593E+1	4.592705E+1	9.529836E+1	-5.036950E-3	9.280912E-4	1.468927E-3	-2.011103E+2
5.176080E+2	7.998982E+1	1.256272E+2	1.000719E+1	4.563736E+1	9.520227E+1	-5.047077E-3	9.280912E-4	1.445515E-3	-2.015146E+2
5.187330E+2	7.998884E+1	1.253307E+2	1.000602E+1	4.534181E+1	9.510278E+1	-5.058636E-3	9.280912E-4	1.439102E-3	-2.019762E+2
5.198580E+2	7.998877E+1	1.250522E+2	1.000716E+1	4.506342E+1	9.500991E+1	-5.076906E-3	9.280912E-4	1.409663E-3	-2.027056E+2
5.209810E+2	7.998891E+1	1.247582E+2	1.000590E+1	4.476932E+1	9.491202E+1	-5.087007E-3	9.280912E-4	1.390848E-3	-2.031089E+2
5.220990E+2	7.998897E+1	1.247678E+2	1.000720E+1	4.477887E+1	9.491526E+1	-5.106701E-3	9.280912E-4	1.356937E-3	-2.038952E+2
5.232170E+2	7.993639E+1	1.245039E+2	1.000594E+1	4.456755E+1	9.479224E+1	-5.112394E-3	9.280912E-4	2.147794E-3	-2.041226E+2
5.243510E+2	7.993663E+1	1.242251E+2	1.000691E+1	4.428848E+1	9.469946E+1	-5.128996E-3	9.280912E-4	2.499444E-3	-2.047854E+2
5.254750E+2	7.998962E+1	1.239029E+2	1.000718E+1	4.391328E+1	9.462738E+1	-5.141642E-3	9.280912E-4	2.120652E-3	-2.052903E+2
5.266000E+2	7.998965E+1	1.236198E+2	1.000721E+1	4.363015E+1	9.453304E+1	-5.152423E-3	9.280912E-4	2.119056E-3	-2.057208E+2
5.277270E+2	8.004218E+1	1.232962E+2	1.000720E+1	4.325406E+1	9.446020E+1	-5.165840E-3	9.280912E-4	1.406307E-3	-2.062565E+2
5.288540E+2	7.998878E+1	1.233360E+2	1.000603E+1	4.334717E+1	9.443784E+1	-5.179119E-3	9.280912E-4	2.085900E-3	-2.067867E+2
5.299810E+2	7.998952E+1	1.230454E+2	1.000722E+1	4.305585E+1	9.434147E+1	-5.192335E-3	9.280912E-4	2.054050E-3	-2.073144E+2
5.311080E+2	7.998953E+1	1.227442E+2	1.000572E+1	4.275464E+1	9.424108E+1	-5.201474E-3	9.280912E-4	2.038308E-3	-2.076793E+2
5.322350E+2	7.998931E+1	1.224698E+2	1.000694E+1	4.248052E+1	9.414948E+1	-5.210453E-3	9.280912E-4	2.026185E-3	-2.080378E+2
5.333570E+2	7.998930E+1	1.224593E+2	1.000570E+1	4.247003E+1	9.414598E+1	-5.227907E-3	9.280912E-4	1.996826E-3	-2.087346E+2
5.344820E+2	7.998923E+1	1.221738E+2	1.000717E+1	4.218458E+1	9.405075E+1	-5.239520E-3	9.280912E-4	1.978389E-3	-2.091983E+2
5.356060E+2	7.998943E+1	1.218774E+2	1.000595E+1	4.188797E+1	9.395208E+1	-5.242957E-3	9.280912E-4	1.970028E-3	-2.093356E+2
5.367400E+2	7.998862E+1	1.216038E+2	1.000723E+1	4.161519E+1	9.386036E+1	-5.253284E-3	9.280912E-4	1.963270E-3	-2.097479E+2
5.378630E+2	7.998940E+1	1.213203E+2	1.000714E+1	4.133093E+1	9.376638E+1	-5.267473E-3	9.280912E-4	1.929290E-3	-2.103144E+2
5.389830E+2	7.998922E+1	1.213204E+2	1.000718E+1	4.133114E+1	9.376627E+1	-5.274643E-3	9.280912E-4	1.919693E-3	-2.106007E+2
5.401100E+2	7.998923E+1	1.210286E+2	1.000689E+1	4.103940E+1	9.366903E+1	-5.285451E-3	9.280912E-4	1.901501E-3	-2.110322E+2
5.412330E+2	7.998941E+1	1.207402E+2	1.000688E+1	4.075078E+1	9.357301E+1	-5.300966E-3	9.280912E-4	1.873122E-3	-2.116517E+2
5.423510E+2	7.998941E+1	1.204521E+2	1.000682E+1	4.046271E+1	9.347698E+1	-5.308817E-3	9.280912E-4	1.859979E-3	-2.119652E+2
5.434710E+2	7.998957E+1	1.201684E+2	1.000683E+1	4.017884E+1	9.338252E+1	-5.321960E-3	9.280912E-4	1.835873E-3	-2.124899E+2
5.445890E+2	7.998954E+1	1.201580E+2	1.000688E+1	4.016845E+1	9.337902E+1	-5.342174E-3	9.280912E-4	1.802436E-3	-2.132970E+2
5.457050E+2	7.998931E+1	1.198778E+2	1.000699E+1	3.988850E+1	9.328548E+1	-5.351075E-3	9.280912E-4	1.790544E-3	-2.136524E+2
5.468230E+2	7.998944E+1	1.195833E+2	1.000566E+1	3.959388E+1	9.318740E+1	-5.354576E-3	9.280912E-4	1.783221E-3	-2.137922E+2
5.479400E+2	7.998962E+1	1.193070E+2	1.000685E+1	3.931737E+1	9.309541E+1	-5.367937E-3	9.280912E-4	1.758307E-3	-2.143256E+2
5.490560E+2	7.998962E+1	1.193083E+2	1.000530E+1	3.931868E+1	9.309584E+1	-5.384518E-3	9.280912E-4	1.730551E-3	-2.149876E+2
5.501760E+2	7.998956E+1	1.190261E+2	1.000712E+1	3.903659E+1	9.300175E+1	-5.396397E-3	9.280912E-4	1.711225E-3	-2.154619E+2
5.512960E+2	7.998942E+1	1.187244E+2	1.000610E+1	3.873501E+1	9.290109E+1	-5.408285E-3	9.280912E-4	1.693131E-3	-2.159366E+2
5.524210E+2	7.998944E+1	1.184314E+2	1.000710E+1	3.844193E+1	9.280342E+1	-5.412885E-3	9.280912E-4	1.685372E-3	-2.161202E+2
5.535420E+2	7.998887E+1	1.181390E+2	1.000642E+1	3.815015E+1	9.270558E+1	-5.421135E-3	9.280912E-4	1.679082E-3	-2.164496E+2
5.546590E+2	7.998938E+1	1.181395E+2	1.000715E+1	3.815010E+1	9.270608E+1	-5.439104E-3	9.280912E-4	1.642283E-3	-2.171671E+2
5.557780E+2	7.998878E+1	1.178554E+2	1.000723E+1	3.786658E+1	9.261097E+1	-5.449409E-3	9.280912E-4	1.632955E-3	-2.175785E+2
5.568990E+2	7.998871E+1	1.175608E+2	1.000708E+1	3.757207E+1	9.251273E+1	-5.454936E-3	9.280912E-4	1.624604E-3	-2.177992E+2
5.580230E+2	7.998862E+1	1.172779E+2	1.000714E+1	3.728924E+1	9.241836E+1	-5.467972E-3	9.280912E-4	1.603986E-3	-2.183197E+2
5.591420E+2	7.998935E+1	1.172776E+2	1.000720E+1	3.728827E+1	9.241877E+1	-5.481595E-3	9.278490E-4	1.571555E-3	-2.188636E+2
5.602660E+2	7.998887E+1	1.169910E+2	1.000722E+1	3.700216E+1	9.232292E+1	-5.485984E-3	9.278490E-4	1.570526E-3	-2.190389E+2
5.613850E+2	7.998933E+1	1.166977E+2	1.000704E+1	3.670835E+1	9.222545E+1	-5.498146E-3	9.280912E-4	1.544049E-3	-2.195245E+2
5.625020E+2	7.993644E+1	1.164453E+2	1.000711E+1	3.650882E+1	9.210605E+1	-5.510057E-3	9.280912E-4	2.328687E-3	-2.200000E+2
5.636200E+2	7.998898E+1	1.161154E+2	1.000583E+1	3.612643E+1	9.203112E+1	-5.527038E-3	9.280912E-4	1.873862E-3	-2.206781E+2
5.647370E+2	7.998912E+1	1.161267E+2	1.000696E+1	3.613755E+1	9.203497E+1	-5.545179E-3	9.280912E-4	1.857817E-3	-2.214023E+2
5.658540E+2	7.998925E+1	1.158309E+2	1.000598E+1	3.584165E+1	9.193647E+1	-5.552894E-3	9.280912E-4	1.843440E-3	-2.217104E+2
5.669740E+2	7.998959E+1	1.155538E+2	1.005896E+1	3.556425E+1	9.184434E+1	-5.565634E-3	9.278490E-4	1.817701E-3	-2.222191E+2
5.680960E+2	7.998946E+1	1.152519E+2	1.000587E+1	3.526246E+1	9.174362E+1	-5.570951E-3	9.525529E-4	1.810163E-3	-2.224314E+2
5.692210E+2	7.998917E+1	1.152626E+2	1.000718E+1	3.527346E+1	9.174699E+1	-5.593148E-3	9.532795E-4	1.776815E-3	-2.233176E+2
5.703590E+2	7.998869E+1	1.149652E+2	1.000714E+1	3.497654E+1	9.164754E+1	-5.602873E-3	9.532795E-4	1.766853E-3	-2.237059E+2
5.714810E+2	7.998895E+1	1.146901E+2	1.000723E+1	3.470117E+1	9.155601E+1	-5.609997E-3	9.532795E-4	1.751761E-3	-2.239903E+2
5.726010E+2	7.998883E+1	1.144035E+2	1.000719E+1	3.441470E+1	9.146040E+1	-5.618647E-3	9.532795E-4	1.738401E-3	-2.243357E+2
5.737440E+2	7.998927E+1	1.144094E+2	1.000588E+1	3.442011E+1	9.146264E+1	-5.639843E-3	9.532795E-4	1.697445E-3	-2.251820E+2
5.748640E+2	7.998948E+1	1.141213E+2	1.000694E+1	3.413180E+1	9.136674E+1	-5.643881E-3	9.532795E-4	1.687637E-3	-2.253432E+2
5.759840E+2	7.998933E+1	1.138321E+2	1.000582E+1	3.384281E+1	9.127027E+1	-5.657823E-3	9.532795E-4	1.666445E-3	-2.258999E+2
5.771010E+2	7.998924E+1	1.135424E+2	1.000683E+1	3.355321E+1	9.117364E+1	-5.671153E-3	9.532795E-4	1.645092E-3	-2.264321E+2
5.782370E+2	7.998870E+1	1.135286E+2	1.000599E+1	3.353986E+1	9.116865E+1	-5.681495E-3	9.532795E-4	1.634899E-3	-2.268451E+2
5.793560E+2	7.998878E+1	1.132547E+2	1.000710E+1	3.326588E+1	9.107741E+1	-5.692850E-3	9.532795E-4	1.615030E-3	-2.272984E+2
5.804750E+2	7.998891E+1	1.129611E+2	1.000621E+1	3.297221E+1	9.097965E+1	-5.701411E-3	9.532795E-4	1.598752E-3	-2.276402E+2
5.815950E+2	7.998878E+1	1.129628E+2	1.000720E+1	3.297398E+1	9.098010E+1	-5.717396E-3	9.532795E-4	1.574041E-3	-2.282785E+2
5.827160E+2	7.998863E+1	1.126794E+2	1.000598E+1	3.269080E+1	9.088557E+1	-5.726593E-3	9.532795E-4	1.560309E-3	-2.286457E+2
5.838400E+2	7.993630E+1	1.124283E+2	1.000710E+1	3.249201E+1	9.076697E+1	-5.732173E-3	9.532795E-4	2.348434E-3	-2.288685E+2
5.849570E+2	7.993678E+1	1.121452E+2	1.000645E+1	3.220847E+1	9.067293E+1	-5.745327E-3	9.532795E-4	2.690760E-3	-2.293937E+2
5.860780E+2	7.998949E+1	1.121103E+2	1.000721E+1	3.212079E+1	9.069642E+1	-5.765883E-3	9.532795E-4	2.295044E-3	-2.302144E+2
5.871960E+2	8.004240E+1	1.117828E+2	1.000729E+1	3.174044E+1	9.062255E+1	-5.776121E-3	9.532795E-4	1.599697E-3	-2.306232E+2
5.883110E+2	8.004277E+1	1.117729E+2	1.000729E+1	3.173010E+1	9.061947E+1	-5.788285E-3	9.532795E-4	1.574280E-3	-2.311089E+2
5.894440E+2	8.004263E+1	1.114956E+2	1.000585E+1	3.145294E+1	9.052695E+1	-5.803847E-3	9.532795E-4	1.550277E-3	-2.317302E+2
5.905660E+2	8.004261E+1	1.112080E+2	1.000704E+1	3.116534E+1	9.043106E+1	-5.814446E-3	9.532795E-4	1.532592E-3	-2.321534E+2
5.916850E+2	8.004269E+1	1.112082E+2	1.000650E+1	3.116554E+1	9.043121E+1	-5.821264E-3	9.532795E-4	1.520319E-3	-2.324256E+2
5.928090E+2	8.004256E+1	1.109215E+2	1.000714E+1	3.087898E+1	9.033556E+1	-5.830121E-3	9.532795E-4	1.506955E-3	-2.327792E+2
5.939310E+2	8.004195E+1	1.106323E+2	1.000664E+1	3.059034E+1	9.023873E+1	-5.836249E-3	9.532795E-4	1.504962E-3	-2.330239E+2
5.950560E+2	8.004214E+1	1.104200E+2	1.000717E+1	3.037789E+1	9.016811E+1	-5.852735E-3	9.532795E-4	1.474858E-3	-2.336821E+2
5.961790E+2	8.004192E+1	1.103489E+2	1.000710E+1	3.030694E+1	9.014424E+1	-5.866762E-3	9.532795E-4	1.454041E-3	-2.342422E+2
5.972980E+2	8.004172E+1	1.100643E+2	1.000732E+1	3.002261E+1	9.004926E+1	-5.875587E-3	9.532795E-4	1.442219E-3	-2.345945E+2
5.984120E+2	7.998876E+1	1.100999E+2	1.000732E+1	3.011112E+1	9.002580E+1	-5.892021E-3	9.532795E-4	2.110471E-3	-2.352507E+2
5.995290E+2	7.998881E+1	1.098153E+2	1.000665E+1	2.982647E+1	8.993096E+1	-5.901097E-3	9.532795E-4	2.094677E-3	-2.356131E+2
6.006490E+2	7.998843E+1	1.095147E+2	1.000733E+1	2.952622E+1	8.983051E+1	-5.902131E-3	9.532795E-4	2.097859E-3	-2.356544E+2
6.017730E+2	7.998929E+1	1.095073E+2	1.000661E+1	2.951805E+1	8.982864E+1	-5.921002E-3	9.532795E-4	2.054797E-3	-2.364078E+2
6.028950E+2	7.998930E+1	1.092232E+2	1.000705E+1	2.923390E+1	8.973394E+1	-5.931845E-3	9.532795E-4	2.036445E-3	-2.368408E+2
6.040240E+2	7.998943E+1	1.089318E+2	1.000711E+1	2.894238E+1	8.963689E+1	-5.939930E-3	9.532795E-4	2.021206E-3	-2.371636E+2
6.051630E+2	7.998956E+1	1.089250E+2	1.000616E+1	2.893541E+1	8.963470E+1	-5.952228E-3	9.532795E-4	1.998915E-3	-2.376546E+2
6.062810E+2	7.998934E+1	1.086435E+2	1.000733E+1	2.865419E+1	8.954074E+1	-5.964751E-3	9.532795E-4	1.980859E-3	-2.381546E+2
6.074000E+2	7.998872E+1	1.083506E+2	1.000626E+1	2.836185E+1	8.944267E+1	-5.972273E-3	9.532795E-4	1.976490E-3	-2.384549E+2
6.085260E+2	7.998887E+1	1.080658E+2	1.000730E+1	2.807690E+1	8.934784E+1	-5.986119E-3	9.532795E-4	1.951306E-3	-2.390078E+2
6.096490E+2	7.998877E+1	1.080670E+2	1.000637E+1	2.807821E+1	8.934817E+1	-5.999415E-3	9.532795E-4	1.930353E-3	-2.395386E+2
6.107680E+2	7.998864E+1	1.077787E+2	1.000739E+1	2.779005E+1	8.925199E+1	-6.004603E-3	9.532795E-4	1.923615E-3	-2.397458E+2
6.119420E+2	7.998865E+1	1.074949E+2	1.000730E+1	2.750621E+1	8.915738E+1	-6.012564E-3	9.532795E-4	1.909946E-3	-2.400637E+2
6.130630E+2	7.998878E+1	1.071937E+2	1.000623E+1	2.720490E+1	8.905708E+1	-6.024031E-3	9.532795E-4	1.888946E-3	-2.405215E+2
6.141820E+2	7.998870E+1	1.072026E+2	1.000729E+1	2.721385E+1	8.905998E+1	-6.036983E-3	9.532795E-4	1.868367E-3	-2.410386E+2
6.153160E+2	7.998940E+1	1.069095E+2	1.000700E+1	2.692012E+1	8.896277E+1	-6.050566E-3	9.532795E-4	1.836504E-3	-2.415810E+2
6.164350E+2	7.998953E+1	1.066251E+2	1.000707E+1	2.663552E+1	8.886804E+1	-6.055533E-3	9.532795E-4	1.826142E-3	-2.417793E+2
6.175630E+2	7.998942E+1	1.066253E+2	1.000714E+1	2.663589E+1	8.886805E+1	-6.080915E-3	9.532795E-4	1.785400E-3	-2.427927E+2
6.186870E+2	7.998940E+1	1.063384E+2	1.000698E+1	2.634903E+1	8.877241E+1	-6.080659E-3	9.532795E-4	1.785787E-3	-2.427825E+2
6.198170E+2	7.998870E+1	1.060478E+2	1.000726E+1	2.605909E+1	8.867506E+1	-6.092796E-3	9.532795E-4	1.774695E-3	-2.432671E+2
6.209410E+2	7.998889E+1	1.060496E+2	1.000622E+1	2.606074E+1	8.867581E+1	-6.105289E-3	9.532795E-4	1.751518E-3	-2.437659E+2
6.220620E+2	7.998933E+1	1.057642E+2	1.000729E+1	2.577491E+1	8.858096E+1	-6.120479E-3	9.532795E-4	1.720133E-3	-2.443723E+2
6.231910E+2	7.998957E+1	1.054697E+2	1.000584E+1	2.548017E+1	8.848296E+1	-6.125662E-3	9.532795E-4	1.708248E-3	-2.445793E+2
6.243170E+2	7.998948E+1	1.051961E+2	1.000707E+1	2.520665E+1	8.839170E+1	-6.138136E-3	9.532795E-4	1.688569E-3	-2.450774E+2
6.254380E+2	7.998923E+1	1.051889E+2	1.000582E+1	2.519969E+1	8.838913E+1	-6.153025E-3	9.532795E-4	1.667095E-3	-2.456718E+2
6.265560E+2	7.998952E+1	1.049092E+2	1.000719E+1	2.491972E+1	8.829610E+1	-6.161878E-3	9.532795E-4	1.648224E-3	-2.460253E+2
6.276770E+2	7.998907E+1	1.046110E+2	1.000626E+1	2.462190E+1	8.819637E+1	-6.168481E-3	9.532795E-4	1.643329E-3	-2.462889E+2
6.288010E+2	7.998917E+1	1.046196E+2	1.000729E+1	2.463043E+1	8.819932E+1	-6.184192E-3	9.532795E-4	1.615726E-3	-2.469162E+2
6.299200E+2	7.998922E+1	1.043293E+2	1.000620E+1	2.434011E+1	8.810259E+1	-6.193671E-3	9.532795E-4	1.599014E-3	-2.472947E+2
6.310370E+2	7.993654E+1	1.040765E+2	1.000729E+1	2.413998E+1	8.798320E+1	-6.198244E-3	9.532795E-4	2.393077E-3	-2.474773E+2
6.321580E+2	7.998873E+1	1.037490E+2	1.000631E+1	2.376024E+1	8.790881E+1	-6.224331E-3	9.532795E-4	1.931204E-3	-2.485189E+2
6.332780E+2	7.998862E+1	1.037485E+2	1.000703E+1	2.375985E+1	8.790858E+1	-6.241905E-3	9.532795E-4	1.916996E-3	-2.492205E+2
6.344120E+2	7.998903E+1	1.034557E+2	1.000622E+1	2.346663E+1	8.781124E+1	-6.250123E-3	9.532795E-4	1.897681E-3	-2.495487E+2
6.355330E+2	7.998936E+1	1.034648E+2	1.000728E+1	2.347545E+1	8.781451E+1	-6.264281E-3	9.532795E-4	1.869570E-3	-2.501139E+2
6.366490E+2	7.998924E+1	1.031776E+2	1.000631E+1	2.318832E+1	8.771868E+1	-6.274894E-3	9.532795E-4	1.853650E-3	-2.505377E+2
6.377680E+2	7.998923E+1	1.028939E+2	1.000723E+1	2.290463E+1	8.762411E+1	-6.283414E-3	9.532795E-4	1.839488E-3	-2.508779E+2
6.388980E+2	7.998939E+1	1.028859E+2	1.000585E+1	2.289651E+1	8.762156E+1	-6.298281E-3	9.532795E-4	1.812353E-3	-2.514715E+2
6.400210E+2	7.998929E+1	1.026026E+2	1.000716E+1	2.261327E+1	8.752704E+1	-6.309843E-3	9.532795E-4	1.794545E-3	-2.519331E+2
6.411420E+2	7.998939E+1	1.025936E+2	1.000600E+1	2.260425E+1	8.752414E+1	-6.323074E-3	9.532795E-4	1.770849E-3	-2.524614E+2
6.422700E+2	7.998941E+1	1.023129E+2	1.000729E+1	2.232350E+1	8.743058E+1	-6.333331E-3	9.532795E-4	1.753380E-3	-2.528709E+2
6.433950E+2	7.998885E+1	1.020168E+2	1.000737E+1	2.202794E+1	8.733149E+1	-6.335633E-3	9.532795E-4	1.757187E-3	-2.529628E+2
6.445180E+2	7.998903E+1	1.020258E+2	1.000738E+1	2.203680E+1	8.733463E+1	-6.359224E-3	9.532795E-4	1.715048E-3	-2.539047E+2
6.456370E+2	7.998851E+1	1.017356E+2	1.000639E+1	2.174710E+1	8.723754E+1	-6.362704E-3	9.532795E-4	1.715800E-3	-2.540437E+2
6.467560E+2	7.998874E+1	1.014545E+2	1.000738E+1	2.146578E+1	8.714400E+1	-6.372441E-3	9.532795E-4	1.696492E-3	-2.544324E+2
6.478750E+2	7.993636E+1	1.014873E+2	1.000631E+1	2.155098E+1	8.712002E+1	-6.384288E-3	9.532795E-4	2.474455E-3	-2.549055E+2
6.489910E+2	7.998882E+1	1.011685E+2	1.000736E+1	2.117971E+1	8.704872E+1	-6.395764E-3	9.532795E-4	2.028116E-3	-2.553637E+2
6.501080E+2	7.998877E+1	1.011692E+2	1.000724E+1	2.118047E+1	8.704893E+1	-6.408237E-3	9.532795E-4	2.022470E-3	-2.558617E+2
6.512250E+2	7.998937E+1	1.008815E+2	1.000730E+1	2.089211E+1	8.695341E+1	-6.422836E-3	9.532795E-4	1.989868E-3	-2.564446E+2
6.523510E+2	7.998940E+1	1.006021E+2	1.000635E+1	2.061270E+1	8.686030E+1	-6.428085E-3	9.532795E-4	1.980922E-3	-2.566541E+2
6.534760E+2	7.998961E+1	1.006016E+2	1.000710E+1	2.061203E+1	8.686029E+1	-6.442030E-3	9.532795E-4	1.954870E-3	-2.572109E+2
6.545940E+2	7.998928E+1	1.002992E+2	1.000707E+1	2.030995E+1	8.675926E+1	-6.451020E-3	9.532795E-4	1.943891E-3	-2.575699E+2
6.557150E+2	7.998936E+1	1.002979E+2	1.000706E+1	2.030856E+1	8.675889E+1	-6.467336E-3	9.532795E-4	1.915717E-3	-2.582213E+2
6.568390E+2	7.998956E+1	1.000089E+2	1.000738E+1	2.001935E+1	8.666267E+1	-6.476885E-3	9.532795E-4	1.897225E-3	-2.586026E+2
6.579550E+2	7.998943E+1	9.971066E+1	1.000706E+1	1.972124E+1	8.656317E+1	-6.484576E-3	9.532795E-4	1.885813E-3	-2.589097E+2
6.590710E+2	7.998964E+1	9.971774E+1	1.000705E+1	1.972810E+1	8.656567E+1	-6.496239E-3	9.532795E-4	1.863725E-3	-2.593753E+2
6.602110E+2	7.998891E+1	9.943040E+1	1.000726E+1	1.944149E+1	8.646941E+1	-6.511737E-3	9.532795E-4	1.847307E-3	-2.599941E+2
6.613260E+2	7.998864E+1	9.943089E+1	1.000731E+1	1.944225E+1	8.646939E+1	-6.519508E-3	9.532795E-4	1.837666E-3	-2.603044E+2
6.624430E+2	7.998877E+1	9.913039E+1	1.000725E+1	1.914162E+1	8.636931E+1	-6.530580E-3	9.532795E-4	1.817670E-3	-2.607465E+2
6.635660E+2	7.998875E+1	9.885485E+1	1.000747E+1	1.886609E+1	8.627745E+1	-6.539379E-3	9.532795E-4	1.803141E-3	-2.610978E+2
6.646920E+2	7.998927E+1	9.885411E+1	1.000740E+1	1.886484E+1	8.627755E+1	-6.554947E-3	9.532795E-4	1.770019E-3	-2.617194E+2
6.658180E+2	7.998939E+1	9.856634E+1	1.000624E+1	1.857696E+1	8.618171E+1	-6.565406E-3	9.532795E-4	1.750766E-3	-2.621369E+2
6.669410E+2	7.998935E+1	9.828223E+1	1.000703E+1	1.829288E+1	8.608698E+1	-6.569761E-3	9.532795E-4	1.744218E-3	-2.623109E+2
6.680610E+2	7.998933E+1	9.828334E+1	1.000601E+1	1.829400E+1	8.608734E+1	-6.588388E-3	9.532795E-4	1.712995E-3	-2.630546E+2
6.691900E+2	7.998985E+1	9.799051E+1	1.000729E+1	1.800067E+1	8.599007E+1	-6.594454E-3	9.532795E-4	1.696365E-3	-2.632967E+2
6.703170E+2	7.998888E+1	9.769423E+1	1.000627E+1	1.770535E+1	8.589066E+1	-6.606923E-3	9.532795E-4	1.687984E-3	-2.637946E+2
6.714400E+2	7.998888E+1	9.770170E+1	1.000732E+1	1.771281E+1	8.589315E+1	-6.619772E-3	9.532795E-4	1.666374E-3	-2.643077E+2
6.725730E+2	7.993658E+1	9.744320E+1	1.000727E+1	1.750662E+1	8.577212E+1	-6.625636E-3	9.532795E-4	2.453587E-3	-2.645418E+2
6.736960E+2	7.993671E+1	9.745116E+1	1.000711E+1	1.751444E+1	8.577486E+1	-6.649017E-3	9.532795E-4	2.779984E-3	-2.654753E+2
6.748180E+2	7.998958E+1	9.712361E+1	1.000708E+1	1.713403E+1	8.570092E+1	-6.662918E-3	9.532795E-4	2.394683E-3	-2.660303E+2
6.759380E+2	8.004254E+1	9.709697E+1	1.000715E+1	1.705443E+1	8.572735E+1	-6.681979E-3	9.532795E-4	1.684349E-3	-2.667914E+2
6.770740E+2	8.004260E+1	9.680542E+1	1.000735E+1	1.676281E+1	8.563021E+1	-6.684912E-3	9.532795E-4	1.678638E-3	-2.669085E+2
6.781960E+2	8.004248E+1	9.680357E+1	1.000730E+1	1.676109E+1	8.562951E+1	-6.695830E-3	9.532795E-4	1.661965E-3	-2.673444E+2
6.793160E+2	8.004205E+1	9.652017E+1	1.000734E+1	1.647813E+1	8.553475E+1	-6.702561E-3	9.532795E-4	1.656413E-3	-2.676132E+2
6.804380E+2	8.004205E+1	9.623440E+1	1.000728E+1	1.619235E+1	8.543950E+1	-6.715942E-3	9.532795E-4	1.633914E-3	-2.681474E+2
6.815590E+2	8.004219E+1	9.623440E+1	1.000731E+1	1.619221E+1	8.543960E+1	-6.734536E-3	9.532795E-4	1.601225E-3	-2.688898E+2
6.826840E+2	8.004204E+1	9.595385E+1	1.000747E+1	1.591181E+1	8.534597E+1	-6.740362E-3	9.532795E-4	1.593477E-3	-2.691224E+2
6.838060E+2	7.998940E+1	9.598851E+1	1.000741E+1	1.599911E+1	8.532244E+1	-6.753321E-3	9.532795E-4	2.263093E-3	-2.696399E+2
6.849440E+2	7.998971E+1	9.568967E+1	1.000594E+1	1.569996E+1	8.522303E+1	-6.755993E-3	9.532795E-4	2.254610E-3	-2.697465E+2
6.860660E+2	7.998933E+1	9.569546E+1	1.000735E+1	1.570613E+1	8.522471E+1	-6.770289E-3	9.532795E-4	2.235834E-3	-2.703173E+2
6.871910E+2	7.998933E+1	9.539878E+1	1.000684E+1	1.540945E+1	8.512582E+1	-6.779514E-3	9.532795E-4	2.220392E-3	-2.706856E+2
6.883170E+2	7.998887E+1	9.511481E+1	1.000742E+1	1.512594E+1	8.503085E+1	-6.786623E-3	9.532795E-4	2.214367E-3	-2.709695E+2
6.894430E+2	7.998878E+1	9.510898E+1	1.000731E+1	1.512020E+1	8.502884E+1	-6.804461E-3	9.532795E-4	2.185951E-3	-2.716817E+2
6.905690E+2	7.998933E+1	9.483094E+1	1.000723E+1	1.484162E+1	8.493653E+1	-6.816593E-3	9.532795E-4	2.158181E-3	-2.721661E+2
6.916920E+2	7.998930E+1	9.482556E+1	1.000709E+1	1.483626E+1	8.493472E+1	-6.826132E-3	9.532795E-4	2.142514E-3	-2.725470E+2
6.928090E+2	7.998970E+1	9.453987E+1	1.000707E+1	1.455017E+1	8.483976E+1	-6.831025E-3	9.532795E-4	2.129350E-3	-2.727423E+2
6.939280E+2	7.998956E+1	9.424755E+1	1.000636E+1	1.425800E+1	8.474222E+1	-6.843728E-3	9.532795E-4	2.109749E-3	-2.732495E+2
6.950460E+2	7.998970E+1	9.425367E+1	1.000708E+1	1.426397E+1	8.474436E+1	-6.861330E-3	9.532795E-4	2.078620E-3	-2.739523E+2
6.961620E+2	7.998958E+1	9.396398E+1	1.000600E+1	1.397440E+1	8.464771E+1	-6.870371E-3	9.532795E-4	2.064848E-3	-2.743133E+2
6.972820E+2	7.998972E+1	9.396667E+1	1.000717E+1	1.397695E+1	8.464870E+1	-6.883260E-3	9.532795E-4	2.041466E-3	-2.748279E+2
6.984020E+2	7.998953E+1	9.368035E+1	1.000556E+1	1.369082E+1	8.455314E+1	-6.891268E-3	9.532795E-4	2.030711E-3	-2.751476E+2
6.995230E+2	7.998944E+1	9.339225E+1	1.000713E+1	1.340281E+1	8.445704E+1	-6.896950E-3	9.532795E-4	2.021917E-3	-2.753745E+2
7.006420E+2	7.998945E+1	9.339254E+1	1.000631E+1	1.340309E+1	8.445715E+1	-6.913634E-3	9.532795E-4	1.993890E-3	-2.760406E+2
7.017670E+2	7.998958E+1	9.310500E+1	1.000734E+1	1.311542E+1	8.436139E+1	-6.927146E-3	9.532795E-4	1.969566E-3	-2.765801E+2
7.028930E+2	7.998904E+1	9.310083E+1	1.000635E+1	1.311179E+1	8.435964E+1	-6.935485E-3	9.532795E-4	1.962867E-3	-2.769131E+2
7.040160E+2	7.998898E+1	9.281713E+1	1.000731E+1	1.282815E+1	8.426503E+1	-6.939373E-3	9.532795E-4	1.957160E-3	-2.770684E+2
7.051340E+2	7.998901E+1	9.253370E+1	1.000626E+1	1.254469E+1	8.417058E+1	-6.954374E-3	9.532795E-4	1.931648E-3	-2.776673E+2
7.062490E+2	7.998950E+1	9.253355E+1	1.000737E+1	1.254405E+1	8.417085E+1	-6.968699E-3	9.532795E-4	1.901252E-3	-2.782392E+2
7.073690E+2	7.998914E+1	9.224383E+1	1.000659E+1	1.225470E+1	8.407403E+1	-6.981742E-3	9.532795E-4	1.883988E-3	-2.787600E+2
7.084930E+2	7.998914E+1	9.195859E+1	1.000738E+1	1.196946E+1	8.397896E+1	-6.988167E-3	9.532795E-4	1.873233E-3	-2.790166E+2
7.096080E+2	7.998904E+1	9.195870E+1	1.000740E+1	1.196966E+1	8.397893E+1	-6.998267E-3	9.532795E-4	1.857529E-3	-2.794198E+2
7.107260E+2	7.998895E+1	9.167272E+1	1.000732E+1	1.168377E+1	8.388354E+1	-7.005976E-3	9.532795E-4	1.845828E-3	-2.797276E+2
7.118440E+2	7.998891E+1	9.167396E+1	1.000730E+1	1.168506E+1	8.388393E+1	-7.029996E-3	9.532795E-4	1.806220E-3	-2.806867E+2
7.129820E+2	7.998954E+1	9.139241E+1	1.000713E+1	1.140287E+1	8.379050E+1	-7.031781E-3	9.532795E-4	1.795151E-3	-2.807579E+2
7.141010E+2	7.998959E+1	9.139330E+1	1.000709E+1	1.140371E+1	8.379082E+1	-7.049398E-3	9.532795E-4	1.765060E-3	-2.814613E+2
7.152190E+2	7.998965E+1	9.109598E+1	1.000700E+1	1.110633E+1	8.369176E+1	-7.052539E-3	9.532795E-4	1.758898E-3	-2.815867E+2
7.163370E+2	7.998953E+1	9.080706E+1	1.000727E+1	1.081753E+1	8.359538E+1	-7.063126E-3	9.532795E-4	1.742296E-3	-2.820094E+2
7.174540E+2	7.998978E+1	9.080410E+1	1.000598E+1	1.081432E+1	8.359456E+1	-7.072897E-3	9.532795E-4	1.722873E-3	-2.823996E+2
7.185710E+2	7.998958E+1	9.051413E+1	1.000722E+1	1.052455E+1	8.349776E+1	-7.084953E-3	9.532795E-4	1.705156E-3	-2.828809E+2
7.196910E+2	7.998949E+1	9.022437E+1	1.000603E+1	1.023488E+1	8.340112E+1	-7.095467E-3	9.532795E-4	1.688903E-3	-2.833007E+2
7.208100E+2	7.998949E+1	9.022687E+1	1.000723E+1	1.023737E+1	8.340195E+1	-7.113394E-3	9.532795E-4	1.658893E-3	-2.840165E+2
7.219290E+2	7.998955E+1	8.993272E+1	1.000600E+1	9.943176E+0	8.330394E+1	-7.120277E-3	9.532795E-4	1.646427E-3	-2.842913E+2
7.230490E+2	7.998961E+1	8.993282E+1	1.000734E+1	9.943210E+0	8.330401E+1	-7.138228E-3	9.532795E-4	1.615816E-3	-2.850080E+2
7.241760E+2	7.998904E+1	8.964035E+1	1.000635E+1	9.651308E+0	8.320615E+1	-7.143232E-3	9.532795E-4	1.614861E-3	-2.852078E+2
7.252950E+2	7.998880E+1	8.935339E+1	1.000736E+1	9.364593E+0	8.311033E+1	-7.153347E-3	9.532795E-4	1.601137E-3	-2.856117E+2
7.264150E+2	7.993633E+1	8.938935E+1	1.000645E+1	9.453022E+0	8.308733E+1	-7.160741E-3	9.532795E-4	2.387635E-3	-2.859069E+2
7.275300E+2	7.998940E+1	8.906830E+1	1.000738E+1	9.078909E+0	8.301570E+1	-7.185697E-3	9.532795E-4	1.909963E-3	-2.869033E+2
7.286650E+2	7.998942E+1	8.877280E+1	1.000635E+1	8.783384E+0	8.291721E+1	-7.191752E-3	9.532795E-4	1.915268E-3	-2.871451E+2
7.297860E+2	7.998952E+1	8.877626E+1	1.000747E+1	8.786743E+0	8.291843E+1	-7.211510E-3	9.532795E-4	1.880648E-3	-2.879340E+2
7.309030E+2	7.998931E+1	8.848754E+1	1.000633E+1	8.498230E+0	8.282205E+1	-7.224189E-3	9.532795E-4	1.862131E-3	-2.884402E+2
7.320230E+2	7.998948E+1	8.848715E+1	1.000725E+1	8.497669E+0	8.282204E+1	-7.232687E-3	9.532795E-4	1.845457E-3	-2.887795E+2
7.331430E+2	7.998944E+1	8.819780E+1	1.000627E+1	8.208354E+0	8.272556E+1	-7.243485E-3	9.532795E-4	1.827883E-3	-2.892106E+2
7.342680E+2	7.998946E+1	8.819696E+1	1.000717E+1	8.207497E+0	8.272530E+1	-7.262745E-3	9.532795E-4	1.795583E-3	-2.899796E+2
7.353950E+2	7.998923E+1	8.819118E+1	1.000626E+1	8.201947E+0	8.272322E+1	-7.273157E-3	9.532795E-4	1.780920E-3	-2.903953E+2
7.365170E+2	7.998935E+1	8.791141E+1	1.000737E+1	7.922057E+0	8.263004E+1	-7.282610E-3	9.532795E-4	1.763834E-3	-2.907728E+2
7.376340E+2	7.998953E+1	8.762007E+1	1.000640E+1	7.630534E+0	8.253304E+1	-7.287652E-3	9.532795E-4	1.752987E-3	-2.909741E+2
7.387580E+2	7.998884E+1	8.761763E+1	1.000746E+1	7.628796E+0	8.253177E+1	-7.304340E-3	9.532795E-4	1.733934E-3	-2.916404E+2
7.398830E+2	7.998865E+1	8.732810E+1	1.000644E+1	7.339449E+0	8.243513E+1	-7.312421E-3	9.532795E-4	1.722913E-3	-2.919630E+2
7.410100E+2	7.998934E+1	8.733322E+1	1.000740E+1	7.343882E+0	8.243730E+1	-7.324052E-3	9.532795E-4	1.694320E-3	-2.924274E+2
7.421340E+2	7.998946E+1	8.703957E+1	1.000604E+1	7.050109E+0	8.233950E+1	-7.335598E-3	9.532795E-4	1.673630E-3	-2.928884E+2
7.432580E+2	7.998956E+1	8.704583E+1	1.000720E+1	7.056275E+0	8.234165E+1	-7.350959E-3	9.532795E-4	1.646469E-3	-2.935017E+2
7.443780E+2	7.993661E+1	8.679267E+1	1.000556E+1	6.856060E+0	8.222196E+1	-7.351750E-3	9.532795E-4	2.450581E-3	-2.935333E+2
7.454940E+2	7.998959E+1	8.676189E+1	1.000717E+1	6.772305E+0	8.224702E+1	-7.373505E-3	9.532795E-4	1.982760E-3	-2.944019E+2
7.466130E+2	7.998952E+1	8.647116E+1	1.000619E+1	6.481632E+0	8.215007E+1	-7.388055E-3	9.532795E-4	1.973495E-3	-2.949829E+2
7.477310E+2	7.998942E+1	8.647118E+1	1.000722E+1	6.481763E+0	8.215001E+1	-7.401478E-3	9.532795E-4	1.952187E-3	-2.955188E+2
7.488510E+2	7.998951E+1	8.618107E+1	1.000674E+1	6.191557E+0	8.205336E+1	-7.406439E-3	9.532795E-4	1.942679E-3	-2.957169E+2
7.499710E+2	7.998936E+1	8.618053E+1	1.000707E+1	6.191165E+0	8.205309E+1	-7.421076E-3	9.532795E-4	1.920082E-3	-2.963013E+2
7.510900E+2	7.998930E+1	8.589003E+1	1.000718E+1	5.900723E+0	8.195621E+1	-7.429129E-3	9.532795E-4	1.907404E-3	-2.966228E+2
7.522110E+2	7.998921E+1	8.588796E+1	1.000738E+1	5.898748E+0	8.195546E+1	-7.437890E-3	9.532795E-4	1.893942E-3	-2.969726E+2
7.533360E+2	7.998943E+1	8.560220E+1	1.000723E+1	5.612765E+0	8.186035E+1	-7.447052E-3	9.532795E-4	1.875697E-3	-2.973384E+2
7.544590E+2	7.998875E+1	8.560179E+1	1.000749E+1	5.613035E+0	8.185977E+1	-7.466000E-3	9.532795E-4	1.852903E-3	-2.980950E+2
7.555770E+2	7.998878E+1	8.530975E+1	1.000739E+1	5.320969E+0	8.176243E+1	-7.473361E-3	9.532795E-4	1.840280E-3	-2.983889E+2
7.566950E+2	7.998908E+1	8.530203E+1	1.000742E+1	5.312944E+0	8.176006E+1	-7.486243E-3	9.532795E-4	1.814704E-3	-2.989032E+2
7.578180E+2	7.998895E+1	8.502309E+1	1.000749E+1	5.034138E+0	8.166700E+1	-7.493359E-3	9.532795E-4	1.804497E-3	-2.991873E+2
7.589410E+2	7.998890E+1	8.501461E+1	1.000734E+1	5.025711E+0	8.166414E+1	-7.512018E-3	9.532795E-4	1.773964E-3	-2.999323E+2
7.600620E+2	7.998952E+1	8.473665E+1	1.000738E+1	4.747137E+0	8.157190E+1	-7.516445E-3	9.532795E-4	1.758431E-3	-3.001091E+2
7.612020E+2	7.998936E+1	8.473672E+1	1.000732E+1	4.747354E+0	8.157182E+1	-7.528956E-3	9.532795E-4	1.739494E-3	-3.006086E+2
7.623230E+2	7.998959E+1	8.445461E+1	1.000651E+1	4.465018E+0	8.147793E+1	-7.539826E-3	9.532795E-4	1.718289E-3	-3.010426E+2
7.634410E+2	7.998944E+1	8.445356E+1	1.000741E+1	4.464118E+0	8.147748E+1	-7.557086E-3	9.532795E-4	1.691159E-3	-3.017318E+2
7.645590E+2	7.998932E+1	8.416246E+1	1.000644E+1	4.173144E+0	8.138037E+1	-7.558920E-3	9.532795E-4	1.689694E-3	-3.018050E+2
7.656850E+2	7.998920E+1	8.416004E+1	1.000731E+1	4.170844E+0	8.137948E+1	-7.574057E-3	9.532795E-4	1.665959E-3	-3.024094E+2
7.668080E+2	7.998855E+1	8.387253E+1	1.000642E+1	3.883986E+0	8.128321E+1	-7.581137E-3	9.532795E-4	1.662872E-3	-3.026921E+2
7.679340E+2	7.993619E+1	8.390807E+1	1.000745E+1	3.971878E+0	8.126015E+1	-7.597322E-3	9.532795E-4	2.433220E-3	-3.033383E+2
7.690580E+2	7.993605E+1	8.362202E+1	1.000639E+1	3.685965E+0	8.116471E+1	-7.606517E-3	9.532795E-4	2.790017E-3	-3.037054E+2
