Temps(s)	Pc(MPa)	Pax(MPa)	Ppam(MPa)	Q(MPa)	Pmoy(MPa)	Defaxcapt	Defvolfluide	Defvolconf	Deplct(µm)
1.877000E+0	1.250359E+1	1.314758E+1	9.739285E+0	6.439979E-1	1.271825E+1	9.727731E-6	-3.046136E-5	3.477075E-4	3.891092E-1
2.995000E+0	1.255774E+1	1.315337E+1	9.796885E+0	5.956241E-1	1.275628E+1	1.009292E-5	-7.676263E-5	-7.589103E-5	4.037169E-1
4.110000E+0	1.255779E+1	1.315285E+1	9.796343E+0	5.950622E-1	1.275614E+1	8.706499E-6	-1.230639E-4	6.321322E-4	3.482600E-1
5.233000E+0	1.261097E+1	1.315340E+1	9.848418E+0	5.424311E-1	1.279178E+1	3.944474E-6	-1.920284E-4	6.445336E-4	1.577790E-1
6.349000E+0	1.266479E+1	1.315314E+1	9.900056E+0	4.883432E-1	1.282757E+1	7.895193E-6	-2.631862E-4	7.418722E-4	3.158077E-1
7.468000E+0	1.277225E+1	1.315308E+1	9.953180E+0	3.808256E-1	1.289919E+1	1.647100E-6	-3.238652E-4	-5.699246E-4	6.588402E-2
8.583000E+0	1.277204E+1	1.315354E+1	9.953091E+0	3.815006E-1	1.289920E+1	-1.150390E-6	-3.255710E-4	2.145026E-4	-4.601559E-2
9.698000E+0	1.282527E+1	1.314896E+1	9.953064E+0	3.236935E-1	1.293317E+1	2.501921E-6	-3.255710E-4	1.187896E-4	1.000768E-1
1.081300E+1	1.287880E+1	1.315337E+1	9.953020E+0	2.745613E-1	1.297032E+1	5.771112E-6	-3.258147E-4	6.590308E-5	2.308445E-1
1.192700E+1	1.293249E+1	1.315032E+1	1.000583E+1	2.178261E-1	1.300510E+1	3.341284E-6	-3.255710E-4	-2.041956E-4	1.336514E-1
1.304700E+1	1.304024E+1	1.315285E+1	1.000697E+1	1.126053E-1	1.307778E+1	4.472627E-6	-3.255710E-4	-1.754611E-3	1.789051E-1
1.416200E+1	1.304020E+1	1.315325E+1	1.000697E+1	1.130521E-1	1.307788E+1	1.139530E-6	-3.255710E-4	-1.727083E-3	4.558118E-2
1.527800E+1	1.304032E+1	1.314818E+1	1.000573E+1	1.078633E-1	1.307628E+1	1.430298E-7	-3.255710E-4	-1.729732E-3	5.721192E-3
1.639500E+1	1.304013E+1	1.315336E+1	1.000696E+1	1.132303E-1	1.307788E+1	3.383382E-7	-3.255710E-4	-1.725707E-3	1.353353E-2
1.751200E+1	1.304031E+1	1.314899E+1	1.000570E+1	1.086777E-1	1.307654E+1	3.700391E-6	-3.255710E-4	-1.729527E-3	1.480157E-1
1.862900E+1	1.304030E+1	1.315316E+1	1.000692E+1	1.128584E-1	1.307792E+1	8.693608E-6	-3.255710E-4	-1.729342E-3	3.477443E-1
1.974500E+1	1.304032E+1	1.315334E+1	1.000682E+1	1.130137E-1	1.307799E+1	3.326357E-6	-3.255710E-4	-1.729732E-3	1.330543E-1
2.085800E+1	1.304027E+1	1.315218E+1	1.000582E+1	1.119172E-1	1.307757E+1	-1.437379E-6	-3.255710E-4	-1.728562E-3	-5.749514E-2
2.197500E+1	1.304022E+1	1.315354E+1	1.000696E+1	1.133135E-1	1.307799E+1	-1.675090E-6	-3.255710E-4	-1.727596E-3	-6.700359E-2
2.309500E+1	1.304031E+1	1.297468E+1	1.000580E+1	-6.563032E-2	1.301844E+1	8.984531E-6	-3.258147E-4	-1.729547E-3	3.593812E-1
2.420900E+1	1.304028E+1	1.297862E+1	1.000665E+1	-6.165306E-2	1.301973E+1	7.149732E-6	-3.258147E-4	-1.728787E-3	2.859893E-1
2.532400E+1	1.304030E+1	1.297560E+1	1.000676E+1	-6.469237E-2	1.301873E+1	6.364362E-6	-3.258147E-4	-1.729421E-3	2.545745E-1
2.643800E+1	1.303977E+1	1.297842E+1	1.000547E+1	-6.134711E-2	1.301932E+1	7.630141E-6	-3.255710E-4	-1.718107E-3	3.052057E-1
2.755300E+1	1.304018E+1	1.297828E+1	1.000674E+1	-6.190104E-2	1.301955E+1	1.047876E-5	-3.255710E-4	-1.726693E-3	4.191505E-1
2.867100E+1	1.304032E+1	1.297693E+1	1.000615E+1	-6.339553E-2	1.301919E+1	9.572485E-6	-3.255710E-4	-1.729752E-3	3.828994E-1
2.978800E+1	1.303991E+1	1.297857E+1	1.000671E+1	-6.134548E-2	1.301946E+1	9.920089E-6	-3.255710E-4	-1.720944E-3	3.968036E-1
3.090000E+1	1.303995E+1	1.297414E+1	1.000672E+1	-6.581280E-2	1.301801E+1	4.733054E-6	-3.255710E-4	-1.721724E-3	1.893222E-1
3.201600E+1	1.303982E+1	1.297840E+1	1.000558E+1	-6.142083E-2	1.301934E+1	6.933360E-6	-3.255710E-4	-1.719093E-3	2.773344E-1
3.313200E+1	1.303991E+1	1.297848E+1	1.000666E+1	-6.143194E-2	1.301944E+1	3.019256E-6	-3.255710E-4	-1.721452E-3	1.207702E-1
3.425000E+1	1.303986E+1	1.297776E+1	1.000606E+1	-6.209784E-2	1.301916E+1	7.002554E-6	-3.255710E-4	-1.720058E-3	2.801022E-1
3.536400E+1	1.303993E+1	1.297825E+1	1.000664E+1	-6.168037E-2	1.301937E+1	1.135836E-5	-3.255710E-4	-1.721619E-3	4.543342E-1
3.647800E+1	1.303993E+1	1.297396E+1	1.000666E+1	-6.596815E-2	1.301794E+1	9.021555E-6	-3.255710E-4	-1.721821E-3	3.608622E-1
3.759400E+1	1.303995E+1	1.297960E+1	1.000556E+1	-6.034587E-2	1.301983E+1	7.474718E-6	-3.255710E-4	-1.654953E-3	2.989887E-1
3.870700E+1	1.303998E+1	1.297931E+1	1.000698E+1	-6.066958E-2	1.301976E+1	3.465761E-6	-3.255710E-4	-1.519225E-3	1.386304E-1
3.982300E+1	1.304028E+1	1.297949E+1	1.000604E+1	-6.078961E-2	1.302001E+1	5.614113E-6	-3.255710E-4	-1.319833E-3	2.245645E-1
4.094000E+1	1.303995E+1	1.297943E+1	1.000699E+1	-6.051816E-2	1.301977E+1	8.797931E-6	-3.255710E-4	-1.039328E-3	3.519172E-1
4.205800E+1	1.309395E+1	1.297534E+1	1.000695E+1	-1.186095E-1	1.305442E+1	9.468403E-6	-3.255710E-4	-2.045704E-3	3.787361E-1
4.316700E+1	1.309439E+1	1.297954E+1	1.000583E+1	-1.148445E-1	1.305611E+1	9.296507E-6	-3.255710E-4	-1.964140E-3	3.718603E-1
4.428300E+1	1.309435E+1	1.297963E+1	1.000700E+1	-1.147229E-1	1.305611E+1	9.683441E-6	-3.255710E-4	-1.817677E-3	3.873377E-1
4.539700E+1	1.309431E+1	1.297943E+1	1.000587E+1	-1.148806E-1	1.305602E+1	1.010888E-5	-3.255710E-4	-1.601847E-3	4.043553E-1
4.651200E+1	1.309426E+1	1.297914E+1	1.000682E+1	-1.151225E-1	1.305589E+1	4.972278E-6	-3.258147E-4	-1.315530E-3	1.988911E-1
4.763000E+1	1.314830E+1	1.297509E+1	1.000702E+1	-1.732130E-1	1.309056E+1	7.601118E-6	-3.255710E-4	-2.088099E-3	3.040447E-1
4.874500E+1	1.314844E+1	1.297934E+1	1.000635E+1	-1.690966E-1	1.309207E+1	2.512263E-6	-3.255710E-4	-1.990175E-3	1.004905E-1
4.985800E+1	1.314827E+1	1.297684E+1	1.000692E+1	-1.714302E-1	1.309113E+1	8.888560E-6	-3.255710E-4	-1.829230E-3	3.555424E-1
5.097900E+1	1.314833E+1	1.297701E+1	1.000523E+1	-1.713120E-1	1.309122E+1	3.685611E-6	-3.255710E-4	-1.603000E-3	1.474245E-1
5.209400E+1	1.314825E+1	1.297929E+1	1.000686E+1	-1.689588E-1	1.309193E+1	9.204251E-6	-3.255710E-4	-1.304758E-3	3.681700E-1
5.320700E+1	1.320314E+1	1.297552E+1	1.000687E+1	-2.276225E-1	1.312727E+1	4.065490E-6	-3.255710E-4	-1.892472E-3	1.626196E-1
5.432300E+1	1.320308E+1	1.297923E+1	1.000577E+1	-2.238481E-1	1.312846E+1	1.150681E-5	-3.255710E-4	-1.785690E-3	4.602722E-1
5.544100E+1	1.320313E+1	1.297560E+1	1.000690E+1	-2.275278E-1	1.312729E+1	4.589355E-6	-3.255710E-4	-1.623279E-3	1.835742E-1
5.655600E+1	1.320313E+1	1.297932E+1	1.000699E+1	-2.238161E-1	1.312853E+1	9.592076E-6	-3.255710E-4	-1.390818E-3	3.836830E-1
5.766900E+1	1.320315E+1	1.297961E+1	1.000638E+1	-2.235465E-1	1.312864E+1	9.785132E-6	-3.255710E-4	-1.089747E-3	3.914053E-1
5.878300E+1	1.325587E+1	1.297552E+1	1.000693E+1	-2.803465E-1	1.316242E+1	6.598907E-6	-3.255710E-4	-1.809700E-3	2.639563E-1
5.990000E+1	1.325586E+1	1.297943E+1	1.000573E+1	-2.764258E-1	1.316372E+1	1.069223E-5	-3.255710E-4	-1.685747E-3	4.276893E-1
6.101500E+1	1.325586E+1	1.297538E+1	1.000685E+1	-2.804829E-1	1.316236E+1	1.072075E-5	-3.255710E-4	-1.504217E-3	4.288300E-1
6.212900E+1	1.330904E+1	1.297903E+1	1.005905E+1	-3.300160E-1	1.319904E+1	3.876109E-6	-3.255710E-4	-2.443644E-3	1.550443E-1
6.325000E+1	1.330915E+1	1.297949E+1	1.005782E+1	-3.296614E-1	1.319926E+1	9.613044E-6	-3.002272E-4	-2.444256E-3	3.845218E-1
6.436900E+1	1.330912E+1	1.297934E+1	1.005899E+1	-3.297708E-1	1.319919E+1	-1.563199E-5	-2.697658E-4	-2.386297E-3	-6.252796E-1
6.548400E+1	1.330912E+1	1.297946E+1	1.005781E+1	-3.296643E-1	1.319924E+1	-7.277265E-6	-2.344306E-4	-2.259259E-3	-2.910906E-1
6.660100E+1	1.330902E+1	1.297509E+1	1.005893E+1	-3.339311E-1	1.319771E+1	-1.304819E-5	-1.947090E-4	-2.060021E-3	-5.219275E-1
6.772200E+1	1.330910E+1	1.297940E+1	1.005891E+1	-3.296943E-1	1.319920E+1	-9.674385E-6	-1.498699E-4	-1.794017E-3	-3.869754E-1
6.883900E+1	1.330912E+1	1.297535E+1	1.000691E+1	-3.337789E-1	1.319786E+1	-1.047027E-5	-1.004006E-4	-1.458247E-3	-4.188109E-1
6.995400E+1	1.336219E+1	1.297917E+1	1.000694E+1	-3.830230E-1	1.323452E+1	-9.093417E-6	-9.869481E-5	-2.091987E-3	-3.637367E-1
7.107000E+1	1.336222E+1	1.297926E+1	1.000570E+1	-3.829633E-1	1.323457E+1	-1.721564E-5	-9.869481E-5	-1.936792E-3	-6.886254E-1
7.218200E+1	1.336227E+1	1.297865E+1	1.000701E+1	-3.836208E-1	1.323440E+1	-7.313527E-6	-9.869481E-5	-1.724346E-3	-2.925411E-1
7.330000E+1	1.336220E+1	1.297949E+1	1.000572E+1	-3.827157E-1	1.323463E+1	-7.757403E-6	-9.893850E-5	-1.440507E-3	-3.102961E-1
7.441100E+1	1.341615E+1	1.297575E+1	1.000696E+1	-4.404075E-1	1.326935E+1	-1.128076E-5	-9.869481E-5	-2.322079E-3	-4.512305E-1
7.552800E+1	1.341612E+1	1.297920E+1	1.000694E+1	-4.369198E-1	1.327048E+1	-5.340087E-6	-9.869481E-5	-2.224968E-3	-2.136035E-1
7.664400E+1	1.341618E+1	1.297937E+1	1.000616E+1	-4.368102E-1	1.327058E+1	-7.557422E-6	-9.869481E-5	-2.072157E-3	-3.022969E-1
7.775900E+1	1.341619E+1	1.297880E+1	1.000694E+1	-4.373944E-1	1.327040E+1	-9.135783E-6	-9.869481E-5	-1.848872E-3	-3.654313E-1
7.887300E+1	1.346929E+1	1.297845E+1	1.000580E+1	-4.908374E-1	1.330568E+1	-1.054149E-5	-9.869481E-5	-2.555262E-3	-4.216594E-1
7.998900E+1	1.346898E+1	1.297391E+1	1.000671E+1	-4.950725E-1	1.330395E+1	-1.041660E-5	-9.869481E-5	-2.506732E-3	-4.166641E-1
8.110800E+1	1.346931E+1	1.297854E+1	1.000688E+1	-4.907680E-1	1.330572E+1	-1.207493E-5	-9.893850E-5	-2.410796E-3	-4.829972E-1
8.222400E+1	1.346905E+1	1.297857E+1	1.000632E+1	-4.904818E-1	1.330556E+1	-1.524302E-5	-9.893850E-5	-2.236344E-3	-6.097209E-1
8.333400E+1	1.346894E+1	1.297845E+1	1.000671E+1	-4.904902E-1	1.330545E+1	-1.269549E-5	-9.869481E-5	-1.993342E-3	-5.078197E-1
8.444900E+1	1.346892E+1	1.297840E+1	1.000553E+1	-4.905219E-1	1.330541E+1	-1.072969E-5	-9.869481E-5	-1.681665E-3	-4.291877E-1
8.556600E+1	1.346886E+1	1.297396E+1	1.000672E+1	-4.948910E-1	1.330389E+1	-1.292719E-5	-9.869481E-5	-1.299610E-3	-5.170876E-1
8.668700E+1	1.352233E+1	1.297822E+1	1.000671E+1	-5.441031E-1	1.334096E+1	-1.478526E-5	-9.869481E-5	-1.853379E-3	-5.914104E-1
8.780100E+1	1.352225E+1	1.297408E+1	1.000671E+1	-5.481759E-1	1.333953E+1	-1.175964E-5	-9.893850E-5	-1.651737E-3	-4.703855E-1
8.891700E+1	1.357563E+1	1.297860E+1	1.000666E+1	-5.970328E-1	1.337662E+1	-1.673835E-5	-9.893850E-5	-2.450624E-3	-6.695339E-1
9.003400E+1	1.357563E+1	1.297837E+1	1.005740E+1	-5.972629E-1	1.337654E+1	-1.793363E-5	-9.869481E-5	-2.442826E-3	-7.173451E-1
9.115300E+1	1.357555E+1	1.297802E+1	1.005871E+1	-5.975273E-1	1.337637E+1	-2.277977E-5	-7.408203E-5	-2.376224E-3	-9.111907E-1
9.226900E+1	1.357558E+1	1.297822E+1	1.005749E+1	-5.973537E-1	1.337646E+1	-2.149953E-5	-4.337698E-5	-2.241524E-3	-8.599813E-1
9.338900E+1	1.357550E+1	1.297494E+1	1.000673E+1	-6.005535E-1	1.337531E+1	-1.782878E-5	-8.285490E-6	-2.034520E-3	-7.131511E-1
9.450500E+1	1.357577E+1	1.297894E+1	1.000662E+1	-5.968296E-1	1.337683E+1	-2.322730E-5	-7.067036E-6	-1.765409E-3	-9.290920E-1
9.562200E+1	1.357568E+1	1.297448E+1	1.000674E+1	-6.012007E-1	1.337528E+1	-2.165228E-5	-7.310727E-6	-1.421548E-3	-8.660912E-1
9.673300E+1	1.362865E+1	1.297851E+1	1.000675E+1	-6.501366E-1	1.341193E+1	-2.336282E-5	-7.067036E-6	-2.024873E-3	-9.345129E-1
9.784900E+1	1.362937E+1	1.297871E+1	1.000549E+1	-6.506560E-1	1.341248E+1	-2.324283E-5	-7.067036E-6	-1.875895E-3	-9.297133E-1
9.896800E+1	1.362951E+1	1.297879E+1	1.000673E+1	-6.507201E-1	1.341261E+1	-2.092440E-5	-7.310727E-6	-1.662838E-3	-8.369761E-1
1.000820E+2	1.362952E+1	1.297876E+1	1.000578E+1	-6.507583E-1	1.341260E+1	-2.016606E-5	-7.067036E-6	-1.379103E-3	-8.066425E-1
1.011980E+2	1.368209E+1	1.297488E+1	1.000671E+1	-7.072073E-1	1.344635E+1	-2.824379E-5	-7.310727E-6	-1.903170E-3	-1.129751E+0
1.023170E+2	1.368239E+1	1.297879E+1	1.000665E+1	-7.035965E-1	1.344786E+1	-2.991130E-5	-7.067036E-6	-1.801739E-3	-1.196452E+0
1.034300E+2	1.368239E+1	1.297997E+1	1.000616E+1	-7.024178E-1	1.344825E+1	-2.969335E-5	-7.310727E-6	-1.638505E-3	-1.187734E+0
1.045420E+2	1.368235E+1	1.297974E+1	1.000665E+1	-7.026022E-1	1.344815E+1	-2.661632E-5	-7.067036E-6	-1.405073E-3	-1.064653E+0
1.056560E+2	1.373559E+1	1.297972E+1	1.000583E+1	-7.558719E-1	1.348363E+1	-3.180361E-5	-7.067036E-6	-2.208585E-3	-1.272145E+0
1.067760E+2	1.373592E+1	1.297600E+1	1.000696E+1	-7.599137E-1	1.348261E+1	-2.892221E-5	-7.310727E-6	-2.163777E-3	-1.156888E+0
1.078900E+2	1.373564E+1	1.297960E+1	1.000690E+1	-7.560405E-1	1.348363E+1	-2.721377E-5	-7.067036E-6	-2.050320E-3	-1.088551E+0
1.090040E+2	1.373593E+1	1.297969E+1	1.000655E+1	-7.562383E-1	1.348385E+1	-2.672484E-5	-7.310727E-6	-1.878086E-3	-1.068994E+0
1.101210E+2	1.373597E+1	1.297954E+1	1.000687E+1	-7.564270E-1	1.348383E+1	-2.778940E-5	-7.067036E-6	-1.632402E-3	-1.111576E+0
1.112380E+2	1.373589E+1	1.297992E+1	1.000580E+1	-7.559737E-1	1.348390E+1	-2.662795E-5	-7.310727E-6	-1.315158E-3	-1.065118E+0
1.123540E+2	1.373589E+1	1.297592E+1	1.000687E+1	-7.599723E-1	1.348257E+1	-2.978165E-5	-7.067036E-6	-9.293952E-4	-1.191266E+0
1.134650E+2	1.378934E+1	1.297946E+1	1.000686E+1	-8.098791E-1	1.351938E+1	-3.016245E-5	-7.310727E-6	-1.587468E-3	-1.206498E+0
1.145810E+2	1.378938E+1	1.297632E+1	1.000690E+1	-8.130593E-1	1.351836E+1	-2.622988E-5	-7.067036E-6	-1.385876E-3	-1.049195E+0
1.156950E+2	1.384349E+1	1.297966E+1	1.000681E+1	-8.638339E-1	1.355555E+1	-2.691670E-5	-7.310727E-6	-2.255411E-3	-1.076668E+0
1.168110E+2	1.384338E+1	1.297957E+1	1.000575E+1	-8.638050E-1	1.355544E+1	-3.359281E-5	-7.067036E-6	-2.249369E-3	-1.343712E+0
1.179250E+2	1.384342E+1	1.297583E+1	1.000692E+1	-8.675901E-1	1.355422E+1	-3.137354E-5	-7.310727E-6	-2.188854E-3	-1.254942E+0
1.190400E+2	1.384326E+1	1.297980E+1	1.000693E+1	-8.634583E-1	1.355544E+1	-3.811513E-5	-7.067036E-6	-2.054894E-3	-1.524605E+0
1.201580E+2	1.384342E+1	1.297577E+1	1.000690E+1	-8.676478E-1	1.355421E+1	-3.366533E-5	-7.310727E-6	-1.856966E-3	-1.346613E+0
1.212720E+2	1.384330E+1	1.297960E+1	1.000688E+1	-8.636961E-1	1.355540E+1	-3.043184E-5	-7.067036E-6	-1.584859E-3	-1.217274E+0
1.223890E+2	1.384338E+1	1.297957E+1	1.000566E+1	-8.638051E-1	1.355544E+1	-3.029743E-5	-7.310727E-6	-1.246600E-3	-1.211897E+0
1.235010E+2	1.389656E+1	1.297532E+1	1.000692E+1	-9.212414E-1	1.358948E+1	-3.147148E-5	-7.067036E-6	-1.944258E-3	-1.258859E+0
1.246210E+2	1.389655E+1	1.298003E+1	1.000673E+1	-9.165137E-1	1.359104E+1	-3.477327E-5	-7.067036E-6	-1.785638E-3	-1.390931E+0
1.257330E+2	1.389657E+1	1.297569E+1	1.005901E+1	-9.208861E-1	1.358961E+1	-3.608082E-5	-7.310727E-6	-1.570554E-3	-1.443233E+0
1.268550E+2	1.389652E+1	1.297949E+1	1.005906E+1	-9.170338E-1	1.359084E+1	-3.311551E-5	1.827682E-5	-1.283580E-3	-1.324621E+0
1.279740E+2	1.395033E+1	1.297972E+1	1.000624E+1	-9.706130E-1	1.362679E+1	-2.731096E-5	4.922556E-5	-2.061596E-3	-1.092439E+0
1.290880E+2	1.395024E+1	1.297972E+1	1.000694E+1	-9.705252E-1	1.362673E+1	-2.612608E-5	4.995663E-5	-1.957398E-3	-1.045043E+0
1.302000E+2	1.395024E+1	1.297946E+1	1.000555E+1	-9.707840E-1	1.362665E+1	-2.369285E-5	5.020032E-5	-1.797273E-3	-9.477142E-1
1.313180E+2	1.395030E+1	1.297543E+1	1.000675E+1	-9.748743E-1	1.362535E+1	-2.200604E-5	5.020032E-5	-1.568778E-3	-8.802415E-1
1.324340E+2	1.400397E+1	1.297954E+1	1.000689E+1	-1.024428E+0	1.366250E+1	-2.562291E-5	4.995663E-5	-2.388075E-3	-1.024916E+0
1.335470E+2	1.400400E+1	1.297739E+1	1.000684E+1	-1.026611E+0	1.366179E+1	-2.694510E-5	4.995663E-5	-2.342302E-3	-1.077804E+0
1.346630E+2	1.400402E+1	1.297937E+1	1.000686E+1	-1.024654E+0	1.366247E+1	-2.890855E-5	5.020032E-5	-2.239567E-3	-1.156342E+0
1.357760E+2	1.400403E+1	1.297946E+1	1.000577E+1	-1.024576E+0	1.366251E+1	-3.098157E-5	5.020032E-5	-2.067237E-3	-1.239263E+0
1.368940E+2	1.400377E+1	1.297391E+1	1.000686E+1	-1.029862E+0	1.366048E+1	-3.080456E-5	4.995663E-5	-1.819113E-3	-1.232182E+0
1.380050E+2	1.400398E+1	1.297828E+1	1.000657E+1	-1.025703E+0	1.366208E+1	-3.260173E-5	4.995663E-5	-1.511011E-3	-1.304069E+0
1.391180E+2	1.405734E+1	1.297817E+1	1.000642E+1	-1.079174E+0	1.369762E+1	-2.915100E-5	4.995663E-5	-2.266941E-3	-1.166040E+0
1.402350E+2	1.405709E+1	1.297802E+1	1.000657E+1	-1.079069E+0	1.369740E+1	-2.847547E-5	5.020032E-5	-2.132012E-3	-1.139019E+0
1.413470E+2	1.405706E+1	1.297831E+1	1.000536E+1	-1.078745E+0	1.369747E+1	-2.778197E-5	5.020032E-5	-1.942867E-3	-1.111279E+0
1.424610E+2	1.405728E+1	1.297399E+1	1.000656E+1	-1.083292E+0	1.369619E+1	-2.864224E-5	4.995663E-5	-1.688946E-3	-1.145690E+0
1.435810E+2	1.405735E+1	1.297831E+1	1.000664E+1	-1.079047E+0	1.369767E+1	-3.169169E-5	4.995663E-5	-1.363904E-3	-1.267668E+0
1.446910E+2	1.410998E+1	1.297934E+1	1.000608E+1	-1.130639E+0	1.373310E+1	-3.145118E-5	5.020032E-5	-2.087716E-3	-1.258047E+0
1.458110E+2	1.410994E+1	1.297874E+1	1.005873E+1	-1.131198E+0	1.373287E+1	-3.140717E-5	5.020032E-5	-1.938805E-3	-1.256287E+0
1.469300E+2	1.416313E+1	1.297951E+1	1.005735E+1	-1.183617E+0	1.376859E+1	-4.040958E-5	7.554417E-5	-2.909469E-3	-1.616383E+0
1.480450E+2	1.416319E+1	1.297546E+1	1.005872E+1	-1.187737E+0	1.376728E+1	-3.563113E-5	1.060055E-4	-2.953952E-3	-1.425245E+0
1.491620E+2	1.416302E+1	1.297750E+1	1.000632E+1	-1.185524E+0	1.376785E+1	-3.663973E-5	1.413407E-4	-2.936796E-3	-1.465589E+0
1.502720E+2	1.416314E+1	1.297548E+1	1.000662E+1	-1.187655E+0	1.376725E+1	-2.932609E-5	1.425592E-4	-2.855051E-3	-1.173044E+0
1.513870E+2	1.416308E+1	1.297951E+1	1.000690E+1	-1.183563E+0	1.376856E+1	-2.922277E-5	1.423155E-4	-2.700622E-3	-1.168911E+0
1.525030E+2	1.416323E+1	1.297946E+1	1.000569E+1	-1.183772E+0	1.376864E+1	-2.717342E-5	1.425592E-4	-2.481262E-3	-1.086937E+0
1.536160E+2	1.416348E+1	1.280483E+1	1.000693E+1	-1.358647E+0	1.371060E+1	-3.039745E-5	1.423155E-4	-2.194867E-3	-1.215898E+0
1.547340E+2	1.416345E+1	1.280918E+1	1.000671E+1	-1.354276E+0	1.371203E+1	-3.015759E-5	1.425592E-4	-1.834854E-3	-1.206304E+0
1.558520E+2	1.421661E+1	1.280466E+1	1.000692E+1	-1.411944E+0	1.374596E+1	-2.661702E-5	1.423155E-4	-2.538068E-3	-1.064681E+0
1.569640E+2	1.421662E+1	1.280923E+1	1.000691E+1	-1.407387E+0	1.374749E+1	-2.518288E-5	1.425592E-4	-2.358335E-3	-1.007315E+0
1.580830E+2	1.421664E+1	1.280909E+1	1.000572E+1	-1.407549E+0	1.374746E+1	-3.050417E-5	1.423155E-4	-2.121111E-3	-1.220167E+0
1.591960E+2	1.427032E+1	1.280866E+1	1.000677E+1	-1.461666E+0	1.378310E+1	-2.477570E-5	1.425592E-4	-2.987230E-3	-9.910279E-1
1.603180E+2	1.427055E+1	1.280909E+1	1.000569E+1	-1.461465E+0	1.378340E+1	-2.590926E-5	1.423155E-4	-2.938927E-3	-1.036371E+0
1.614310E+2	1.427061E+1	1.280547E+1	1.000686E+1	-1.465145E+0	1.378223E+1	-3.006286E-5	1.425592E-4	-2.830232E-3	-1.202514E+0
1.625510E+2	1.427032E+1	1.280912E+1	1.000688E+1	-1.461196E+0	1.378325E+1	-2.171325E-5	1.423155E-4	-2.645430E-3	-8.685299E-1
1.636630E+2	1.427062E+1	1.280619E+1	1.000670E+1	-1.464434E+0	1.378248E+1	-2.151092E-5	1.425592E-4	-2.402053E-3	-8.604367E-1
1.647780E+2	1.432361E+1	1.280892E+1	1.000687E+1	-1.514692E+0	1.381871E+1	-2.902522E-5	1.423155E-4	-3.233205E-3	-1.161009E+0
1.658950E+2	1.432364E+1	1.280892E+1	1.000555E+1	-1.514728E+0	1.381874E+1	-3.108590E-5	1.425592E-4	-3.165427E-3	-1.243436E+0
1.670090E+2	1.432354E+1	1.280555E+1	1.000678E+1	-1.517987E+0	1.381754E+1	-2.812716E-5	1.423155E-4	-3.037225E-3	-1.125086E+0
1.681250E+2	1.432378E+1	1.280932E+1	1.000684E+1	-1.514458E+0	1.381896E+1	-2.521893E-5	1.425592E-4	-2.845948E-3	-1.008757E+0
1.692410E+2	1.432369E+1	1.280578E+1	1.000682E+1	-1.517908E+0	1.381772E+1	-2.384836E-5	1.423155E-4	-2.579961E-3	-9.539343E-1
1.703600E+2	1.432368E+1	1.280903E+1	1.000676E+1	-1.514647E+0	1.381879E+1	-2.686698E-5	1.425592E-4	-2.245423E-3	-1.074679E+0
1.714750E+2	1.437701E+1	1.280935E+1	1.000566E+1	-1.567661E+0	1.385445E+1	-3.037682E-5	1.423155E-4	-2.927860E-3	-1.215073E+0
1.725900E+2	1.437698E+1	1.280912E+1	1.000679E+1	-1.567865E+0	1.385436E+1	-2.761817E-5	1.425592E-4	-2.774541E-3	-1.104727E+0
1.737060E+2	1.437705E+1	1.280932E+1	1.000576E+1	-1.567733E+0	1.385447E+1	-2.410757E-5	1.423155E-4	-2.565147E-3	-9.643029E-1
1.748230E+2	1.437699E+1	1.280549E+1	1.000675E+1	-1.571499E+0	1.385316E+1	-2.807336E-5	1.425592E-4	-2.284429E-3	-1.122934E+0
1.759340E+2	1.443052E+1	1.280938E+1	1.000676E+1	-1.621147E+0	1.389014E+1	-3.038493E-5	1.423155E-4	-3.152795E-3	-1.215397E+0
1.770520E+2	1.443044E+1	1.280903E+1	1.000638E+1	-1.621404E+0	1.388997E+1	-2.505243E-5	1.425592E-4	-3.054712E-3	-1.002097E+0
1.781680E+2	1.443061E+1	1.280892E+1	1.000676E+1	-1.621689E+0	1.389005E+1	-2.777841E-5	1.423155E-4	-2.904289E-3	-1.111136E+0
1.792820E+2	1.443063E+1	1.280904E+1	1.000559E+1	-1.621592E+0	1.389010E+1	-3.173183E-5	1.425592E-4	-2.682200E-3	-1.269273E+0
1.804020E+2	1.443055E+1	1.280486E+1	1.005891E+1	-1.625684E+0	1.388865E+1	-1.950590E-5	1.425592E-4	-2.388067E-3	-7.802360E-1
1.815200E+2	1.448441E+1	1.280926E+1	1.005883E+1	-1.675144E+0	1.392603E+1	-2.975253E-5	1.681467E-4	-3.158113E-3	-1.190101E+0
1.826380E+2	1.448414E+1	1.280529E+1	1.005880E+1	-1.678848E+0	1.392452E+1	-3.324585E-5	1.993391E-4	-3.043304E-3	-1.329834E+0
1.837520E+2	1.448432E+1	1.280912E+1	1.000682E+1	-1.675200E+0	1.392592E+1	-2.559938E-5	2.351617E-4	-2.879395E-3	-1.023975E+0
1.848700E+2	1.448428E+1	1.280969E+1	1.000556E+1	-1.674588E+0	1.392608E+1	-2.525502E-5	2.361365E-4	-2.642477E-3	-1.010201E+0
1.859850E+2	1.453721E+1	1.280851E+1	1.000686E+1	-1.728697E+0	1.396098E+1	-2.651733E-5	2.361365E-4	-3.449750E-3	-1.060693E+0
1.870960E+2	1.453725E+1	1.280926E+1	1.000574E+1	-1.727985E+0	1.396125E+1	-3.236455E-5	2.361365E-4	-3.393488E-3	-1.294582E+0
1.882150E+2	1.453728E+1	1.280555E+1	1.000668E+1	-1.731732E+0	1.396004E+1	-2.981299E-5	2.363802E-4	-3.279452E-3	-1.192520E+0
1.893260E+2	1.453724E+1	1.280895E+1	1.000680E+1	-1.728292E+0	1.396114E+1	-2.583589E-5	2.363802E-4	-3.094543E-3	-1.033436E+0
1.904430E+2	1.453702E+1	1.280831E+1	1.000548E+1	-1.728703E+0	1.396078E+1	-3.016801E-5	2.363802E-4	-2.836411E-3	-1.206720E+0
1.915600E+2	1.453706E+1	1.280802E+1	1.000677E+1	-1.729035E+0	1.396071E+1	-3.191076E-5	2.363802E-4	-2.512717E-3	-1.276431E+0
1.926710E+2	1.458999E+1	1.280823E+1	1.000531E+1	-1.781762E+0	1.399607E+1	-2.706963E-5	2.363802E-4	-3.240240E-3	-1.082785E+0
1.937890E+2	1.459051E+1	1.280440E+1	1.000652E+1	-1.786114E+0	1.399514E+1	-2.474353E-5	2.361365E-4	-3.106167E-3	-9.897412E-1
1.949030E+2	1.459047E+1	1.280843E+1	1.000649E+1	-1.782042E+0	1.399645E+1	-2.947495E-5	2.361365E-4	-2.906910E-3	-1.178998E+0
1.960170E+2	1.459003E+1	1.280869E+1	1.000547E+1	-1.781348E+0	1.399625E+1	-3.309883E-5	2.361365E-4	-2.630218E-3	-1.323953E+0
1.971360E+2	1.458998E+1	1.280869E+1	1.000651E+1	-1.781294E+0	1.399622E+1	-3.048876E-5	2.361365E-4	-2.288494E-3	-1.219550E+0
1.982470E+2	1.464311E+1	1.280676E+1	1.000494E+1	-1.836347E+0	1.403099E+1	-3.118132E-5	2.361365E-4	-2.935523E-3	-1.247253E+0
1.993650E+2	1.464329E+1	1.263392E+1	1.000650E+1	-2.009375E+0	1.397350E+1	-2.551833E-5	2.363802E-4	-2.779868E-3	-1.020733E+0
2.004780E+2	1.464311E+1	1.263772E+1	1.000653E+1	-2.005390E+0	1.397464E+1	-2.426936E-5	2.363802E-4	-2.559996E-3	-9.707743E-1
2.015940E+2	1.469769E+1	1.263884E+1	1.000650E+1	-2.058852E+0	1.401141E+1	-2.623178E-5	2.363802E-4	-3.428520E-3	-1.049271E+0
2.027100E+2	1.469757E+1	1.263809E+1	1.000659E+1	-2.059483E+0	1.401108E+1	-2.543831E-5	2.363802E-4	-3.397441E-3	-1.017532E+0
2.038250E+2	1.469766E+1	1.263826E+1	1.000539E+1	-2.059400E+0	1.401119E+1	-2.453245E-5	2.363802E-4	-3.313136E-3	-9.812980E-1
2.049410E+2	1.469765E+1	1.263475E+1	1.000657E+1	-2.062902E+0	1.401002E+1	-2.828799E-5	2.363802E-4	-3.157759E-3	-1.131520E+0
2.060580E+2	1.469770E+1	1.263861E+1	1.000689E+1	-2.059090E+0	1.401133E+1	-2.684314E-5	2.361365E-4	-2.933995E-3	-1.073726E+0
2.071730E+2	1.469759E+1	1.263674E+1	1.000672E+1	-2.060853E+0	1.401064E+1	-2.972340E-5	2.361365E-4	-2.637543E-3	-1.188936E+0
2.082910E+2	1.475065E+1	1.263861E+1	1.000685E+1	-2.112046E+0	1.404664E+1	-3.395499E-5	2.361365E-4	-3.356518E-3	-1.358200E+0
2.094030E+2	1.475088E+1	1.263866E+1	1.000557E+1	-2.112212E+0	1.404680E+1	-3.248978E-5	2.361365E-4	-3.245302E-3	-1.299591E+0
2.105250E+2	1.475072E+1	1.263792E+1	1.000686E+1	-2.112799E+0	1.404645E+1	-2.859936E-5	2.361365E-4	-3.069580E-3	-1.143974E+0
2.116370E+2	1.475084E+1	1.263869E+1	1.000562E+1	-2.112147E+0	1.404679E+1	-3.211489E-5	2.361365E-4	-2.829805E-3	-1.284596E+0
2.127580E+2	1.475073E+1	1.263481E+1	1.005895E+1	-2.115925E+0	1.404543E+1	-2.814553E-5	2.361365E-4	-2.515835E-3	-1.125821E+0
2.138750E+2	1.480517E+1	1.263872E+1	1.005893E+1	-2.166443E+0	1.408302E+1	-3.095167E-5	2.619677E-4	-3.300453E-3	-1.238067E+0
2.149880E+2	1.480504E+1	1.263867E+1	1.000667E+1	-2.166377E+0	1.408292E+1	-3.096599E-5	2.931601E-4	-3.173514E-3	-1.238639E+0
2.161050E+2	1.480514E+1	1.263844E+1	1.000687E+1	-2.166705E+0	1.408291E+1	-2.791802E-5	2.941349E-4	-2.993094E-3	-1.116721E+0
2.172180E+2	1.480514E+1	1.263866E+1	1.000571E+1	-2.166475E+0	1.408298E+1	-2.990117E-5	2.941349E-4	-2.741341E-3	-1.196047E+0
2.183330E+2	1.485884E+1	1.263481E+1	1.000671E+1	-2.224033E+0	1.411750E+1	-3.483910E-5	2.941349E-4	-3.571758E-3	-1.393564E+0
2.194480E+2	1.485902E+1	1.263846E+1	1.000684E+1	-2.220557E+0	1.411883E+1	-3.323508E-5	2.941349E-4	-3.507548E-3	-1.329403E+0
2.205680E+2	1.485896E+1	1.263458E+1	1.000658E+1	-2.224380E+0	1.411750E+1	-2.839223E-5	2.938912E-4	-3.382222E-3	-1.135689E+0
2.216800E+2	1.485905E+1	1.263866E+1	1.000679E+1	-2.220382E+0	1.411892E+1	-3.379757E-5	2.941349E-4	-3.190347E-3	-1.351903E+0
2.227990E+2	1.485901E+1	1.263866E+1	1.000551E+1	-2.220346E+0	1.411890E+1	-3.448190E-5	2.941349E-4	-2.926405E-3	-1.379276E+0
2.239120E+2	1.491357E+1	1.263608E+1	1.000669E+1	-2.277494E+0	1.415440E+1	-3.740855E-5	2.941349E-4	-3.910505E-3	-1.496342E+0
2.250300E+2	1.491369E+1	1.263875E+1	1.000571E+1	-2.274943E+0	1.415538E+1	-3.881757E-5	2.938912E-4	-3.839642E-3	-1.552703E+0
2.261470E+2	1.491359E+1	1.263492E+1	1.000673E+1	-2.278663E+0	1.415403E+1	-4.027518E-5	2.941349E-4	-3.706877E-3	-1.611007E+0
2.272660E+2	1.491367E+1	1.263866E+1	1.000668E+1	-2.275001E+0	1.415533E+1	-3.785526E-5	2.941349E-4	-3.508384E-3	-1.514210E+0
2.283790E+2	1.491368E+1	1.263895E+1	1.000666E+1	-2.274732E+0	1.415544E+1	-3.396885E-5	2.941349E-4	-3.239466E-3	-1.358754E+0
2.294950E+2	1.491365E+1	1.263866E+1	1.000673E+1	-2.274985E+0	1.415532E+1	-3.269185E-5	2.938912E-4	-2.900277E-3	-1.307674E+0
2.306100E+2	1.496643E+1	1.263832E+1	1.000553E+1	-2.328107E+0	1.419039E+1	-4.037053E-5	2.941349E-4	-3.465317E-3	-1.614821E+0
2.317290E+2	1.496635E+1	1.263490E+1	1.000674E+1	-2.331451E+0	1.418920E+1	-3.812627E-5	2.941349E-4	-3.302850E-3	-1.525051E+0
2.328440E+2	1.496642E+1	1.263878E+1	1.000675E+1	-2.327638E+0	1.419054E+1	-2.878009E-5	2.941349E-4	-3.085450E-3	-1.151203E+0
2.339560E+2	1.496635E+1	1.263688E+1	1.000657E+1	-2.329466E+0	1.418986E+1	-3.450656E-5	2.941349E-4	-2.796705E-3	-1.380262E+0
2.350750E+2	1.501961E+1	1.263861E+1	1.000671E+1	-2.381007E+0	1.422594E+1	-3.889049E-5	2.941349E-4	-3.535948E-3	-1.555620E+0
2.361930E+2	1.501961E+1	1.263849E+1	1.000555E+1	-2.381122E+0	1.422591E+1	-3.938474E-5	2.941349E-4	-3.427525E-3	-1.575389E+0
2.373060E+2	1.501968E+1	1.263616E+1	1.000661E+1	-2.383523E+0	1.422518E+1	-4.366683E-5	2.941349E-4	-3.262801E-3	-1.746673E+0
2.384190E+2	1.501965E+1	1.263817E+1	1.000619E+1	-2.381474E+0	1.422582E+1	-4.179977E-5	2.938912E-4	-3.027361E-3	-1.671991E+0
2.395330E+2	1.507281E+1	1.263463E+1	1.000665E+1	-2.438173E+0	1.426008E+1	-4.479548E-5	2.941349E-4	-3.817568E-3	-1.791819E+0
2.406500E+2	1.507270E+1	1.263849E+1	1.000667E+1	-2.434211E+0	1.426130E+1	-4.370856E-5	2.941349E-4	-3.760557E-3	-1.748342E+0
2.417670E+2	1.507261E+1	1.263852E+1	1.000557E+1	-2.434094E+0	1.426125E+1	-4.524996E-5	2.941349E-4	-3.645881E-3	-1.809998E+0
2.428840E+2	1.507273E+1	1.263616E+1	1.000668E+1	-2.436568E+0	1.426054E+1	-4.015775E-5	2.941349E-4	-3.465471E-3	-1.606310E+0
2.439960E+2	1.507268E+1	1.263855E+1	1.005750E+1	-2.434135E+0	1.426130E+1	-3.690205E-5	2.941349E-4	-3.212834E-3	-1.476082E+0
2.451170E+2	1.507276E+1	1.263472E+1	1.000677E+1	-2.438043E+0	1.426008E+1	-4.440743E-5	3.189914E-4	-2.892569E-3	-1.776297E+0
2.462350E+2	1.512660E+1	1.263863E+1	1.005880E+1	-2.487966E+0	1.429728E+1	-4.142991E-5	3.194788E-4	-3.803706E-3	-1.657197E+0
2.473520E+2	1.512643E+1	1.263397E+1	1.000672E+1	-2.492458E+0	1.429561E+1	-3.821359E-5	3.448226E-4	-3.661916E-3	-1.528543E+0
2.484680E+2	1.512670E+1	1.263829E+1	1.000664E+1	-2.488408E+0	1.429723E+1	-4.281874E-5	3.457974E-4	-3.471021E-3	-1.712749E+0
2.495850E+2	1.512653E+1	1.263835E+1	1.000554E+1	-2.488183E+0	1.429713E+1	-3.826991E-5	3.457974E-4	-3.204275E-3	-1.530796E+0
2.506950E+2	1.512664E+1	1.263357E+1	1.000660E+1	-2.493075E+0	1.429562E+1	-4.573060E-5	3.455537E-4	-2.872923E-3	-1.829224E+0
2.518130E+2	1.517961E+1	1.263771E+1	1.000633E+1	-2.541895E+0	1.433231E+1	-4.321785E-5	3.457974E-4	-3.516485E-3	-1.728714E+0
2.529300E+2	1.517980E+1	1.263423E+1	1.000679E+1	-2.545574E+0	1.433128E+1	-4.158427E-5	3.455537E-4	-3.364892E-3	-1.663371E+0
2.540450E+2	1.517983E+1	1.263765E+1	1.000673E+1	-2.542176E+0	1.433244E+1	-4.767539E-5	3.457974E-4	-3.154121E-3	-1.907016E+0
2.551590E+2	1.523324E+1	1.263797E+1	1.000538E+1	-2.595269E+0	1.436815E+1	-4.224397E-5	3.457974E-4	-3.793300E-3	-1.689759E+0
2.562740E+2	1.523321E+1	1.246752E+1	1.000641E+1	-2.765694E+0	1.431131E+1	-3.672289E-5	3.455537E-4	-3.763460E-3	-1.468916E+0
2.573900E+2	1.523318E+1	1.246953E+1	1.000530E+1	-2.763645E+0	1.431196E+1	-4.114079E-5	3.457974E-4	-3.675743E-3	-1.645632E+0
2.585050E+2	1.523302E+1	1.246686E+1	1.000648E+1	-2.766162E+0	1.431096E+1	-3.891866E-5	3.457974E-4	-3.515616E-3	-1.556746E+0
2.596220E+2	1.523239E+1	1.246948E+1	1.000643E+1	-2.762911E+0	1.431142E+1	-3.467519E-5	3.455537E-4	-3.274884E-3	-1.387008E+0
2.607380E+2	1.523259E+1	1.246962E+1	1.000615E+1	-2.762972E+0	1.431160E+1	-4.201712E-5	3.457974E-4	-2.979301E-3	-1.680685E+0
2.618540E+2	1.528604E+1	1.246939E+1	1.000645E+1	-2.816656E+0	1.434716E+1	-4.225876E-5	3.457974E-4	-3.762603E-3	-1.690350E+0
2.629690E+2	1.528603E+1	1.246965E+1	1.000527E+1	-2.816388E+0	1.434724E+1	-3.992689E-5	3.455537E-4	-3.645426E-3	-1.597076E+0
2.640830E+2	1.528597E+1	1.246677E+1	1.005850E+1	-2.819204E+0	1.434624E+1	-4.707987E-5	3.457974E-4	-3.468896E-3	-1.883195E+0
2.652070E+2	1.528595E+1	1.246930E+1	1.000624E+1	-2.816653E+0	1.434707E+1	-4.122931E-5	3.716286E-4	-3.223088E-3	-1.649172E+0
2.663210E+2	1.533982E+1	1.246709E+1	1.000629E+1	-2.872733E+0	1.438224E+1	-5.141402E-5	3.723597E-4	-4.045674E-3	-2.056561E+0
2.674380E+2	1.533976E+1	1.246950E+1	1.000640E+1	-2.870253E+0	1.438301E+1	-4.454703E-5	3.723597E-4	-3.984753E-3	-1.781881E+0
2.685550E+2	1.533982E+1	1.246950E+1	1.000520E+1	-2.870315E+0	1.438305E+1	-4.233234E-5	3.721160E-4	-3.868285E-3	-1.693294E+0
2.696660E+2	1.533978E+1	1.246853E+1	1.000638E+1	-2.871258E+0	1.438270E+1	-4.805630E-5	3.723597E-4	-3.680926E-3	-1.922252E+0
2.707850E+2	1.533977E+1	1.246950E+1	1.000528E+1	-2.870261E+0	1.438301E+1	-5.116672E-5	3.723597E-4	-3.423964E-3	-2.046669E+0
2.718990E+2	1.539244E+1	1.246697E+1	1.000649E+1	-2.925465E+0	1.441728E+1	-5.010461E-5	3.723597E-4	-4.131016E-3	-2.004184E+0
2.730170E+2	1.539253E+1	1.246965E+1	1.000645E+1	-2.922879E+0	1.441823E+1	-5.020188E-5	3.723597E-4	-4.053820E-3	-2.008075E+0
2.741330E+2	1.539255E+1	1.246999E+1	1.000629E+1	-2.922552E+0	1.441836E+1	-4.780868E-5	3.723597E-4	-3.918439E-3	-1.912347E+0
2.752450E+2	1.539238E+1	1.246965E+1	1.000643E+1	-2.922736E+0	1.441814E+1	-4.586005E-5	3.721160E-4	-3.709827E-3	-1.834402E+0
2.763630E+2	1.539239E+1	1.246988E+1	1.000523E+1	-2.922515E+0	1.441822E+1	-4.966955E-5	3.723597E-4	-3.434156E-3	-1.986782E+0
2.774770E+2	1.539236E+1	1.246703E+1	1.005846E+1	-2.925327E+0	1.441725E+1	-5.125376E-5	3.723597E-4	-3.087891E-3	-2.050150E+0
2.786010E+2	1.544583E+1	1.246933E+1	1.005721E+1	-2.976497E+0	1.445366E+1	-4.969948E-5	3.981909E-4	-3.813826E-3	-1.987979E+0
2.797240E+2	1.544591E+1	1.246599E+1	1.000581E+1	-2.979916E+0	1.445261E+1	-4.754188E-5	4.291397E-4	-3.648643E-3	-1.901675E+0
2.808390E+2	1.544585E+1	1.246950E+1	1.000642E+1	-2.976342E+0	1.445373E+1	-5.699762E-5	4.301144E-4	-3.424726E-3	-2.279905E+0
2.819510E+2	1.549926E+1	1.246999E+1	1.000636E+1	-3.029264E+0	1.448950E+1	-5.046644E-5	4.301144E-4	-4.121205E-3	-2.018658E+0
2.830670E+2	1.549891E+1	1.246930E+1	1.000652E+1	-3.029606E+0	1.448904E+1	-5.141983E-5	4.301144E-4	-4.074043E-3	-2.056793E+0
2.841800E+2	1.549908E+1	1.246988E+1	1.000522E+1	-3.029209E+0	1.448935E+1	-5.377062E-5	4.298707E-4	-3.977415E-3	-2.150825E+0
2.852950E+2	1.549913E+1	1.246706E+1	1.000639E+1	-3.032073E+0	1.448844E+1	-5.051562E-5	4.298707E-4	-3.809611E-3	-2.020625E+0
2.864140E+2	1.549930E+1	1.246988E+1	1.000665E+1	-3.029423E+0	1.448949E+1	-5.575247E-5	4.301144E-4	-3.574931E-3	-2.230099E+0
2.875270E+2	1.549903E+1	1.246864E+1	1.000661E+1	-3.030393E+0	1.448890E+1	-5.232146E-5	4.301144E-4	-3.263683E-3	-2.092858E+0
2.886450E+2	1.555319E+1	1.246971E+1	1.000656E+1	-3.083485E+0	1.452536E+1	-5.802187E-5	4.301144E-4	-4.055285E-3	-2.320875E+0
2.897590E+2	1.555349E+1	1.246965E+1	1.000541E+1	-3.083846E+0	1.452554E+1	-5.140606E-5	4.298707E-4	-3.938578E-3	-2.056242E+0
2.908730E+2	1.555329E+1	1.246694E+1	1.000663E+1	-3.086345E+0	1.452451E+1	-5.697356E-5	4.298707E-4	-3.756453E-3	-2.278943E+0
2.919890E+2	1.555387E+1	1.246956E+1	1.000561E+1	-3.084314E+0	1.452577E+1	-5.450420E-5	4.301144E-4	-3.519259E-3	-2.180168E+0
2.931050E+2	1.560703E+1	1.246737E+1	1.000653E+1	-3.139652E+0	1.456047E+1	-5.627368E-5	4.301144E-4	-4.233432E-3	-2.250947E+0
2.942240E+2	1.560703E+1	1.246976E+1	1.000658E+1	-3.137265E+0	1.456127E+1	-5.606406E-5	4.301144E-4	-4.168404E-3	-2.242562E+0
2.953370E+2	1.560711E+1	1.246962E+1	1.000581E+1	-3.137496E+0	1.456128E+1	-5.024779E-5	4.298707E-4	-4.047525E-3	-2.009912E+0
2.964520E+2	1.560700E+1	1.246850E+1	1.000655E+1	-3.138503E+0	1.456083E+1	-5.204369E-5	4.298707E-4	-3.853994E-3	-2.081747E+0
2.975690E+2	1.560708E+1	1.246959E+1	1.000537E+1	-3.137490E+0	1.456125E+1	-5.631444E-5	4.301144E-4	-3.593840E-3	-2.252577E+0
2.986870E+2	1.560697E+1	1.246709E+1	1.000648E+1	-3.139886E+0	1.456034E+1	-5.229914E-5	4.301144E-4	-3.260559E-3	-2.091965E+0
2.998010E+2	1.566095E+1	1.246942E+1	1.000658E+1	-3.191536E+0	1.459711E+1	-5.665739E-5	4.298707E-4	-3.904787E-3	-2.266296E+0
3.009180E+2	1.566090E+1	1.246973E+1	1.005863E+1	-3.191165E+0	1.459718E+1	-6.002178E-5	4.298707E-4	-3.758008E-3	-2.400871E+0
3.020370E+2	1.566092E+1	1.246968E+1	1.005860E+1	-3.191240E+0	1.459717E+1	-5.467506E-5	4.554583E-4	-3.554859E-3	-2.187002E+0
3.031540E+2	1.571469E+1	1.246988E+1	1.005741E+1	-3.244813E+0	1.463309E+1	-5.912791E-5	4.859196E-4	-4.407140E-3	-2.365116E+0
3.042720E+2	1.571460E+1	1.229649E+1	1.000655E+1	-3.418113E+0	1.457523E+1	-6.223970E-5	5.210111E-4	-4.385079E-3	-2.489588E+0
3.053860E+2	1.571465E+1	1.246979E+1	1.000538E+1	-3.244865E+0	1.463303E+1	-6.432622E-5	5.222296E-4	-4.308431E-3	-2.573049E+0
3.065040E+2	1.571452E+1	1.246694E+1	1.000657E+1	-3.247579E+0	1.463199E+1	-5.699808E-5	5.222296E-4	-4.158399E-3	-2.279923E+0
3.076240E+2	1.571467E+1	1.246939E+1	1.000648E+1	-3.245284E+0	1.463291E+1	-6.415906E-5	5.219859E-4	-3.944699E-3	-2.566362E+0
3.087390E+2	1.571461E+1	1.246959E+1	1.000648E+1	-3.245029E+0	1.463294E+1	-6.627521E-5	5.222296E-4	-3.657681E-3	-2.651008E+0
3.098500E+2	1.571469E+1	1.246927E+1	1.000651E+1	-3.245416E+0	1.463288E+1	-6.758925E-5	5.219859E-4	-3.303627E-3	-2.703570E+0
3.109670E+2	1.576723E+1	1.229810E+1	1.000537E+1	-3.469128E+0	1.461085E+1	-6.301623E-5	5.222296E-4	-3.989488E-3	-2.520649E+0
3.120810E+2	1.576710E+1	1.229462E+1	1.000652E+1	-3.472484E+0	1.460961E+1	-5.516332E-5	5.219859E-4	-3.807755E-3	-2.206533E+0
3.131990E+2	1.576724E+1	1.229793E+1	1.000649E+1	-3.469317E+0	1.461080E+1	-5.864378E-5	5.222296E-4	-3.573140E-3	-2.345751E+0
3.143170E+2	1.576710E+1	1.229459E+1	1.000643E+1	-3.472513E+0	1.460960E+1	-6.269964E-5	5.219859E-4	-3.263613E-3	-2.507985E+0
3.154310E+2	1.582001E+1	1.229796E+1	1.000643E+1	-3.522050E+0	1.464599E+1	-6.165660E-5	5.222296E-4	-3.812263E-3	-2.466264E+0
3.165500E+2	1.581998E+1	1.229781E+1	1.000534E+1	-3.522166E+0	1.464592E+1	-6.316336E-5	5.222296E-4	-3.683616E-3	-2.526534E+0
3.176660E+2	1.581995E+1	1.229761E+1	1.000651E+1	-3.522340E+0	1.464583E+1	-6.940414E-5	5.219859E-4	-3.496971E-3	-2.776165E+0
3.187780E+2	1.582003E+1	1.229787E+1	1.000541E+1	-3.522161E+0	1.464597E+1	-6.028207E-5	5.222296E-4	-3.243568E-3	-2.411283E+0
3.198970E+2	1.587307E+1	1.229410E+1	1.005859E+1	-3.578976E+0	1.468008E+1	-6.327598E-5	5.219859E-4	-4.240350E-3	-2.531039E+0
3.210160E+2	1.587310E+1	1.229790E+1	1.005862E+1	-3.575205E+0	1.468137E+1	-6.407850E-5	5.478171E-4	-4.164678E-3	-2.563140E+0
3.221380E+2	1.587309E+1	1.229407E+1	1.000644E+1	-3.579014E+0	1.468008E+1	-6.139225E-5	5.792532E-4	-4.030517E-3	-2.455690E+0
3.232530E+2	1.587308E+1	1.229773E+1	1.000659E+1	-3.575351E+0	1.468129E+1	-6.610271E-5	5.802280E-4	-3.826869E-3	-2.644108E+0
3.243680E+2	1.587331E+1	1.229819E+1	1.000535E+1	-3.575122E+0	1.468160E+1	-6.546880E-5	5.802280E-4	-3.558728E-3	-2.618752E+0
3.254820E+2	1.592619E+1	1.229727E+1	1.000649E+1	-3.628928E+0	1.471655E+1	-6.294710E-5	5.799843E-4	-4.371935E-3	-2.517884E+0
3.266000E+2	1.592651E+1	1.229798E+1	1.000538E+1	-3.628529E+0	1.471700E+1	-6.402241E-5	5.799843E-4	-4.286771E-3	-2.560896E+0
3.277140E+2	1.592617E+1	1.229519E+1	1.000653E+1	-3.630972E+0	1.471584E+1	-6.486989E-5	5.802280E-4	-4.131275E-3	-2.594796E+0
3.288290E+2	1.592646E+1	1.229810E+1	1.000652E+1	-3.628359E+0	1.471700E+1	-6.085920E-5	5.802280E-4	-3.917834E-3	-2.434368E+0
3.299460E+2	1.592615E+1	1.229813E+1	1.000647E+1	-3.628019E+0	1.471681E+1	-6.530584E-5	5.799843E-4	-3.623759E-3	-2.612234E+0
3.310670E+2	1.598051E+1	1.229816E+1	1.000660E+1	-3.682353E+0	1.475306E+1	-7.074429E-5	5.802280E-4	-4.710413E-3	-2.829772E+0
3.321840E+2	1.598034E+1	1.229824E+1	1.000539E+1	-3.682097E+0	1.475297E+1	-6.189474E-5	5.802280E-4	-4.603276E-3	-2.475790E+0
3.332960E+2	1.598045E+1	1.229476E+1	1.000649E+1	-3.685684E+0	1.475188E+1	-6.991338E-5	5.799843E-4	-4.443801E-3	-2.796535E+0
3.344140E+2	1.598049E+1	1.229816E+1	1.000557E+1	-3.682335E+0	1.475305E+1	-7.107410E-5	5.802280E-4	-4.214166E-3	-2.842964E+0
3.355290E+2	1.597870E+1	1.229522E+1	1.000649E+1	-3.683481E+0	1.475088E+1	-6.789589E-5	5.802280E-4	-3.878900E-3	-2.715836E+0
3.366460E+2	1.603372E+1	1.229842E+1	1.000653E+1	-3.735299E+0	1.478862E+1	-6.269443E-5	5.799843E-4	-4.575417E-3	-2.507777E+0
3.377620E+2	1.603332E+1	1.229833E+1	1.000549E+1	-3.734993E+0	1.478833E+1	-6.078220E-5	5.802280E-4	-4.448070E-3	-2.431288E+0
3.388750E+2	1.603341E+1	1.229663E+1	1.005859E+1	-3.736780E+0	1.478782E+1	-6.769207E-5	5.802280E-4	-4.270225E-3	-2.707683E+0
3.399970E+2	1.603360E+1	1.229790E+1	1.005725E+1	-3.735700E+0	1.478837E+1	-7.082875E-5	6.060592E-4	-4.024834E-3	-2.833150E+0
3.411150E+2	1.608683E+1	1.229445E+1	1.000641E+1	-3.792385E+0	1.482270E+1	-7.101298E-5	6.367643E-4	-4.876216E-3	-2.840519E+0
3.422330E+2	1.608699E+1	1.229796E+1	1.000543E+1	-3.789035E+0	1.482398E+1	-6.971885E-5	6.377391E-4	-4.811276E-3	-2.788754E+0
3.433480E+2	1.608689E+1	1.229462E+1	1.000645E+1	-3.792266E+0	1.482280E+1	-6.764440E-5	6.374954E-4	-4.685448E-3	-2.705776E+0
3.444650E+2	1.608706E+1	1.229767E+1	1.000648E+1	-3.789393E+0	1.482393E+1	-6.521144E-5	6.377391E-4	-4.494566E-3	-2.608458E+0
3.455810E+2	1.608716E+1	1.229833E+1	1.000574E+1	-3.788828E+0	1.482421E+1	-6.655704E-5	6.374954E-4	-4.233682E-3	-2.662282E+0
3.466910E+2	1.608705E+1	1.229605E+1	1.000654E+1	-3.790996E+0	1.482338E+1	-6.931735E-5	6.377391E-4	-3.900474E-3	-2.772694E+0
3.478090E+2	1.614057E+1	1.229789E+1	1.000546E+1	-3.842679E+0	1.485968E+1	-7.120080E-5	6.374954E-4	-4.517323E-3	-2.848032E+0
3.489260E+2	1.614054E+1	1.229487E+1	1.000655E+1	-3.845672E+0	1.485865E+1	-7.024771E-5	6.377391E-4	-4.365690E-3	-2.809908E+0
3.500430E+2	1.614063E+1	1.229787E+1	1.000654E+1	-3.842761E+0	1.485971E+1	-7.357123E-5	6.374954E-4	-4.159139E-3	-2.942849E+0
3.511590E+2	1.614046E+1	1.229689E+1	1.000653E+1	-3.843571E+0	1.485927E+1	-6.960447E-5	6.377391E-4	-3.878137E-3	-2.784179E+0
3.522770E+2	1.619423E+1	1.229795E+1	1.000650E+1	-3.896271E+0	1.489547E+1	-7.024902E-5	6.374954E-4	-4.553696E-3	-2.809961E+0
3.533900E+2	1.619413E+1	1.229816E+1	1.000531E+1	-3.895974E+0	1.489547E+1	-6.934695E-5	6.377391E-4	-4.456842E-3	-2.773878E+0
3.545060E+2	1.619424E+1	1.229370E+1	1.005861E+1	-3.900547E+0	1.489406E+1	-7.359241E-5	6.374954E-4	-4.306226E-3	-2.943696E+0
3.556270E+2	1.619424E+1	1.229787E+1	1.005743E+1	-3.896368E+0	1.489545E+1	-7.105169E-5	6.633266E-4	-4.083835E-3	-2.842068E+0
3.567450E+2	1.624724E+1	1.229468E+1	1.000656E+1	-3.952562E+0	1.492972E+1	-7.641225E-5	6.942753E-4	-4.876272E-3	-3.056490E+0
3.578550E+2	1.624723E+1	1.229781E+1	1.000638E+1	-3.949415E+0	1.493075E+1	-7.745219E-5	6.952501E-4	-4.832919E-3	-3.098088E+0
3.589740E+2	1.624713E+1	1.229715E+1	1.000617E+1	-3.949980E+0	1.493047E+1	-7.871366E-5	6.950064E-4	-4.730164E-3	-3.148546E+0
3.600880E+2	1.624733E+1	1.229655E+1	1.000655E+1	-3.950788E+0	1.493040E+1	-7.882167E-5	6.952501E-4	-4.563010E-3	-3.152867E+0
3.612080E+2	1.624728E+1	1.229539E+1	1.000530E+1	-3.951886E+0	1.492998E+1	-8.381980E-5	6.950064E-4	-4.322437E-3	-3.352792E+0
3.623230E+2	1.624731E+1	1.229326E+1	1.000649E+1	-3.954042E+0	1.492929E+1	-8.354204E-5	6.952501E-4	-4.013706E-3	-3.341681E+0
3.634400E+2	1.624730E+1	1.229735E+1	1.000655E+1	-3.949948E+0	1.493065E+1	-7.978919E-5	6.950064E-4	-3.634864E-3	-3.191568E+0
3.645540E+2	1.630051E+1	1.229545E+1	1.000644E+1	-4.005060E+0	1.496549E+1	-7.254199E-5	6.952501E-4	-4.207692E-3	-2.901680E+0
3.656700E+2	1.635396E+1	1.229706E+1	1.000656E+1	-4.056903E+0	1.500166E+1	-7.218094E-5	6.950064E-4	-4.910430E-3	-2.887238E+0
3.667840E+2	1.635394E+1	1.229700E+1	1.000506E+1	-4.056934E+0	1.500163E+1	-7.730119E-5	6.952501E-4	-4.976160E-3	-3.092048E+0
3.679030E+2	1.635406E+1	1.229318E+1	1.000626E+1	-4.060884E+0	1.500043E+1	-7.704680E-5	6.950064E-4	-4.986773E-3	-3.081872E+0
3.690160E+2	1.635353E+1	1.229686E+1	1.000528E+1	-4.056676E+0	1.500131E+1	-7.661654E-5	6.952501E-4	-4.915176E-3	-3.064661E+0
3.701360E+2	1.635411E+1	1.229341E+1	1.000615E+1	-4.060708E+0	1.500055E+1	-7.480882E-5	6.950064E-4	-4.794146E-3	-2.992353E+0
3.712530E+2	1.635404E+1	1.229695E+1	1.000628E+1	-4.057097E+0	1.500168E+1	-6.955575E-5	6.950064E-4	-4.593304E-3	-2.782230E+0
3.723680E+2	1.635393E+1	1.229723E+1	1.000621E+1	-4.056695E+0	1.500170E+1	-7.257289E-5	6.952501E-4	-4.321896E-3	-2.902916E+0
3.734820E+2	1.635336E+1	1.229706E+1	1.000627E+1	-4.056297E+0	1.500126E+1	-7.398817E-5	6.950064E-4	-3.970119E-3	-2.959527E+0
3.746020E+2	1.640762E+1	1.229715E+1	1.000505E+1	-4.110475E+0	1.503746E+1	-7.032753E-5	6.952501E-4	-4.682769E-3	-2.813101E+0
3.757130E+2	1.640774E+1	1.229303E+1	1.000620E+1	-4.114705E+0	1.503617E+1	-7.253753E-5	6.950064E-4	-4.528001E-3	-2.901501E+0
3.768310E+2	1.640766E+1	1.212425E+1	1.005796E+1	-4.283409E+0	1.497986E+1	-6.861389E-5	6.952501E-4	-4.312175E-3	-2.744555E+0
3.779510E+2	1.640771E+1	1.212221E+1	1.000616E+1	-4.285506E+0	1.497921E+1	-6.836955E-5	7.203503E-4	-4.029139E-3	-2.734782E+0
3.790630E+2	1.640776E+1	1.212396E+1	1.000615E+1	-4.283797E+0	1.497983E+1	-7.038334E-5	7.208376E-4	-3.676776E-3	-2.815334E+0
3.801780E+2	1.646078E+1	1.212434E+1	1.000504E+1	-4.336439E+0	1.501530E+1	-7.331716E-5	7.210813E-4	-4.350121E-3	-2.932686E+0
3.812960E+2	1.646083E+1	1.212322E+1	1.000616E+1	-4.337615E+0	1.501496E+1	-7.300506E-5	7.210813E-4	-4.177732E-3	-2.920202E+0
3.824120E+2	1.648781E+1	1.212414E+1	1.000508E+1	-4.363679E+0	1.503325E+1	-6.950676E-5	7.210813E-4	-4.512540E-3	-2.780270E+0
3.835300E+2	1.651489E+1	1.212051E+1	1.000609E+1	-4.394379E+0	1.505010E+1	-6.976006E-5	7.208376E-4	-4.941869E-3	-2.790402E+0
3.846460E+2	1.651479E+1	1.212416E+1	1.005816E+1	-4.390626E+0	1.505125E+1	-6.868077E-5	7.208376E-4	-4.900556E-3	-2.747231E+0
3.857650E+2	1.651485E+1	1.212537E+1	1.005808E+1	-4.389480E+0	1.505169E+1	-7.138346E-5	7.464252E-4	-4.798550E-3	-2.855339E+0
3.868820E+2	1.651488E+1	1.212422E+1	1.003391E+1	-4.390659E+0	1.505133E+1	-6.542438E-5	7.771302E-4	-4.626617E-3	-2.616975E+0
3.879940E+2	1.651480E+1	1.212451E+1	1.000500E+1	-4.390290E+0	1.505137E+1	-6.726645E-5	7.781050E-4	-4.383401E-3	-2.690658E+0
3.891080E+2	1.651490E+1	1.212140E+1	1.000619E+1	-4.393495E+0	1.505040E+1	-7.200515E-5	7.781050E-4	-4.073514E-3	-2.880206E+0
3.902280E+2	1.656855E+1	1.212563E+1	1.000523E+1	-4.442917E+0	1.508758E+1	-7.654166E-5	7.781050E-4	-4.807351E-3	-3.061667E+0
3.913450E+2	1.656863E+1	1.212154E+1	1.000615E+1	-4.447089E+0	1.508627E+1	-7.180151E-5	7.781050E-4	-4.679775E-3	-2.872060E+0
3.924610E+2	1.656857E+1	1.212480E+1	1.000624E+1	-4.443777E+0	1.508731E+1	-7.352046E-5	7.778613E-4	-4.492542E-3	-2.940819E+0
3.935720E+2	1.656878E+1	1.212307E+1	1.000503E+1	-4.445707E+0	1.508687E+1	-7.867082E-5	7.781050E-4	-4.240514E-3	-3.146833E+0
3.946920E+2	1.662464E+1	1.212419E+1	1.000614E+1	-4.500451E+0	1.512449E+1	-7.893786E-5	7.781050E-4	-5.102992E-3	-3.157515E+0
3.958030E+2	1.662479E+1	1.212465E+1	1.000509E+1	-4.500142E+0	1.512475E+1	-7.528555E-5	7.778613E-4	-5.046488E-3	-3.011422E+0
3.969200E+2	1.662457E+1	1.212149E+1	1.000639E+1	-4.503084E+0	1.512354E+1	-7.285231E-5	7.781050E-4	-4.926239E-3	-2.914092E+0
3.980350E+2	1.662499E+1	1.212537E+1	1.000640E+1	-4.499617E+0	1.512512E+1	-7.364184E-5	7.778613E-4	-4.748687E-3	-2.945674E+0
3.991510E+2	1.662476E+1	1.212552E+1	1.005850E+1	-4.499242E+0	1.512501E+1	-7.492923E-5	7.781050E-4	-4.490103E-3	-2.997169E+0
4.002710E+2	1.662454E+1	1.212523E+1	1.005855E+1	-4.499316E+0	1.512477E+1	-7.442634E-5	8.034489E-4	-4.160726E-3	-2.977054E+0
4.013900E+2	1.667731E+1	1.212572E+1	1.005733E+1	-4.551588E+0	1.516011E+1	-7.331591E-5	8.343976E-4	-4.879649E-3	-2.932636E+0
4.025060E+2	1.667718E+1	1.212163E+1	1.000646E+1	-4.555549E+0	1.515866E+1	-7.359896E-5	8.690017E-4	-4.728253E-3	-2.943958E+0
4.036210E+2	1.667774E+1	1.212549E+1	1.000523E+1	-4.552253E+0	1.516032E+1	-7.601478E-5	8.699765E-4	-4.533058E-3	-3.040591E+0
4.047330E+2	1.667780E+1	1.212174E+1	1.000639E+1	-4.556055E+0	1.515911E+1	-8.068878E-5	8.699765E-4	-4.260968E-3	-3.227551E+0
4.058500E+2	1.673078E+1	1.212545E+1	1.000639E+1	-4.605327E+0	1.519567E+1	-8.358453E-5	8.699765E-4	-5.073708E-3	-3.343381E+0
4.069680E+2	1.673072E+1	1.212534E+1	1.000532E+1	-4.605378E+0	1.519559E+1	-8.080444E-5	8.702202E-4	-4.978229E-3	-3.232177E+0
4.080830E+2	1.673068E+1	1.212330E+1	1.000632E+1	-4.607386E+0	1.519489E+1	-7.942348E-5	8.702202E-4	-4.825174E-3	-3.176939E+0
4.091950E+2	1.673080E+1	1.212554E+1	1.000523E+1	-4.605256E+0	1.519571E+1	-7.584961E-5	8.702202E-4	-4.605911E-3	-3.033985E+0
4.103160E+2	1.678390E+1	1.212140E+1	1.000638E+1	-4.662499E+0	1.522973E+1	-7.270868E-5	8.702202E-4	-5.433032E-3	-2.908347E+0
4.114320E+2	1.678389E+1	1.212531E+1	1.000648E+1	-4.658576E+0	1.523103E+1	-7.669942E-5	8.702202E-4	-5.389979E-3	-3.067977E+0
4.125470E+2	1.678394E+1	1.212537E+1	1.000641E+1	-4.658565E+0	1.523108E+1	-7.809619E-5	8.702202E-4	-5.290555E-3	-3.123848E+0
4.136590E+2	1.678373E+1	1.212549E+1	1.000637E+1	-4.658237E+0	1.523098E+1	-8.202243E-5	8.702202E-4	-5.116229E-3	-3.280897E+0
4.147780E+2	1.678389E+1	1.212557E+1	1.000521E+1	-4.658319E+0	1.523112E+1	-8.005452E-5	8.702202E-4	-4.878554E-3	-3.202181E+0
4.158970E+2	1.678369E+1	1.212160E+1	1.000646E+1	-4.662086E+0	1.522966E+1	-7.882461E-5	8.702202E-4	-4.564715E-3	-3.152985E+0
4.170120E+2	1.678382E+1	1.212526E+1	1.000521E+1	-4.658565E+0	1.523097E+1	-7.184076E-5	8.702202E-4	-4.187363E-3	-2.873630E+0
4.181320E+2	1.683780E+1	1.212154E+1	1.000631E+1	-4.716255E+0	1.526571E+1	-7.331485E-5	8.702202E-4	-4.889617E-3	-2.932594E+0
4.192430E+2	1.683771E+1	1.212540E+1	1.000638E+1	-4.712312E+0	1.526694E+1	-7.857328E-5	8.702202E-4	-4.692347E-3	-3.142931E+0
4.203590E+2	1.683779E+1	1.212534E+1	1.000565E+1	-4.712447E+0	1.526697E+1	-7.673671E-5	8.702202E-4	-4.441266E-3	-3.069468E+0
4.214770E+2	1.689067E+1	1.212520E+1	1.005855E+1	-4.765477E+0	1.530218E+1	-7.632860E-5	8.702202E-4	-5.269733E-3	-3.053144E+0
4.225940E+2	1.689097E+1	1.212554E+1	1.005734E+1	-4.765424E+0	1.530249E+1	-8.183947E-5	8.958077E-4	-5.200591E-3	-3.273579E+0
4.237140E+2	1.689075E+1	1.212157E+1	1.005848E+1	-4.769173E+0	1.530102E+1	-7.688497E-5	9.262691E-4	-5.065060E-3	-3.075399E+0
4.248310E+2	1.689081E+1	1.212580E+1	1.000551E+1	-4.765014E+0	1.530248E+1	-8.355670E-5	9.620916E-4	-4.864977E-3	-3.342268E+0
4.259440E+2	1.689074E+1	1.212157E+1	1.000574E+1	-4.769172E+0	1.530102E+1	-7.730551E-5	9.633101E-4	-4.592991E-3	-3.092220E+0
4.270630E+2	1.689083E+1	1.212528E+1	1.000651E+1	-4.765541E+0	1.530231E+1	-8.174802E-5	9.633101E-4	-4.253554E-3	-3.269921E+0
4.281790E+2	1.694419E+1	1.212468E+1	1.000624E+1	-4.819511E+0	1.533769E+1	-8.001152E-5	9.630664E-4	-4.970253E-3	-3.200461E+0
4.292930E+2	1.694417E+1	1.212462E+1	1.000635E+1	-4.819550E+0	1.533766E+1	-7.528961E-5	9.630664E-4	-4.810721E-3	-3.011585E+0
4.304090E+2	1.694434E+1	1.212468E+1	1.000515E+1	-4.819662E+0	1.533779E+1	-8.306435E-5	9.630664E-4	-4.598433E-3	-3.322574E+0
4.315260E+2	1.699747E+1	1.212158E+1	1.000630E+1	-4.875896E+0	1.537217E+1	-7.402840E-5	9.633101E-4	-5.473571E-3	-2.961136E+0
4.326440E+2	1.699767E+1	1.212471E+1	1.000587E+1	-4.872962E+0	1.537335E+1	-8.167094E-5	9.633101E-4	-5.442005E-3	-3.266838E+0
4.337640E+2	1.699770E+1	1.212330E+1	1.000639E+1	-4.874401E+0	1.537290E+1	-8.769191E-5	9.630664E-4	-5.350736E-3	-3.507677E+0
4.348790E+2	1.699759E+1	1.212471E+1	1.000642E+1	-4.872883E+0	1.537330E+1	-7.774531E-5	9.630664E-4	-5.187611E-3	-3.109812E+0
4.359910E+2	1.699775E+1	1.195201E+1	1.000545E+1	-5.045741E+0	1.531584E+1	-7.802925E-5	9.633101E-4	-4.958747E-3	-3.121170E+0
4.371140E+2	1.699751E+1	1.195086E+1	1.000635E+1	-5.046651E+0	1.531529E+1	-7.899447E-5	9.633101E-4	-4.654151E-3	-3.159779E+0
4.382290E+2	1.705127E+1	1.195198E+1	1.000526E+1	-5.099284E+0	1.535150E+1	-7.183649E-5	9.630664E-4	-5.414812E-3	-2.873460E+0
4.393420E+2	1.705140E+1	1.194789E+1	1.000641E+1	-5.103503E+0	1.535023E+1	-7.140186E-5	9.630664E-4	-5.300367E-3	-2.856074E+0
4.404570E+2	1.705123E+1	1.195189E+1	1.000632E+1	-5.099335E+0	1.535145E+1	-7.662739E-5	9.633101E-4	-5.122594E-3	-3.065095E+0
4.415750E+2	1.705127E+1	1.195212E+1	1.000633E+1	-5.099141E+0	1.535155E+1	-7.887775E-5	9.633101E-4	-4.878692E-3	-3.155110E+0
4.426920E+2	1.705131E+1	1.195195E+1	1.000638E+1	-5.099356E+0	1.535152E+1	-7.709580E-5	9.630664E-4	-4.565945E-3	-3.083832E+0
4.438060E+2	1.710404E+1	1.195181E+1	1.000513E+1	-5.152234E+0	1.538663E+1	-8.145080E-5	9.630664E-4	-5.293180E-3	-3.258032E+0
4.449250E+2	1.710408E+1	1.194772E+1	1.005844E+1	-5.156357E+0	1.538529E+1	-7.701551E-5	9.633101E-4	-5.158978E-3	-3.080621E+0
4.460460E+2	1.710415E+1	1.195175E+1	1.005709E+1	-5.152399E+0	1.538668E+1	-8.367744E-5	9.888976E-4	-4.967217E-3	-3.347098E+0
4.471600E+2	1.715734E+1	1.194764E+1	1.000628E+1	-5.209703E+0	1.542077E+1	-8.619318E-5	1.019603E-3	-5.793031E-3	-3.447727E+0
4.482760E+2	1.715758E+1	1.195187E+1	1.000631E+1	-5.205713E+0	1.542234E+1	-8.423272E-5	1.020821E-3	-5.786254E-3	-3.369309E+0
4.493930E+2	1.715743E+1	1.195190E+1	1.000622E+1	-5.205532E+0	1.542225E+1	-8.213426E-5	1.020577E-3	-5.715782E-3	-3.285370E+0
4.505060E+2	1.715738E+1	1.195129E+1	1.000628E+1	-5.206092E+0	1.542202E+1	-8.804488E-5	1.020821E-3	-5.577243E-3	-3.521795E+0
4.516210E+2	1.715750E+1	1.195204E+1	1.000511E+1	-5.205459E+0	1.542235E+1	-8.443525E-5	1.020821E-3	-5.371846E-3	-3.377410E+0
4.527370E+2	1.715736E+1	1.194787E+1	1.000631E+1	-5.209488E+0	1.542086E+1	-7.981375E-5	1.020577E-3	-5.092473E-3	-3.192550E+0
4.538550E+2	1.715751E+1	1.195169E+1	1.000632E+1	-5.205812E+0	1.542223E+1	-8.670217E-5	1.020821E-3	-4.748839E-3	-3.468087E+0
4.549720E+2	1.721073E+1	1.195207E+1	1.000629E+1	-5.258661E+0	1.545784E+1	-8.481648E-5	1.020577E-3	-5.369021E-3	-3.392659E+0
4.560840E+2	1.721076E+1	1.195135E+1	1.005824E+1	-5.259415E+0	1.545762E+1	-8.362844E-5	1.020821E-3	-5.203735E-3	-3.345138E+0
4.572060E+2	1.721073E+1	1.195181E+1	1.005710E+1	-5.258919E+0	1.545775E+1	-8.244103E-5	1.046165E-3	-4.979603E-3	-3.297641E+0
4.583250E+2	1.721052E+1	1.194913E+1	1.000579E+1	-5.261392E+0	1.545673E+1	-9.076607E-5	1.076626E-3	-4.681740E-3	-3.630643E+0
4.594410E+2	1.726499E+1	1.195192E+1	1.000515E+1	-5.313068E+0	1.549397E+1	-8.775867E-5	1.077357E-3	-5.395389E-3	-3.510347E+0
4.605560E+2	1.726483E+1	1.194795E+1	1.000635E+1	-5.316880E+0	1.549254E+1	-9.327316E-5	1.077601E-3	-5.286393E-3	-3.730926E+0
4.616710E+2	1.726491E+1	1.195077E+1	1.000637E+1	-5.314140E+0	1.549353E+1	-8.948441E-5	1.077357E-3	-5.123659E-3	-3.579376E+0
4.627840E+2	1.726483E+1	1.195077E+1	1.000622E+1	-5.314052E+0	1.549348E+1	-9.508753E-5	1.077357E-3	-4.888545E-3	-3.803501E+0
4.639000E+2	1.731829E+1	1.195060E+1	1.000639E+1	-5.367688E+0	1.552906E+1	-8.787473E-5	1.077601E-3	-5.595274E-3	-3.514989E+0
4.650120E+2	1.731825E+1	1.195080E+1	1.000508E+1	-5.367449E+0	1.552910E+1	-9.249737E-5	1.077357E-3	-5.542891E-3	-3.699895E+0
4.661310E+2	1.731797E+1	1.194677E+1	1.000634E+1	-5.371194E+0	1.552757E+1	-8.869156E-5	1.077601E-3	-5.427862E-3	-3.547662E+0
4.672450E+2	1.731796E+1	1.195066E+1	1.000631E+1	-5.367300E+0	1.552886E+1	-8.719953E-5	1.077357E-3	-5.246863E-3	-3.487981E+0
4.683580E+2	1.731798E+1	1.195011E+1	1.000587E+1	-5.367872E+0	1.552869E+1	-9.199544E-5	1.077601E-3	-4.997269E-3	-3.679817E+0
4.694760E+2	1.731826E+1	1.195071E+1	1.000608E+1	-5.367544E+0	1.552908E+1	-9.323178E-5	1.077357E-3	-4.682283E-3	-3.729271E+0
4.705930E+2	1.737112E+1	1.195069E+1	1.002805E+1	-5.420439E+0	1.556431E+1	-9.258331E-5	1.077357E-3	-5.442482E-3	-3.703332E+0
4.717080E+2	1.737125E+1	1.194686E+1	1.005799E+1	-5.424391E+0	1.556312E+1	-9.625137E-5	1.077601E-3	-5.304888E-3	-3.850055E+0
4.728280E+2	1.737158E+1	1.195092E+1	1.005690E+1	-5.420663E+0	1.556469E+1	-9.010011E-5	1.093928E-3	-5.113730E-3	-3.604004E+0
4.739430E+2	1.742063E+1	1.194807E+1	1.005801E+1	-5.472563E+0	1.559644E+1	-8.654114E-5	1.115129E-3	-5.739801E-3	-3.461645E+0
4.750650E+2	1.742566E+1	1.195025E+1	1.005740E+1	-5.475401E+0	1.560052E+1	-9.046529E-5	1.141692E-3	-5.791746E-3	-3.618612E+0
4.761900E+2	1.742563E+1	1.194666E+1	1.000630E+1	-5.478973E+0	1.559931E+1	-9.276378E-5	1.172397E-3	-5.723307E-3	-3.710551E+0
4.773060E+2	1.742553E+1	1.195071E+1	1.000628E+1	-5.474818E+0	1.560059E+1	-9.560324E-5	1.173372E-3	-5.585805E-3	-3.824130E+0
4.784190E+2	1.742567E+1	1.195080E+1	1.000586E+1	-5.474872E+0	1.560072E+1	-9.246305E-5	1.173128E-3	-5.381682E-3	-3.698522E+0
4.795350E+2	1.742551E+1	1.195086E+1	1.000625E+1	-5.474656E+0	1.560063E+1	-9.422128E-5	1.173372E-3	-5.103926E-3	-3.768851E+0
4.806530E+2	1.742574E+1	1.195063E+1	1.000517E+1	-5.475108E+0	1.560070E+1	-9.767684E-5	1.173128E-3	-4.762422E-3	-3.907073E+0
4.817710E+2	1.747811E+1	1.194674E+1	1.000637E+1	-5.531361E+0	1.563432E+1	-9.492236E-5	1.173372E-3	-5.298577E-3	-3.796894E+0
4.828830E+2	1.747832E+1	1.195074E+1	1.000583E+1	-5.527576E+0	1.563579E+1	-9.430692E-5	1.173372E-3	-5.133333E-3	-3.772277E+0
4.839990E+2	1.747825E+1	1.195100E+1	1.000623E+1	-5.527246E+0	1.563583E+1	-9.273049E-5	1.173372E-3	-4.906638E-3	-3.709220E+0
4.851140E+2	1.747809E+1	1.195066E+1	1.000628E+1	-5.527438E+0	1.563561E+1	-9.542271E-5	1.173372E-3	-4.607993E-3	-3.816908E+0
4.862340E+2	1.753100E+1	1.195048E+1	1.000487E+1	-5.580522E+0	1.567083E+1	-1.006797E-4	1.173128E-3	-5.268374E-3	-4.027188E+0
4.873490E+2	1.753103E+1	1.194620E+1	1.000588E+1	-5.584837E+0	1.566942E+1	-1.032937E-4	1.173372E-3	-5.149978E-3	-4.131750E+0
4.884650E+2	1.753111E+1	1.195043E+1	1.000481E+1	-5.580679E+0	1.567088E+1	-1.051422E-4	1.173128E-3	-4.974633E-3	-4.205686E+0
4.895770E+2	1.757150E+1	1.194723E+1	1.005775E+1	-5.624266E+0	1.569674E+1	-1.037058E-4	1.173372E-3	-5.471208E-3	-4.148230E+0
4.906970E+2	1.758356E+1	1.195043E+1	1.005796E+1	-5.633136E+0	1.570585E+1	-1.028756E-4	1.198959E-3	-5.620599E-3	-4.115025E+0
4.918180E+2	1.758425E+1	1.195080E+1	1.005816E+1	-5.633447E+0	1.570643E+1	-1.027028E-4	1.230395E-3	-5.572981E-3	-4.108112E+0
4.929330E+2	1.758430E+1	1.195045E+1	1.000612E+1	-5.633847E+0	1.570635E+1	-1.045003E-4	1.266462E-3	-5.451385E-3	-4.180010E+0
4.940500E+2	1.758422E+1	1.195060E+1	1.000491E+1	-5.633622E+0	1.570635E+1	-1.067231E-4	1.267436E-3	-5.258129E-3	-4.268925E+0
4.951630E+2	1.758416E+1	1.194643E+1	1.000591E+1	-5.637732E+0	1.570492E+1	-1.046106E-4	1.267680E-3	-4.995284E-3	-4.184426E+0
4.962780E+2	1.758414E+1	1.195048E+1	1.000488E+1	-5.633656E+0	1.570626E+1	-1.091785E-4	1.267436E-3	-4.663027E-3	-4.367141E+0
4.974010E+2	1.762895E+1	1.194625E+1	1.000580E+1	-5.682693E+0	1.573472E+1	-1.084667E-4	1.267436E-3	-4.986149E-3	-4.338667E+0
4.985140E+2	1.763746E+1	1.195046E+1	1.000605E+1	-5.687008E+0	1.574180E+1	-1.068284E-4	1.267680E-3	-4.968712E-3	-4.273137E+0
4.996300E+2	1.763714E+1	1.195049E+1	1.000613E+1	-5.686658E+0	1.574159E+1	-1.114660E-4	1.267436E-3	-4.749945E-3	-4.458641E+0
5.007450E+2	1.763660E+1	1.195057E+1	1.000605E+1	-5.686030E+0	1.574126E+1	-1.031528E-4	1.267680E-3	-4.457094E-3	-4.126112E+0
5.018600E+2	1.769084E+1	1.195069E+1	1.000484E+1	-5.740150E+0	1.577745E+1	-1.054294E-4	1.267680E-3	-5.288315E-3	-4.217175E+0
5.029790E+2	1.769065E+1	1.194674E+1	1.000588E+1	-5.743906E+0	1.577602E+1	-1.035860E-4	1.267436E-3	-5.186309E-3	-4.143439E+0
5.040940E+2	1.769086E+1	1.195097E+1	1.000607E+1	-5.739890E+0	1.577757E+1	-1.114786E-4	1.267436E-3	-5.034770E-3	-4.459143E+0
5.052090E+2	1.769085E+1	1.195172E+1	1.000589E+1	-5.739123E+0	1.577780E+1	-1.081439E-4	1.267680E-3	-4.810158E-3	-4.325758E+0
5.063220E+2	1.769085E+1	1.195138E+1	1.000607E+1	-5.739469E+0	1.577769E+1	-1.112904E-4	1.267436E-3	-4.516064E-3	-4.451615E+0
5.074430E+2	1.774376E+1	1.194980E+1	1.000480E+1	-5.793964E+0	1.581244E+1	-1.084494E-4	1.267680E-3	-5.213269E-3	-4.337975E+0
5.085560E+2	1.774377E+1	1.194738E+1	1.000609E+1	-5.796397E+0	1.581164E+1	-1.065601E-4	1.267680E-3	-5.096625E-3	-4.262403E+0
5.096710E+2	1.774371E+1	1.195186E+1	1.000511E+1	-5.791845E+0	1.581309E+1	-1.105906E-4	1.267436E-3	-4.921238E-3	-4.423622E+0
5.107870E+2	1.774351E+1	1.194965E+1	1.000589E+1	-5.793857E+0	1.581222E+1	-1.063509E-4	1.267680E-3	-4.672924E-3	-4.254036E+0
5.119030E+2	1.779739E+1	1.195163E+1	1.005790E+1	-5.845759E+0	1.584881E+1	-1.132999E-4	1.267436E-3	-5.514313E-3	-4.531997E+0
5.130210E+2	1.779724E+1	1.195186E+1	1.005697E+1	-5.845371E+0	1.584878E+1	-1.063844E-4	1.292780E-3	-5.449303E-3	-4.255378E+0
5.141370E+2	1.779739E+1	1.177767E+1	1.000589E+1	-6.019715E+0	1.579081E+1	-1.075208E-4	1.323242E-3	-5.333615E-3	-4.300832E+0
5.152530E+2	1.779717E+1	1.178078E+1	1.000485E+1	-6.016395E+0	1.579171E+1	-1.092073E-4	1.323973E-3	-5.140943E-3	-4.368291E+0
5.163650E+2	1.779809E+1	1.177724E+1	1.000623E+1	-6.020850E+0	1.579114E+1	-1.074190E-4	1.324216E-3	-4.902275E-3	-4.296759E+0
5.174820E+2	1.779731E+1	1.178084E+1	1.000617E+1	-6.016469E+0	1.579182E+1	-1.069409E-4	1.324216E-3	-4.562564E-3	-4.277636E+0
5.186000E+2	1.779778E+1	1.178121E+1	1.000622E+1	-6.016568E+0	1.579225E+1	-1.052524E-4	1.323973E-3	-4.175213E-3	-4.210097E+0
5.197130E+2	1.785153E+1	1.178046E+1	1.000627E+1	-6.071072E+0	1.582784E+1	-1.043223E-4	1.323973E-3	-4.843076E-3	-4.172894E+0
5.208320E+2	1.785139E+1	1.178089E+1	1.000516E+1	-6.070499E+0	1.582789E+1	-1.059604E-4	1.323973E-3	-4.630301E-3	-4.238418E+0
5.219460E+2	1.790474E+1	1.177761E+1	1.000634E+1	-6.127126E+0	1.586237E+1	-1.115952E-4	1.323973E-3	-5.589583E-3	-4.463807E+0
5.230650E+2	1.790474E+1	1.178101E+1	1.000514E+1	-6.123730E+0	1.586350E+1	-1.116948E-4	1.324216E-3	-5.573500E-3	-4.467792E+0
5.241800E+2	1.790532E+1	1.177753E+1	1.005824E+1	-6.127792E+0	1.586272E+1	-1.107846E-4	1.323973E-3	-5.511434E-3	-4.431383E+0
5.253050E+2	1.790467E+1	1.178089E+1	1.005840E+1	-6.123776E+0	1.586341E+1	-1.146452E-4	1.349804E-3	-5.358350E-3	-4.585808E+0
5.264210E+2	1.790447E+1	1.178113E+1	1.000621E+1	-6.123341E+0	1.586335E+1	-1.127443E-4	1.381240E-3	-5.140977E-3	-4.509771E+0
5.275320E+2	1.790446E+1	1.178087E+1	1.000620E+1	-6.123591E+0	1.586326E+1	-1.170328E-4	1.382215E-3	-4.856883E-3	-4.681312E+0
5.286500E+2	1.795805E+1	1.178095E+1	1.000510E+1	-6.177101E+0	1.589902E+1	-1.163736E-4	1.382215E-3	-5.591251E-3	-4.654944E+0
5.297660E+2	1.795818E+1	1.177762E+1	1.000626E+1	-6.180564E+0	1.589799E+1	-1.203387E-4	1.382215E-3	-5.492188E-3	-4.813547E+0
5.308830E+2	1.795812E+1	1.178084E+1	1.000569E+1	-6.177286E+0	1.589903E+1	-1.187642E-4	1.382215E-3	-5.332666E-3	-4.750570E+0
5.319940E+2	1.795791E+1	1.178107E+1	1.000618E+1	-6.176843E+0	1.589896E+1	-1.186433E-4	1.382215E-3	-5.099785E-3	-4.745733E+0
5.331100E+2	1.795809E+1	1.178087E+1	1.000626E+1	-6.177222E+0	1.589902E+1	-1.170016E-4	1.382215E-3	-4.804134E-3	-4.680064E+0
5.342290E+2	1.801152E+1	1.178107E+1	1.000510E+1	-6.230448E+0	1.593470E+1	-1.151259E-4	1.382215E-3	-5.521165E-3	-4.605036E+0
5.353430E+2	1.801153E+1	1.177767E+1	1.000624E+1	-6.233861E+0	1.593358E+1	-1.195398E-4	1.382215E-3	-5.404055E-3	-4.781590E+0
5.364590E+2	1.801150E+1	1.178087E+1	1.000504E+1	-6.230631E+0	1.593462E+1	-1.190429E-4	1.382215E-3	-5.228593E-3	-4.761717E+0
5.375750E+2	1.801162E+1	1.177762E+1	1.000620E+1	-6.234008E+0	1.593362E+1	-1.256126E-4	1.382215E-3	-4.986727E-3	-5.024503E+0
5.386930E+2	1.806488E+1	1.178066E+1	1.000624E+1	-6.284214E+0	1.597014E+1	-1.284711E-4	1.381971E-3	-5.940068E-3	-5.138843E+0
5.398100E+2	1.806499E+1	1.177920E+1	1.005759E+1	-6.285790E+0	1.596972E+1	-1.219243E-4	1.382215E-3	-5.878343E-3	-4.876971E+0
5.409290E+2	1.806495E+1	1.178089E+1	1.005817E+1	-6.284058E+0	1.597027E+1	-1.242177E-4	1.407315E-3	-5.757534E-3	-4.968708E+0
5.420470E+2	1.806475E+1	1.178089E+1	1.000499E+1	-6.283861E+0	1.597013E+1	-1.283797E-4	1.437776E-3	-5.562852E-3	-5.135188E+0
5.431590E+2	1.806499E+1	1.177758E+1	1.000638E+1	-6.287409E+0	1.596919E+1	-1.265202E-4	1.438751E-3	-5.306025E-3	-5.060808E+0
5.442780E+2	1.806478E+1	1.178098E+1	1.000512E+1	-6.283800E+0	1.597018E+1	-1.264180E-4	1.438751E-3	-4.973116E-3	-5.056719E+0
5.453970E+2	1.811909E+1	1.177741E+1	1.000627E+1	-6.341676E+0	1.600520E+1	-1.319910E-4	1.438751E-3	-5.633055E-3	-5.279641E+0
5.465140E+2	1.811922E+1	1.178086E+1	1.000625E+1	-6.338357E+0	1.600644E+1	-1.356776E-4	1.438751E-3	-5.491396E-3	-5.427106E+0
5.476250E+2	1.811913E+1	1.178087E+1	1.000614E+1	-6.338260E+0	1.600637E+1	-1.302356E-4	1.438507E-3	-5.289221E-3	-5.209426E+0
5.487390E+2	1.811922E+1	1.178020E+1	1.000623E+1	-6.339013E+0	1.600621E+1	-1.315749E-4	1.438751E-3	-5.020267E-3	-5.262996E+0
5.498550E+2	1.817251E+1	1.178107E+1	1.000514E+1	-6.391443E+0	1.604203E+1	-1.317434E-4	1.438751E-3	-5.585696E-3	-5.269736E+0
5.509760E+2	1.817244E+1	1.177744E+1	1.000624E+1	-6.394995E+0	1.604077E+1	-1.285452E-4	1.438751E-3	-5.494722E-3	-5.141808E+0
5.520890E+2	1.817256E+1	1.178081E+1	1.000615E+1	-6.391755E+0	1.604198E+1	-1.329362E-4	1.438507E-3	-5.350451E-3	-5.317449E+0
5.532030E+2	1.817269E+1	1.178124E+1	1.000620E+1	-6.391446E+0	1.604220E+1	-1.291375E-4	1.438751E-3	-5.136890E-3	-5.165499E+0
5.543200E+2	1.822644E+1	1.178101E+1	1.000617E+1	-6.445433E+0	1.607796E+1	-1.384831E-4	1.438751E-3	-5.994574E-3	-5.539324E+0
5.554380E+2	1.822650E+1	1.178121E+1	1.005705E+1	-6.445286E+0	1.607807E+1	-1.328939E-4	1.438751E-3	-5.964069E-3	-5.315755E+0
5.565590E+2	1.822645E+1	1.177784E+1	1.005819E+1	-6.448608E+0	1.607692E+1	-1.358611E-4	1.463607E-3	-5.873906E-3	-5.434442E+0
5.576760E+2	1.822640E+1	1.178124E+1	1.005702E+1	-6.445158E+0	1.607801E+1	-1.314434E-4	1.494069E-3	-5.714088E-3	-5.257734E+0
5.587950E+2	1.822656E+1	1.177753E+1	1.000620E+1	-6.449031E+0	1.607688E+1	-1.368270E-4	1.529160E-3	-5.488707E-3	-5.473079E+0
5.599060E+2	1.822645E+1	1.178089E+1	1.000610E+1	-6.445557E+0	1.607793E+1	-1.306016E-4	1.529891E-3	-5.189338E-3	-5.224062E+0
5.610240E+2	1.822641E+1	1.178109E+1	1.000623E+1	-6.445319E+0	1.607797E+1	-1.382055E-4	1.529891E-3	-4.821529E-3	-5.528219E+0
5.621370E+2	1.828016E+1	1.178086E+1	1.000625E+1	-6.499298E+0	1.611373E+1	-1.288244E-4	1.529891E-3	-5.516873E-3	-5.152978E+0
5.632530E+2	1.828019E+1	1.178075E+1	1.000501E+1	-6.499438E+0	1.611371E+1	-1.276860E-4	1.530135E-3	-5.334882E-3	-5.107441E+0
5.643690E+2	1.828021E+1	1.177738E+1	1.000626E+1	-6.502833E+0	1.611260E+1	-1.284556E-4	1.530135E-3	-5.094974E-3	-5.138225E+0
5.654860E+2	1.833452E+1	1.178095E+1	1.000497E+1	-6.553572E+0	1.615000E+1	-1.271068E-4	1.530135E-3	-5.953109E-3	-5.084273E+0
5.666050E+2	1.833445E+1	1.177753E+1	1.000626E+1	-6.556924E+0	1.614881E+1	-1.287602E-4	1.529891E-3	-5.898711E-3	-5.150407E+0
5.677230E+2	1.833448E+1	1.178095E+1	1.000627E+1	-6.553528E+0	1.614997E+1	-1.278637E-4	1.530135E-3	-5.788447E-3	-5.114550E+0
5.688340E+2	1.833451E+1	1.178178E+1	1.000586E+1	-6.552730E+0	1.615027E+1	-1.296572E-4	1.530135E-3	-5.609138E-3	-5.186287E+0
5.699500E+2	1.833445E+1	1.177707E+1	1.000619E+1	-6.557386E+0	1.614866E+1	-1.285225E-4	1.530135E-3	-5.358489E-3	-5.140901E+0
5.710680E+2	1.833438E+1	1.178063E+1	1.000497E+1	-6.553747E+0	1.614980E+1	-1.292858E-4	1.530135E-3	-5.037006E-3	-5.171433E+0
5.721850E+2	1.838731E+1	1.177606E+1	1.000565E+1	-6.611251E+0	1.618356E+1	-1.296158E-4	1.530135E-3	-5.777040E-3	-5.184632E+0
5.732980E+2	1.838713E+1	1.178084E+1	1.000608E+1	-6.606289E+0	1.618503E+1	-1.307238E-4	1.530135E-3	-5.631918E-3	-5.228952E+0
5.744160E+2	1.838721E+1	1.178081E+1	1.000610E+1	-6.606406E+0	1.618508E+1	-1.338481E-4	1.530135E-3	-5.433756E-3	-5.353922E+0
5.755310E+2	1.838719E+1	1.177974E+1	1.000611E+1	-6.607444E+0	1.618470E+1	-1.242011E-4	1.530135E-3	-5.164141E-3	-4.968042E+0
5.766500E+2	1.844021E+1	1.178058E+1	1.005708E+1	-6.659635E+0	1.622033E+1	-1.305814E-4	1.530135E-3	-5.977706E-3	-5.223255E+0
5.777740E+2	1.844037E+1	1.177937E+1	1.005819E+1	-6.661004E+0	1.622004E+1	-1.277514E-4	1.554992E-3	-5.890294E-3	-5.110057E+0
5.788940E+2	1.844018E+1	1.178069E+1	1.005775E+1	-6.659485E+0	1.622035E+1	-1.249417E-4	1.585940E-3	-5.737167E-3	-4.997669E+0
5.800170E+2	1.844037E+1	1.177833E+1	1.000615E+1	-6.662041E+0	1.621969E+1	-1.294969E-4	1.621032E-3	-5.523052E-3	-5.179874E+0
5.811290E+2	1.844018E+1	1.160661E+1	1.000507E+1	-6.833563E+0	1.616232E+1	-1.242143E-4	1.622250E-3	-5.232442E-3	-4.968573E+0
5.822450E+2	1.849344E+1	1.160238E+1	1.000614E+1	-6.891060E+0	1.619642E+1	-1.212575E-4	1.622007E-3	-6.010340E-3	-4.850298E+0
5.833650E+2	1.849356E+1	1.160676E+1	1.000534E+1	-6.886803E+0	1.619796E+1	-1.288477E-4	1.622250E-3	-5.905437E-3	-5.153909E+0
5.844840E+2	1.849327E+1	1.160509E+1	1.000580E+1	-6.888179E+0	1.619721E+1	-1.221950E-4	1.622007E-3	-5.735854E-3	-4.887799E+0
5.855990E+2	1.849353E+1	1.160639E+1	1.000605E+1	-6.887141E+0	1.619781E+1	-1.300087E-4	1.622250E-3	-5.506074E-3	-5.200348E+0
5.867120E+2	1.854747E+1	1.160659E+1	1.000498E+1	-6.940886E+0	1.623385E+1	-1.278966E-4	1.622007E-3	-6.279376E-3	-5.115865E+0
5.878270E+2	1.854747E+1	1.160233E+1	1.000608E+1	-6.945144E+0	1.623243E+1	-1.332325E-4	1.622250E-3	-6.231613E-3	-5.329300E+0
5.889420E+2	1.854747E+1	1.160624E+1	1.000492E+1	-6.941230E+0	1.623373E+1	-1.282193E-4	1.622250E-3	-6.126544E-3	-5.128770E+0
5.900580E+2	1.854738E+1	1.160282E+1	1.000608E+1	-6.944565E+0	1.623253E+1	-1.333639E-4	1.622250E-3	-5.950516E-3	-5.334556E+0
5.911730E+2	1.854750E+1	1.160659E+1	1.000620E+1	-6.940919E+0	1.623386E+1	-1.259987E-4	1.622250E-3	-5.708286E-3	-5.039947E+0
5.922920E+2	1.860035E+1	1.160656E+1	1.000586E+1	-6.993797E+0	1.626909E+1	-1.304290E-4	1.622007E-3	-6.539029E-3	-5.217160E+0
5.934040E+2	1.860032E+1	1.160161E+1	1.005803E+1	-6.998710E+0	1.626741E+1	-1.259811E-4	1.622250E-3	-6.472305E-3	-5.039246E+0
5.945280E+2	1.860038E+1	1.160659E+1	1.000493E+1	-6.993795E+0	1.626911E+1	-1.302029E-4	1.647594E-3	-6.348966E-3	-5.208115E+0
5.956400E+2	1.860060E+1	1.160218E+1	1.000600E+1	-6.998420E+0	1.626780E+1	-1.265940E-4	1.648569E-3	-6.159437E-3	-5.063758E+0
5.967560E+2	1.860063E+1	1.160650E+1	1.000570E+1	-6.994132E+0	1.626925E+1	-1.270796E-4	1.648325E-3	-5.898496E-3	-5.083182E+0
5.978740E+2	1.860040E+1	1.160693E+1	1.000589E+1	-6.993468E+0	1.626924E+1	-1.317983E-4	1.648569E-3	-5.563214E-3	-5.271933E+0
5.989870E+2	1.865399E+1	1.160587E+1	1.000608E+1	-7.048120E+0	1.630461E+1	-1.376426E-4	1.648569E-3	-6.171238E-3	-5.505705E+0
6.001010E+2	1.865406E+1	1.160584E+1	1.000502E+1	-7.048219E+0	1.630465E+1	-1.334106E-4	1.648325E-3	-6.023673E-3	-5.336425E+0
6.012190E+2	1.865399E+1	1.160155E+1	1.005805E+1	-7.052437E+0	1.630318E+1	-1.308080E-4	1.648569E-3	-5.816668E-3	-5.232320E+0
6.023380E+2	1.865395E+1	1.160575E+1	1.005693E+1	-7.048198E+0	1.630455E+1	-1.307121E-4	1.674156E-3	-5.540334E-3	-5.228484E+0
6.034570E+2	1.870755E+1	1.160181E+1	1.005812E+1	-7.105737E+0	1.633897E+1	-1.348091E-4	1.704861E-3	-6.363501E-3	-5.392365E+0
6.045720E+2	1.870747E+1	1.160330E+1	1.000547E+1	-7.104169E+0	1.633942E+1	-1.288111E-4	1.740684E-3	-6.267279E-3	-5.152445E+0
6.056880E+2	1.870758E+1	1.160572E+1	1.000612E+1	-7.101860E+0	1.634030E+1	-1.302711E-4	1.741659E-3	-6.117111E-3	-5.210842E+0
6.068020E+2	1.870754E+1	1.160552E+1	1.000617E+1	-7.102017E+0	1.634020E+1	-1.313111E-4	1.741659E-3	-5.895464E-3	-5.252444E+0
6.079170E+2	1.870754E+1	1.160581E+1	1.000501E+1	-7.101730E+0	1.634030E+1	-1.310348E-4	1.741659E-3	-5.604741E-3	-5.241391E+0
6.090330E+2	1.876109E+1	1.160167E+1	1.000614E+1	-7.159424E+0	1.637461E+1	-1.310280E-4	1.741659E-3	-6.298575E-3	-5.241119E+0
6.101490E+2	1.876083E+1	1.160549E+1	1.000522E+1	-7.155338E+0	1.637572E+1	-1.339573E-4	1.741659E-3	-6.184784E-3	-5.358292E+0
6.112680E+2	1.876103E+1	1.160546E+1	1.000587E+1	-7.155564E+0	1.637584E+1	-1.362689E-4	1.741659E-3	-6.021722E-3	-5.450756E+0
6.123810E+2	1.876114E+1	1.160517E+1	1.000608E+1	-7.155966E+0	1.637582E+1	-1.370129E-4	1.741659E-3	-5.788325E-3	-5.480516E+0
6.134970E+2	1.876102E+1	1.160543E+1	1.000468E+1	-7.155583E+0	1.637582E+1	-1.339381E-4	1.741659E-3	-5.481515E-3	-5.357524E+0
6.146130E+2	1.881405E+1	1.160149E+1	1.000587E+1	-7.212561E+0	1.640987E+1	-1.367938E-4	1.741659E-3	-6.150838E-3	-5.471751E+0
6.157320E+2	1.881382E+1	1.160543E+1	1.000494E+1	-7.208388E+0	1.641103E+1	-1.346388E-4	1.741659E-3	-6.020308E-3	-5.385552E+0
6.168420E+2	1.881390E+1	1.160296E+1	1.000578E+1	-7.210942E+0	1.641025E+1	-1.357462E-4	1.741659E-3	-5.837373E-3	-5.429848E+0
6.179610E+2	1.881334E+1	1.160538E+1	1.000574E+1	-7.207964E+0	1.641068E+1	-1.384995E-4	1.741659E-3	-5.572412E-3	-5.539980E+0
6.190780E+2	1.886673E+1	1.160561E+1	1.000562E+1	-7.261126E+0	1.644636E+1	-1.345406E-4	1.741659E-3	-6.374321E-3	-5.381623E+0
6.201900E+2	1.886665E+1	1.160198E+1	1.000569E+1	-7.264672E+0	1.644509E+1	-1.370131E-4	1.741659E-3	-6.297059E-3	-5.480524E+0
6.213080E+2	1.886676E+1	1.160543E+1	1.000468E+1	-7.261325E+0	1.644631E+1	-1.360981E-4	1.741659E-3	-6.165523E-3	-5.443923E+0
6.224230E+2	1.886670E+1	1.160232E+1	1.000572E+1	-7.264379E+0	1.644524E+1	-1.387331E-4	1.741659E-3	-5.961383E-3	-5.549325E+0
6.235390E+2	1.886655E+1	1.160641E+1	1.000577E+1	-7.260142E+0	1.644650E+1	-1.379853E-4	1.741659E-3	-5.685217E-3	-5.519410E+0
6.246530E+2	1.891995E+1	1.160635E+1	1.005772E+1	-7.313597E+0	1.648208E+1	-1.456050E-4	1.741659E-3	-6.487224E-3	-5.824199E+0
6.257760E+2	1.891978E+1	1.160635E+1	1.005772E+1	-7.313431E+0	1.648197E+1	-1.398150E-4	1.767003E-3	-6.391551E-3	-5.592599E+0
6.268950E+2	1.891995E+1	1.160511E+1	1.005757E+1	-7.314836E+0	1.648167E+1	-1.369232E-4	1.797708E-3	-6.244306E-3	-5.476929E+0
6.280140E+2	1.891999E+1	1.160365E+1	1.000562E+1	-7.316340E+0	1.648121E+1	-1.325939E-4	1.833043E-3	-6.026248E-3	-5.303754E+0
6.291300E+2	1.891976E+1	1.160534E+1	1.000474E+1	-7.314411E+0	1.648162E+1	-1.322762E-4	1.834261E-3	-5.733500E-3	-5.291049E+0
6.302420E+2	1.897436E+1	1.160137E+1	1.000576E+1	-7.372984E+0	1.651670E+1	-1.371639E-4	1.834018E-3	-6.303341E-3	-5.486557E+0
6.313620E+2	1.897431E+1	1.160578E+1	1.000498E+1	-7.368529E+0	1.651813E+1	-1.381132E-4	1.834261E-3	-6.202780E-3	-5.524527E+0
6.324790E+2	1.897445E+1	1.160563E+1	1.000566E+1	-7.368815E+0	1.651818E+1	-1.407116E-4	1.834261E-3	-6.048997E-3	-5.628463E+0
6.335920E+2	1.897437E+1	1.160549E+1	1.000574E+1	-7.368878E+0	1.651807E+1	-1.455363E-4	1.834018E-3	-5.821774E-3	-5.821452E+0
6.347110E+2	1.897433E+1	1.160658E+1	1.000479E+1	-7.367748E+0	1.651841E+1	-1.448026E-4	1.834261E-3	-5.525824E-3	-5.792104E+0
6.358240E+2	1.902756E+1	1.160255E+1	1.000574E+1	-7.425007E+0	1.655256E+1	-1.483134E-4	1.834018E-3	-6.437197E-3	-5.932534E+0
6.369430E+2	1.902740E+1	1.160664E+1	1.000424E+1	-7.420762E+0	1.655381E+1	-1.431852E-4	1.834261E-3	-6.319600E-3	-5.727406E+0
6.380580E+2	1.902753E+1	1.160267E+1	1.000575E+1	-7.424866E+0	1.655258E+1	-1.418355E-4	1.834018E-3	-6.149539E-3	-5.673420E+0
6.391740E+2	1.902738E+1	1.160661E+1	1.000581E+1	-7.420773E+0	1.655379E+1	-1.430312E-4	1.834261E-3	-5.904688E-3	-5.721248E+0
6.402880E+2	1.902743E+1	1.160681E+1	1.000572E+1	-7.420615E+0	1.655389E+1	-1.429107E-4	1.834018E-3	-5.594156E-3	-5.716427E+0
6.414030E+2	1.908118E+1	1.160652E+1	1.000581E+1	-7.474659E+0	1.658963E+1	-1.455623E-4	1.834261E-3	-6.322235E-3	-5.822492E+0
6.425240E+2	1.908141E+1	1.160664E+1	1.000467E+1	-7.474775E+0	1.658982E+1	-1.460473E-4	1.834018E-3	-6.199548E-3	-5.841891E+0
6.436350E+2	1.908150E+1	1.160229E+1	1.000579E+1	-7.479210E+0	1.658843E+1	-1.474298E-4	1.834261E-3	-6.017939E-3	-5.897194E+0
6.447520E+2	1.908122E+1	1.160635E+1	1.000562E+1	-7.474869E+0	1.658960E+1	-1.445351E-4	1.834261E-3	-5.759366E-3	-5.781406E+0
6.458650E+2	1.913509E+1	1.160655E+1	1.000562E+1	-7.528532E+0	1.662558E+1	-1.444850E-4	1.834261E-3	-6.836060E-3	-5.779401E+0
6.469840E+2	1.913498E+1	1.160630E+1	1.000569E+1	-7.528682E+0	1.662542E+1	-1.474210E-4	1.834261E-3	-6.765255E-3	-5.896841E+0
6.480980E+2	1.913514E+1	1.160664E+1	1.005676E+1	-7.528498E+0	1.662564E+1	-1.536864E-4	1.834261E-3	-6.641399E-3	-6.147455E+0
6.492190E+2	1.913523E+1	1.160281E+1	1.005775E+1	-7.532422E+0	1.662443E+1	-1.495858E-4	1.859118E-3	-6.447543E-3	-5.983432E+0
6.503340E+2	1.913522E+1	1.160672E+1	1.005691E+1	-7.528491E+0	1.662572E+1	-1.473677E-4	1.889823E-3	-6.182773E-3	-5.894707E+0
6.514500E+2	1.918790E+1	1.143245E+1	1.000605E+1	-7.755451E+0	1.660275E+1	-1.475222E-4	1.924914E-3	-6.858745E-3	-5.900890E+0
6.525670E+2	1.918767E+1	1.143567E+1	1.000607E+1	-7.752005E+0	1.660367E+1	-1.432243E-4	1.926133E-3	-6.767227E-3	-5.728973E+0
6.536810E+2	1.918822E+1	1.143555E+1	1.000590E+1	-7.752663E+0	1.660399E+1	-1.474349E-4	1.926133E-3	-6.630907E-3	-5.897397E+0
6.547960E+2	1.918806E+1	1.143311E+1	1.000609E+1	-7.754948E+0	1.660307E+1	-1.444994E-4	1.926133E-3	-6.415581E-3	-5.779975E+0
6.559130E+2	1.918826E+1	1.143561E+1	1.000496E+1	-7.752652E+0	1.660405E+1	-1.488361E-4	1.926133E-3	-6.136640E-3	-5.953445E+0
6.570280E+2	1.924098E+1	1.143164E+1	1.000609E+1	-7.809336E+0	1.663786E+1	-1.432026E-4	1.926133E-3	-6.794714E-3	-5.728102E+0
6.581500E+2	1.924109E+1	1.143555E+1	1.000484E+1	-7.805539E+0	1.663925E+1	-1.481685E-4	1.925889E-3	-6.692644E-3	-5.926739E+0
6.592630E+2	1.924117E+1	1.143515E+1	1.000579E+1	-7.806013E+0	1.663916E+1	-1.416239E-4	1.926133E-3	-6.533197E-3	-5.664955E+0
6.603770E+2	1.924115E+1	1.143535E+1	1.000607E+1	-7.805796E+0	1.663922E+1	-1.479142E-4	1.926133E-3	-6.303104E-3	-5.916567E+0
6.614960E+2	1.929436E+1	1.143570E+1	1.000522E+1	-7.858664E+0	1.667481E+1	-1.486254E-4	1.926133E-3	-7.088169E-3	-5.945016E+0
6.626100E+2	1.929424E+1	1.143159E+1	1.000609E+1	-7.862654E+0	1.667335E+1	-1.513167E-4	1.926133E-3	-7.035322E-3	-6.052666E+0
6.637270E+2	1.929427E+1	1.143599E+1	1.000495E+1	-7.858286E+0	1.667484E+1	-1.473553E-4	1.926133E-3	-6.927057E-3	-5.894211E+0
6.648430E+2	1.929430E+1	1.143268E+1	1.000607E+1	-7.861622E+0	1.667376E+1	-1.520375E-4	1.926133E-3	-6.749400E-3	-6.081502E+0
6.659560E+2	1.929429E+1	1.143558E+1	1.000612E+1	-7.858706E+0	1.667472E+1	-1.483981E-4	1.926133E-3	-6.501832E-3	-5.935925E+0
6.670720E+2	1.929442E+1	1.143561E+1	1.000591E+1	-7.858810E+0	1.667482E+1	-1.528786E-4	1.925889E-3	-6.187134E-3	-6.115143E+0
6.681910E+2	1.934763E+1	1.143455E+1	1.000588E+1	-7.913088E+0	1.670994E+1	-1.484448E-4	1.926133E-3	-6.832610E-3	-5.937791E+0
6.693040E+2	1.934769E+1	1.143590E+1	1.000490E+1	-7.911792E+0	1.671043E+1	-1.516782E-4	1.925889E-3	-6.696765E-3	-6.067127E+0
6.704220E+2	1.934725E+1	1.143153E+1	1.005796E+1	-7.915721E+0	1.670867E+1	-1.448938E-4	1.926133E-3	-6.494455E-3	-5.795754E+0
6.715400E+2	1.934765E+1	1.143587E+1	1.005768E+1	-7.911778E+0	1.671039E+1	-1.511649E-4	1.951720E-3	-6.235900E-3	-6.046597E+0
6.726540E+2	1.940160E+1	1.143587E+1	1.005802E+1	-7.965729E+0	1.674636E+1	-1.533376E-4	1.982669E-3	-6.822281E-3	-6.133503E+0
6.737760E+2	1.940155E+1	1.143573E+1	1.000604E+1	-7.965819E+0	1.674627E+1	-1.474792E-4	2.018735E-3	-6.741922E-3	-5.899169E+0
6.748950E+2	1.940149E+1	1.143596E+1	1.000583E+1	-7.965535E+0	1.674631E+1	-1.557957E-4	2.019954E-3	-6.604822E-3	-6.231829E+0
6.760100E+2	1.940155E+1	1.143558E+1	1.000603E+1	-7.965962E+0	1.674623E+1	-1.524134E-4	2.019954E-3	-6.400511E-3	-6.096538E+0
6.771250E+2	1.940163E+1	1.143590E+1	1.000493E+1	-7.965726E+0	1.674638E+1	-1.567795E-4	2.019710E-3	-6.127063E-3	-6.271179E+0
6.782440E+2	1.945473E+1	1.143202E+1	1.000610E+1	-8.022719E+0	1.678050E+1	-1.473100E-4	2.019710E-3	-6.896306E-3	-5.892399E+0
6.793600E+2	1.945492E+1	1.143570E+1	1.000493E+1	-8.019220E+0	1.678184E+1	-1.549935E-4	2.019954E-3	-6.804619E-3	-6.199738E+0
6.804770E+2	1.945478E+1	1.143331E+1	1.000607E+1	-8.021475E+0	1.678096E+1	-1.488980E-4	2.019710E-3	-6.650000E-3	-5.955921E+0
6.815920E+2	1.945495E+1	1.143584E+1	1.000609E+1	-8.019113E+0	1.678192E+1	-1.530137E-4	2.019710E-3	-6.431313E-3	-6.120549E+0
6.827050E+2	1.945492E+1	1.143570E+1	1.000610E+1	-8.019220E+0	1.678184E+1	-1.485318E-4	2.019954E-3	-6.139830E-3	-5.941273E+0
6.838210E+2	1.950853E+1	1.143181E+1	1.000609E+1	-8.076719E+0	1.681629E+1	-1.575870E-4	2.019954E-3	-6.901708E-3	-6.303480E+0
6.849400E+2	1.950848E+1	1.143552E+1	1.000488E+1	-8.072954E+0	1.681749E+1	-1.556832E-4	2.019710E-3	-6.793114E-3	-6.227328E+0
6.860530E+2	1.950830E+1	1.143006E+1	1.000603E+1	-8.078243E+0	1.681555E+1	-1.617391E-4	2.019954E-3	-6.623665E-3	-6.469562E+0
6.871700E+2	1.950864E+1	1.143529E+1	1.000609E+1	-8.073344E+0	1.681752E+1	-1.547038E-4	2.019710E-3	-6.394646E-3	-6.188150E+0
6.882880E+2	1.956190E+1	1.143578E+1	1.000605E+1	-8.126121E+0	1.685320E+1	-1.591428E-4	2.019710E-3	-7.213472E-3	-6.365710E+0
6.894010E+2	1.956210E+1	1.143443E+1	1.000612E+1	-8.127669E+0	1.685288E+1	-1.637188E-4	2.019954E-3	-7.163515E-3	-6.548753E+0
6.905170E+2	1.956209E+1	1.143555E+1	1.000481E+1	-8.126538E+0	1.685324E+1	-1.572889E-4	2.019710E-3	-7.052922E-3	-6.291555E+0
6.916340E+2	1.956194E+1	1.143135E+1	1.000583E+1	-8.130587E+0	1.685174E+1	-1.932275E-4	2.019710E-3	-6.869617E-3	-7.729101E+0
6.927500E+2	1.956206E+1	8.507240E+0	1.000476E+1	-1.105482E+1	1.587712E+1	-1.224861E-4	2.019954E-3	-6.622244E-3	-4.899444E+0
6.938650E+2	1.956176E+1	3.175325E+0	1.005790E+1	-1.638643E+1	1.409962E+1	1.944474E-5	2.019710E-3	-6.296128E-3	7.777896E-1
6.949840E+2	1.961576E+1	2.834909E+0	1.005781E+1	-1.678086E+1	1.402215E+1	2.279354E-5	2.045541E-3	-7.025626E-3	9.117417E-1
6.961020E+2	1.961584E+1	2.660802E+0	1.000579E+1	-1.695504E+1	1.396416E+1	2.722902E-5	2.076977E-3	-6.889479E-3	1.089161E+0
6.972170E+2	1.961577E+1	2.657810E+0	1.000579E+1	-1.695796E+1	1.396312E+1	3.191178E-5	2.077952E-3	-6.694633E-3	1.276471E+0
6.983320E+2	1.961583E+1	2.488767E+0	1.000477E+1	-1.712706E+1	1.390681E+1	3.051987E-5	2.077952E-3	-6.431217E-3	1.220795E+0
6.994510E+2	1.966878E+1	2.314314E+0	1.000576E+1	-1.735447E+1	1.388396E+1	3.167472E-5	2.077709E-3	-7.115796E-3	1.266989E+0
7.005650E+2	1.966884E+1	2.316789E+0	1.000529E+1	-1.735206E+1	1.388483E+1	3.670419E-5	2.077709E-3	-7.031470E-3	1.468167E+0
7.016810E+2	1.966870E+1	2.316760E+0	1.000573E+1	-1.735194E+1	1.388472E+1	3.284398E-5	2.077709E-3	-6.886200E-3	1.313759E+0
7.027940E+2	1.966885E+1	2.315494E+0	1.000582E+1	-1.735336E+1	1.388440E+1	3.060032E-5	2.077952E-3	-6.676351E-3	1.224013E+0
7.039110E+2	1.972226E+1	2.316271E+0	1.000472E+1	-1.740599E+1	1.392026E+1	4.033932E-5	2.077952E-3	-7.544852E-3	1.613573E+0
7.050270E+2	1.972236E+1	2.313595E+0	1.000602E+1	-1.740877E+1	1.391944E+1	3.949171E-5	2.077952E-3	-7.516340E-3	1.579668E+0
7.061440E+2	1.972216E+1	2.316415E+0	1.000485E+1	-1.740575E+1	1.392025E+1	3.941183E-5	2.077952E-3	-7.424995E-3	1.576473E+0
7.072600E+2	1.972227E+1	2.316559E+0	1.000585E+1	-1.740571E+1	1.392037E+1	3.926762E-5	2.077952E-3	-7.268938E-3	1.570705E+0
7.083740E+2	1.972233E+1	2.316530E+0	1.000599E+1	-1.740580E+1	1.392039E+1	3.482567E-5	2.077709E-3	-7.042905E-3	1.393027E+0
7.094890E+2	1.972217E+1	2.316358E+0	1.000534E+1	-1.740581E+1	1.392023E+1	3.380147E-5	2.077709E-3	-6.743710E-3	1.352059E+0
7.106050E+2	1.977586E+1	2.313883E+0	1.000607E+1	-1.746198E+1	1.395520E+1	3.236123E-5	2.077952E-3	-7.431871E-3	1.294449E+0
7.117210E+2	1.977545E+1	2.316588E+0	1.000485E+1	-1.745886E+1	1.395583E+1	3.630574E-5	2.077952E-3	-7.309615E-3	1.452230E+0
7.128370E+2	1.977589E+1	2.313912E+0	1.005795E+1	-1.746198E+1	1.395523E+1	3.542627E-5	2.077709E-3	-7.144559E-3	1.417051E+0
7.139610E+2	1.977588E+1	2.316271E+0	1.005758E+1	-1.745961E+1	1.395601E+1	3.557224E-5	2.103540E-3	-6.902630E-3	1.422890E+0
7.150800E+2	1.977577E+1	2.316444E+0	1.000573E+1	-1.745933E+1	1.395599E+1	3.973657E-5	2.134732E-3	-6.589300E-3	1.589463E+0
7.161930E+2	1.983002E+1	2.316156E+0	1.000598E+1	-1.751387E+1	1.399207E+1	3.283192E-5	2.135707E-3	-7.325086E-3	1.313277E+0
7.173050E+2	1.982998E+1	2.316559E+0	1.000459E+1	-1.751342E+1	1.399217E+1	3.667213E-5	2.135707E-3	-7.200994E-3	1.466885E+0
7.184260E+2	1.983001E+1	2.312617E+0	1.000580E+1	-1.751739E+1	1.399088E+1	3.344754E-5	2.135463E-3	-7.020639E-3	1.337902E+0
7.195360E+2	1.982939E+1	2.316386E+0	1.000467E+1	-1.751300E+1	1.399172E+1	3.172884E-5	2.135707E-3	-6.759261E-3	1.269154E+0
7.206550E+2	1.982999E+1	2.316386E+0	1.000559E+1	-1.751360E+1	1.399212E+1	3.138073E-5	2.135707E-3	-6.446949E-3	1.255229E+0
7.217670E+2	1.988293E+1	2.316242E+0	1.005765E+1	-1.756669E+1	1.402737E+1	3.412757E-5	2.135707E-3	-7.047450E-3	1.365103E+0
7.228880E+2	1.988300E+1	2.316185E+0	1.000566E+1	-1.756681E+1	1.402739E+1	4.129941E-5	2.161051E-3	-6.908404E-3	1.651976E+0
7.240000E+2	1.993680E+1	2.313595E+0	1.000558E+1	-1.762320E+1	1.406240E+1	3.324432E-5	2.161782E-3	-7.717511E-3	1.329773E+0
7.251160E+2	1.993685E+1	2.316156E+0	1.000445E+1	-1.762070E+1	1.406329E+1	3.437868E-5	2.161538E-3	-7.776300E-3	1.375147E+0
7.262340E+2	1.989056E+1	2.313768E+0	1.000557E+1	-1.757679E+1	1.403163E+1	3.797290E-5	2.161782E-3	-6.910952E-3	1.518916E+0
7.273640E+2	1.993750E+1	2.316358E+0	1.000477E+1	-1.762115E+1	1.406379E+1	3.611659E-5	2.161538E-3	-7.411963E-3	1.444664E+0
7.285790E+2	1.993703E+1	2.316761E+0	1.000578E+1	-1.762027E+1	1.406360E+1	3.860082E-5	2.161782E-3	-7.253418E-3	1.544033E+0
7.296960E+2	1.993697E+1	2.316905E+0	1.000564E+1	-1.762007E+1	1.406362E+1	3.317853E-5	2.161782E-3	-7.042845E-3	1.327141E+0
7.308160E+2	1.993695E+1	2.316588E+0	1.000564E+1	-1.762037E+1	1.406350E+1	4.033631E-5	2.161782E-3	-6.762731E-3	1.613452E+0
7.319310E+2	1.993701E+1	2.316933E+0	1.000463E+1	-1.762007E+1	1.406365E+1	3.609067E-5	2.161782E-3	-6.414521E-3	1.443627E+0
7.330450E+2	1.999141E+1	2.313135E+0	1.000565E+1	-1.767828E+1	1.409865E+1	3.466984E-5	2.161538E-3	-7.047129E-3	1.386794E+0
7.341580E+2	1.999079E+1	2.316645E+0	1.000453E+1	-1.767414E+1	1.409941E+1	3.879348E-5	2.161782E-3	-7.020492E-3	1.551739E+0
7.353060E+2	1.999143E+1	2.315638E+0	1.000583E+1	-1.767579E+1	1.409950E+1	3.623224E-5	2.161538E-3	-7.032301E-3	1.449290E+0
7.364210E+2	1.999131E+1	2.316387E+0	1.005785E+1	-1.767492E+1	1.409967E+1	3.477434E-5	2.161782E-3	-7.030052E-3	1.390974E+0
7.375400E+2	1.999130E+1	2.313480E+0	1.005807E+1	-1.767782E+1	1.409869E+1	3.209779E-5	2.186882E-3	-7.029876E-3	1.283911E+0
7.386550E+2	1.999116E+1	2.315725E+0	1.005682E+1	-1.767544E+1	1.409935E+1	3.664541E-5	2.217831E-3	-7.027416E-3	1.465817E+0
7.397760E+2	1.999137E+1	2.486206E+0	1.000582E+1	-1.750516E+1	1.415631E+1	3.351667E-5	2.252922E-3	-7.031176E-3	1.340667E+0
7.408910E+2	1.999132E+1	2.488163E+0	1.000528E+1	-1.750316E+1	1.415694E+1	3.624731E-5	2.253897E-3	-7.030612E-3	1.449892E+0
7.420040E+2	1.999143E+1	2.488738E+0	1.000586E+1	-1.750269E+1	1.415720E+1	3.362888E-5	2.254141E-3	-7.032301E-3	1.345155E+0
7.431200E+2	1.999134E+1	2.315753E+0	1.000604E+1	-1.767559E+1	1.409948E+1	4.043211E-5	2.254141E-3	-7.031242E-3	1.617284E+0
7.442360E+2	1.999115E+1	2.316098E+0	1.000464E+1	-1.767505E+1	1.409947E+1	3.930944E-5	2.254141E-3	-7.027449E-3	1.572378E+0
7.453540E+2	1.999140E+1	2.313537E+0	1.000606E+1	-1.767786E+1	1.409878E+1	3.677927E-5	2.253897E-3	-7.032017E-3	1.471171E+0
7.465210E+2	1.999063E+1	2.316645E+0	1.000558E+1	-1.767398E+1	1.409930E+1	3.418616E-5	2.254141E-3	-7.017784E-3	1.367446E+0
