Temps(s)	Pc(MPa)	Pax(MPa)	Ppam(MPa)	Q(MPa)	Pmoy(MPa)	Defaxcapt	Defvolfluide	Defvolconf	Deplct(µm)
1.867000E+0	2.095148E+1	2.107110E+1	1.016367E+1	1.196169E-1	2.099136E+1	4.867324E-8	-4.386436E-6	1.075211E-3	1.946930E-3
3.121000E+0	2.095137E+1	2.107064E+1	1.016324E+1	1.192729E-1	2.099112E+1	6.948495E-6	5.604890E-6	1.282421E-3	2.779398E-1
4.241000E+0	2.100471E+1	2.107116E+1	1.016267E+1	6.644230E-2	2.102686E+1	-9.845696E-7	1.876420E-5	2.556421E-4	-3.938279E-2
5.357000E+0	2.100460E+1	2.107116E+1	1.016325E+1	6.655729E-2	2.102678E+1	4.793720E-6	3.655363E-5	-7.959017E-6	1.917488E-1
6.474000E+0	2.100442E+1	2.106911E+1	1.021647E+1	6.469367E-2	2.102598E+1	1.389843E-8	5.897319E-5	-3.508644E-4	5.559372E-4
7.594000E+0	2.100454E+1	2.107147E+1	1.016330E+1	6.692834E-2	2.102685E+1	4.525095E-6	1.079551E-4	-7.719143E-4	1.810038E-1
8.720000E+0	2.095088E+1	2.107095E+1	1.016189E+1	1.200698E-1	2.099091E+1	4.494863E-6	1.410970E-4	-1.044543E-4	1.797945E-1
9.845000E+0	2.095064E+1	2.107173E+1	1.011061E+1	1.210857E-1	2.099100E+1	1.799815E-6	1.774070E-4	-3.356513E-4	7.199260E-2
1.096500E+1	2.089827E+1	2.107115E+1	1.010962E+1	1.728784E-1	2.095590E+1	3.558657E-6	1.976333E-4	5.074743E-4	1.423463E-1
1.208400E+1	2.089802E+1	2.107127E+1	1.011071E+1	1.732453E-1	2.095577E+1	4.805269E-6	2.212713E-4	4.658568E-4	1.922108E-1
1.320400E+1	2.089788E+1	2.106920E+1	1.005653E+1	1.713142E-1	2.095499E+1	3.036467E-6	2.502705E-4	3.645517E-4	1.214587E-1
1.432200E+1	2.089817E+1	2.107141E+1	1.005752E+1	1.732442E-1	2.095591E+1	4.947157E-6	2.619677E-4	1.856626E-4	1.978863E-1
1.543800E+1	2.089794E+1	2.106833E+1	1.005749E+1	1.703886E-1	2.095474E+1	3.433557E-6	2.778076E-4	-5.274133E-5	1.373423E-1
1.655900E+1	2.084606E+1	2.107153E+1	1.005764E+1	2.254623E-1	2.092122E+1	1.001272E-5	2.987650E-4	7.482048E-4	4.005090E-1
1.768300E+1	2.084595E+1	2.089920E+1	1.000552E+1	5.325576E-2	2.086370E+1	1.427463E-5	3.243526E-4	6.797931E-4	5.709853E-1
1.880100E+1	2.084587E+1	2.090101E+1	1.000550E+1	5.513960E-2	2.086425E+1	1.516650E-5	3.248400E-4	5.526832E-4	6.066601E-1
1.991400E+1	2.084600E+1	2.090167E+1	1.000562E+1	5.567422E-2	2.086456E+1	1.464876E-5	3.250836E-4	3.528298E-4	5.859502E-1
2.103400E+1	2.079230E+1	2.090119E+1	1.000493E+1	1.088903E-1	2.082859E+1	1.066378E-5	3.250836E-4	1.001157E-3	4.265511E-1
2.214800E+1	2.079229E+1	2.090130E+1	1.000551E+1	1.090124E-1	2.082863E+1	1.127051E-5	3.250836E-4	9.864052E-4	4.508205E-1
2.326600E+1	2.079155E+1	2.089943E+1	1.000427E+1	1.078822E-1	2.082751E+1	-2.514707E-6	3.250836E-4	9.276604E-4	-1.005883E-1
2.438000E+1	2.079181E+1	2.090142E+1	1.000565E+1	1.096095E-1	2.082835E+1	2.178446E-6	3.250836E-4	7.841243E-4	8.713784E-2
2.549100E+1	2.079180E+1	2.090027E+1	1.000553E+1	1.084681E-1	2.082796E+1	3.464742E-6	3.250836E-4	5.752258E-4	1.385897E-1
2.660500E+1	2.073805E+1	2.090125E+1	1.000501E+1	1.631949E-1	2.079245E+1	8.615077E-6	3.250836E-4	1.357237E-3	3.446031E-1
2.772200E+1	2.073804E+1	2.090130E+1	1.000561E+1	1.632588E-1	2.079246E+1	1.163003E-5	3.250836E-4	1.333506E-3	4.652012E-1
2.883800E+1	2.073801E+1	2.089932E+1	1.000450E+1	1.613026E-1	2.079178E+1	6.056250E-6	3.248400E-4	1.251740E-3	2.422500E-1
2.995400E+1	2.073799E+1	2.090136E+1	1.000544E+1	1.633697E-1	2.079245E+1	6.269848E-6	3.248400E-4	1.100616E-3	2.507939E-1
3.106900E+1	2.073792E+1	2.090053E+1	1.000548E+1	1.626078E-1	2.079212E+1	1.114233E-5	3.248400E-4	8.807755E-4	4.456931E-1
3.218400E+1	2.068503E+1	2.090130E+1	1.000526E+1	2.162683E-1	2.075712E+1	3.949579E-6	3.248400E-4	1.854801E-3	1.579831E-1
3.329800E+1	2.068479E+1	2.090101E+1	1.000543E+1	2.162196E-1	2.075687E+1	1.249587E-5	3.248400E-4	1.818299E-3	4.998350E-1
3.441700E+1	2.068498E+1	2.090110E+1	1.000443E+1	2.161215E-1	2.075702E+1	3.526982E-6	3.250836E-4	1.716095E-3	1.410793E-1
3.553400E+1	2.068490E+1	2.090113E+1	1.000538E+1	2.162298E-1	2.075697E+1	8.258400E-6	3.248400E-4	1.548820E-3	3.303360E-1
3.665100E+1	2.068491E+1	2.073283E+1	1.000485E+1	4.792430E-2	2.070088E+1	8.135748E-6	3.250836E-4	1.310782E-3	3.254299E-1
3.776700E+1	2.063075E+1	2.073315E+1	1.000550E+1	1.023981E-1	2.066488E+1	1.056208E-5	3.248400E-4	2.113616E-3	4.224833E-1
3.888000E+1	2.063055E+1	2.073329E+1	1.000565E+1	1.027474E-1	2.066480E+1	1.375397E-5	3.250836E-4	2.067112E-3	5.501586E-1
4.000000E+1	2.063090E+1	2.073301E+1	1.000420E+1	1.021132E-1	2.066493E+1	1.405254E-5	3.250836E-4	1.952002E-3	5.621016E-1
4.111600E+1	2.063066E+1	2.073336E+1	1.000551E+1	1.026906E-1	2.066490E+1	1.204083E-5	3.250836E-4	1.777620E-3	4.816334E-1
4.223000E+1	2.063107E+1	2.073252E+1	1.000445E+1	1.014551E-1	2.066489E+1	9.462394E-6	3.250836E-4	1.522024E-3	3.784958E-1
4.334700E+1	2.057788E+1	2.073310E+1	1.000530E+1	1.552158E-1	2.062962E+1	1.129457E-5	3.250836E-4	2.292451E-3	4.517827E-1
4.446000E+1	2.057796E+1	2.073241E+1	1.000525E+1	1.544470E-1	2.062945E+1	9.094402E-6	3.250836E-4	2.221396E-3	3.637761E-1
4.557800E+1	2.057804E+1	2.073333E+1	1.000526E+1	1.552890E-1	2.062981E+1	1.297356E-5	3.250836E-4	2.091573E-3	5.189424E-1
4.669300E+1	2.057795E+1	2.073310E+1	1.000530E+1	1.551458E-1	2.062967E+1	1.216515E-5	3.250836E-4	1.895290E-3	4.866058E-1
1.672380E+2	2.004588E+1	2.020390E+1	9.951776E+0	1.580140E-1	2.009855E+1	4.253840E-5	3.250836E-4	4.196251E-3	1.701536E+0
2.878700E+2	1.999123E+1	2.020625E+1	9.950891E+0	2.150201E-1	2.006290E+1	4.569800E-5	3.250836E-4	5.134694E-3	1.827920E+0
4.085170E+2	1.999070E+1	2.003544E+1	9.951537E+0	4.474676E-2	2.000561E+1	5.259108E-5	3.197224E-4	5.143037E-3	2.103643E+0
5.291480E+2	1.999050E+1	2.003350E+1	9.950818E+0	4.299759E-2	2.000484E+1	4.774350E-5	2.017761E-4	5.952229E-3	1.909740E+0
6.498070E+2	1.999117E+1	2.003217E+1	9.949891E+0	4.099939E-2	2.000484E+1	4.621113E-5	1.861798E-4	5.937944E-3	1.848445E+0
7.704510E+2	1.999057E+1	2.003493E+1	9.951071E+0	4.435608E-2	2.000536E+1	5.743576E-5	1.242824E-4	6.353053E-3	2.297430E+0
8.910050E+2	1.999110E+1	2.003492E+1	1.000450E+1	4.382196E-2	2.000571E+1	5.215324E-5	9.162777E-5	6.341334E-3	2.086130E+0
1.011543E+3	1.999090E+1	2.003492E+1	1.000363E+1	4.401780E-2	2.000557E+1	5.192003E-5	8.114907E-5	6.343110E-3	2.076801E+0
1.132094E+3	1.999023E+1	2.003149E+1	1.000329E+1	4.126196E-2	2.000398E+1	4.310776E-5	8.139276E-5	6.757779E-3	1.724311E+0
1.252641E+3	1.999025E+1	2.003123E+1	1.000417E+1	4.098391E-2	2.000391E+1	5.221828E-5	8.139276E-5	6.755548E-3	2.088731E+0
1.373183E+3	1.999078E+1	2.003393E+1	1.000379E+1	4.314687E-2	2.000517E+1	5.341744E-5	7.091405E-5	7.148702E-3	2.136698E+0
1.493713E+3	1.999019E+1	2.003358E+1	1.000407E+1	4.339732E-2	2.000465E+1	5.416360E-5	4.362067E-5	7.157997E-3	2.166544E+0
1.614241E+3	1.999066E+1	2.003134E+1	1.000357E+1	4.067234E-2	2.000422E+1	5.265819E-5	4.362067E-5	7.147261E-3	2.106327E+0
1.734783E+3	1.999019E+1	2.003378E+1	1.000379E+1	4.359042E-2	2.000472E+1	5.061065E-5	4.337698E-5	7.154306E-3	2.024426E+0
1.855307E+3	1.999067E+1	2.003142E+1	1.000335E+1	4.074915E-2	2.000425E+1	5.076083E-5	4.362067E-5	7.143744E-3	2.030433E+0
1.975841E+3	1.999009E+1	2.003101E+1	1.000379E+1	4.091594E-2	2.000373E+1	5.224127E-5	1.681467E-5	7.556518E-3	2.089651E+0
2.096367E+3	1.999061E+1	2.003086E+1	1.000323E+1	4.024818E-2	2.000403E+1	5.168449E-5	1.681467E-5	7.545182E-3	2.067379E+0
2.216891E+3	1.999073E+1	2.003334E+1	1.000361E+1	4.260758E-2	2.000493E+1	5.076290E-5	1.705836E-5	7.541089E-3	2.030516E+0
2.337400E+3	1.998999E+1	2.003310E+1	1.000241E+1	4.311424E-2	2.000436E+1	4.605127E-5	7.359465E-5	7.552984E-3	1.842051E+0
2.457932E+3	1.999053E+1	2.003342E+1	1.000215E+1	4.288903E-2	2.000482E+1	5.005258E-5	9.966957E-5	7.946869E-3	2.002103E+0
2.578454E+3	1.999051E+1	2.003256E+1	1.000306E+1	4.204243E-2	2.000453E+1	5.384250E-5	9.966957E-5	7.945444E-3	2.153700E+0
2.699032E+3	1.999007E+1	2.003071E+1	1.000315E+1	4.064725E-2	2.000362E+1	4.492622E-5	3.947792E-5	7.951719E-3	1.797049E+0
2.819561E+3	1.999063E+1	2.003220E+1	1.000299E+1	4.157374E-2	2.000449E+1	4.838818E-5	3.972161E-5	7.939610E-3	1.935527E+0
2.940124E+3	1.999064E+1	2.003321E+1	1.000223E+1	4.257256E-2	2.000483E+1	5.163116E-5	3.947792E-5	7.937799E-3	2.065246E+0
3.060664E+3	1.998991E+1	2.003266E+1	1.000203E+1	4.274680E-2	2.000416E+1	4.747809E-5	3.972161E-5	7.949274E-3	1.899124E+0
3.181236E+3	1.999053E+1	2.003234E+1	1.000313E+1	4.180532E-2	2.000447E+1	4.977813E-5	3.972161E-5	7.936076E-3	1.991125E+0
3.301807E+3	1.999043E+1	2.003340E+1	9.949111E+0	4.296907E-2	2.000476E+1	4.749915E-5	3.947792E-5	8.341456E-3	1.899966E+0
3.422384E+3	1.999053E+1	2.003070E+1	1.000273E+1	4.016585E-2	2.000392E+1	4.667469E-5	1.267193E-5	8.337714E-3	1.866988E+0
3.542946E+3	1.999035E+1	2.003297E+1	1.000271E+1	4.262526E-2	2.000455E+1	5.150840E-5	1.242824E-5	8.339417E-3	2.060336E+0
3.663501E+3	1.999039E+1	2.003256E+1	1.000271E+1	4.217979E-2	2.000444E+1	5.087799E-5	1.267193E-5	8.336973E-3	2.035120E+0
3.784040E+3	1.998987E+1	2.003308E+1	1.000280E+1	4.321396E-2	2.000427E+1	5.006839E-5	1.242824E-5	8.344269E-3	2.002736E+0
3.904625E+3	1.999040E+1	2.003265E+1	1.000256E+1	4.225593E-2	2.000448E+1	5.638975E-5	-4.581389E-5	8.332864E-3	2.255590E+0
4.025163E+3	1.998999E+1	2.020491E+1	1.000262E+1	2.149202E-1	2.006163E+1	4.829002E-5	3.752840E-5	8.338887E-3	1.931601E+0
4.145685E+3	1.999036E+1	2.003233E+1	1.000242E+1	4.197501E-2	2.000435E+1	5.004642E-5	3.752840E-5	8.330155E-3	2.001857E+0
4.266213E+3	1.999038E+1	2.003285E+1	1.000250E+1	4.247451E-2	2.000454E+1	5.148016E-5	3.752840E-5	8.328062E-3	2.059207E+0
4.386760E+3	1.999012E+1	2.003117E+1	1.000190E+1	4.105488E-2	2.000380E+1	5.008489E-5	3.752840E-5	8.735490E-3	2.003396E+0
4.507302E+3	1.998966E+1	2.003192E+1	1.000219E+1	4.225753E-2	2.000375E+1	5.224767E-5	3.752840E-5	8.741869E-3	2.089907E+0
4.627859E+3	1.998984E+1	2.003250E+1	1.000138E+1	4.266391E-2	2.000406E+1	4.720154E-5	3.752840E-5	8.736757E-3	1.888062E+0
4.748399E+3	1.999022E+1	2.002945E+1	1.000130E+1	3.923063E-2	2.000330E+1	5.292681E-5	3.752840E-5	8.728160E-3	2.117072E+0
4.868950E+3	1.999015E+1	2.003040E+1	1.000229E+1	4.025193E-2	2.000357E+1	4.644467E-5	3.752840E-5	8.727511E-3	1.857787E+0
4.989515E+3	1.999034E+1	2.003202E+1	1.000244E+1	4.167699E-2	2.000423E+1	5.000783E-5	3.752840E-5	8.722326E-3	2.000313E+0
5.110075E+3	1.999036E+1	2.002986E+1	1.000208E+1	3.949231E-2	2.000353E+1	5.228232E-5	1.096609E-5	8.719955E-3	2.091293E+0
5.230640E+3	1.999018E+1	2.003250E+1	1.000243E+1	4.231739E-2	2.000429E+1	4.710746E-5	-4.776341E-5	8.721309E-3	1.884298E+0
5.351202E+3	1.999035E+1	2.003241E+1	1.000114E+1	4.206135E-2	2.000437E+1	5.410569E-5	-7.456941E-5	8.716789E-3	2.164227E+0
5.471747E+3	1.998980E+1	2.003023E+1	1.000215E+1	4.042643E-2	2.000328E+1	5.298455E-5	-7.456941E-5	9.605416E-3	2.119382E+0
5.592284E+3	2.004509E+1	2.002945E+1	1.000236E+1	-1.564386E-2	2.003988E+1	4.681339E-5	-7.456941E-5	8.651740E-3	1.872536E+0
5.712842E+3	1.999035E+1	2.003167E+1	1.000247E+1	4.131327E-2	2.000413E+1	4.671683E-5	-7.456941E-5	9.591813E-3	1.868673E+0
5.833379E+3	1.999019E+1	2.003276E+1	1.000229E+1	4.256683E-2	2.000438E+1	4.861336E-5	-7.456941E-5	9.592572E-3	1.944534E+0
5.953931E+3	1.998995E+1	2.003282E+1	1.000127E+1	4.286404E-2	2.000424E+1	5.325992E-5	-7.456941E-5	9.595573E-3	2.130397E+0
6.074510E+3	1.999018E+1	2.003237E+1	1.000204E+1	4.219201E-2	2.000424E+1	4.935878E-5	-1.016191E-4	9.589511E-3	1.974351E+0
6.195042E+3	1.999041E+1	2.003078E+1	1.000240E+1	4.036786E-2	2.000386E+1	5.613688E-5	-1.016191E-4	9.583274E-3	2.245475E+0
6.315592E+3	1.999038E+1	2.003279E+1	1.000088E+1	4.241694E-2	2.000451E+1	5.473573E-5	-1.016191E-4	9.582410E-3	2.189429E+0
6.436145E+3	1.999023E+1	2.003273E+1	1.000242E+1	4.249479E-2	2.000440E+1	4.980728E-5	-1.018628E-4	9.583096E-3	1.992291E+0
6.556706E+3	1.999039E+1	2.003003E+1	1.000246E+1	3.963694E-2	2.000361E+1	5.220119E-5	-1.281814E-4	9.578403E-3	2.088047E+0
6.677241E+3	1.998977E+1	2.002960E+1	1.000247E+1	3.982904E-2	2.000305E+1	5.032831E-5	-1.281814E-4	9.587945E-3	2.013132E+0
6.797783E+3	1.999043E+1	2.003219E+1	1.000147E+1	4.176120E-2	2.000435E+1	4.857861E-5	-1.281814E-4	9.573906E-3	1.943144E+0
6.918339E+3	1.999031E+1	2.003234E+1	1.000219E+1	4.202971E-2	2.000432E+1	5.444176E-5	-1.866672E-4	9.574623E-3	2.177670E+0
7.038899E+3	1.999026E+1	2.003204E+1	1.000224E+1	4.177566E-2	2.000419E+1	5.172101E-5	-1.096609E-5	9.573796E-3	2.068840E+0
7.159446E+3	1.999036E+1	2.002965E+1	1.000179E+1	3.929022E-2	2.000346E+1	5.347637E-5	-1.096609E-5	9.975729E-3	2.139055E+0
7.280014E+3	1.999038E+1	2.003175E+1	1.000225E+1	4.137223E-2	2.000417E+1	5.071153E-5	-1.601049E-4	9.973707E-3	2.028461E+0
7.400558E+3	1.998980E+1	2.003246E+1	1.000236E+1	4.266115E-2	2.000402E+1	5.194550E-5	-1.603486E-4	9.982371E-3	2.077820E+0
7.521097E+3	1.999031E+1	2.003273E+1	1.000250E+1	4.242170E-2	2.000445E+1	5.548236E-5	-1.601049E-4	9.971631E-3	2.219294E+0
7.641670E+3	1.999036E+1	2.003077E+1	1.000187E+1	4.041234E-2	2.000383E+1	4.808286E-5	-1.601049E-4	9.968976E-3	1.923314E+0
7.762226E+3	1.999032E+1	2.003215E+1	1.000210E+1	4.182969E-2	2.000427E+1	5.186810E-5	-1.603486E-4	9.967694E-3	2.074724E+0
7.882766E+3	1.999035E+1	2.003172E+1	1.000219E+1	4.137206E-2	2.000414E+1	5.493294E-5	-1.601049E-4	9.965217E-3	2.197318E+0
8.003323E+3	1.998983E+1	2.003049E+1	1.000117E+1	4.065932E-2	2.000338E+1	5.562036E-5	-1.603486E-4	9.972862E-3	2.224814E+0
8.123883E+3	1.998992E+1	2.003244E+1	1.000214E+1	4.252692E-2	2.000409E+1	5.095741E-5	-1.601049E-4	1.037480E-2	2.038297E+0
8.244450E+3	1.998978E+1	2.003267E+1	1.000190E+1	4.289057E-2	2.000408E+1	4.923357E-5	-1.601049E-4	1.037580E-2	1.969343E+0
8.365008E+3	1.998995E+1	2.003016E+1	1.000201E+1	4.020865E-2	2.000336E+1	4.836142E-5	-1.603486E-4	1.037072E-2	1.934457E+0
8.485581E+3	1.999031E+1	2.003202E+1	1.000210E+1	4.170301E-2	2.000421E+1	5.213645E-5	-1.601049E-4	1.036241E-2	2.085458E+0
8.606162E+3	1.999039E+1	2.003163E+1	1.000231E+1	4.123932E-2	2.000414E+1	5.140287E-5	-1.601049E-4	1.035919E-2	2.056115E+0
8.726706E+3	1.999031E+1	2.003241E+1	1.000237E+1	4.209821E-2	2.000435E+1	5.024892E-5	-1.871546E-4	1.035875E-2	2.009957E+0
8.847256E+3	1.998989E+1	2.003255E+1	1.000127E+1	4.265847E-2	2.000411E+1	4.767370E-5	-1.869109E-4	1.036450E-2	1.906948E+0
8.967802E+3	1.999035E+1	2.003057E+1	1.000192E+1	4.022108E-2	2.000375E+1	5.134328E-5	-1.869109E-4	1.035446E-2	2.053731E+0
9.088342E+3	1.999036E+1	2.003264E+1	1.000238E+1	4.228324E-2	2.000445E+1	5.243052E-5	-1.869109E-4	1.035234E-2	2.097221E+0
9.208890E+3	1.998981E+1	2.003040E+1	1.000199E+1	4.059014E-2	2.000334E+1	5.095379E-5	-1.871546E-4	1.036103E-2	2.038152E+0
9.329432E+3	1.999023E+1	2.003117E+1	1.000226E+1	4.094807E-2	2.000388E+1	5.477684E-5	-1.871546E-4	1.123567E-2	2.191074E+0
9.449947E+3	1.998983E+1	2.003270E+1	1.000208E+1	4.286594E-2	2.000412E+1	4.844972E-5	-1.869109E-4	1.124120E-2	1.937989E+0
9.570460E+3	2.004513E+1	2.003304E+1	1.000159E+1	-1.209238E-2	2.004110E+1	5.309219E-5	-1.871546E-4	1.028744E-2	2.123688E+0
9.690999E+3	1.999040E+1	2.003198E+1	1.000223E+1	4.157627E-2	2.000426E+1	5.128728E-5	-1.871546E-4	1.122711E-2	2.051491E+0
9.811549E+3	1.999032E+1	2.003102E+1	1.000180E+1	4.069796E-2	2.000389E+1	4.995804E-5	-1.871546E-4	1.122681E-2	1.998322E+0
9.932132E+3	1.998991E+1	2.003189E+1	1.000198E+1	4.198018E-2	2.000390E+1	4.767601E-5	-2.137169E-4	1.123249E-2	1.907040E+0
1.005267E+4	1.999027E+1	2.003244E+1	1.000217E+1	4.217147E-2	2.000433E+1	5.350232E-5	-2.134732E-4	1.122414E-2	2.140093E+0
1.017324E+4	1.999032E+1	2.002968E+1	1.000217E+1	3.935524E-2	2.000344E+1	5.031832E-5	-2.134732E-4	1.122148E-2	2.012733E+0
1.029380E+4	1.999012E+1	2.003241E+1	1.000196E+1	4.229276E-2	2.000422E+1	5.298955E-5	-2.137169E-4	1.122298E-2	2.119582E+0
1.041435E+4	1.999014E+1	2.003244E+1	1.000209E+1	4.229606E-2	2.000424E+1	5.261069E-5	-1.581554E-4	1.122092E-2	2.104428E+0
1.053491E+4	1.999036E+1	2.003016E+1	1.000212E+1	3.979857E-2	2.000363E+1	5.314389E-5	-1.581554E-4	1.121518E-2	2.125756E+0
1.065547E+4	1.999024E+1	2.003189E+1	1.000196E+1	4.165143E-2	2.000412E+1	4.739622E-5	-1.581554E-4	1.121575E-2	1.895849E+0
1.077601E+4	1.998965E+1	2.003189E+1	1.000176E+1	4.223828E-2	2.000373E+1	5.551927E-5	-1.581554E-4	1.122484E-2	2.220771E+0
1.089656E+4	1.999021E+1	2.003246E+1	1.000186E+1	4.225237E-2	2.000429E+1	4.706131E-5	-1.579117E-4	1.121259E-2	1.882452E+0
1.101711E+4	1.999020E+1	2.002982E+1	1.000174E+1	3.962306E-2	2.000341E+1	5.421289E-5	-1.581554E-4	1.121085E-2	2.168516E+0
1.113765E+4	1.998981E+1	2.002973E+1	1.000121E+1	3.992840E-2	2.000311E+1	5.243310E-5	-1.581554E-4	1.121663E-2	2.097324E+0
1.125819E+4	1.999018E+1	2.003148E+1	1.000026E+1	4.130964E-2	2.000395E+1	5.189956E-5	-1.581554E-4	1.120811E-2	2.075982E+0
1.137877E+4	1.998958E+1	2.003215E+1	1.000181E+1	4.256783E-2	2.000377E+1	4.770558E-5	-1.579117E-4	1.121712E-2	1.908223E+0
1.149931E+4	1.999012E+1	2.003224E+1	1.000211E+1	4.211182E-2	2.000416E+1	5.573534E-5	-1.579117E-4	1.120540E-2	2.229414E+0
1.161988E+4	1.999015E+1	2.003233E+1	1.000187E+1	4.218039E-2	2.000421E+1	4.737773E-5	-1.579117E-4	1.120303E-2	1.895109E+0
1.174043E+4	1.999022E+1	2.003212E+1	1.000223E+1	4.190711E-2	2.000419E+1	4.888624E-5	-1.581554E-4	1.119978E-2	1.955450E+0
1.186098E+4	1.998959E+1	2.003201E+1	1.000219E+1	4.241568E-2	2.000373E+1	5.333443E-5	-1.579117E-4	1.120988E-2	2.133377E+0
1.198152E+4	1.998981E+1	2.003201E+1	1.000096E+1	4.219381E-2	2.000388E+1	4.887211E-5	-1.581554E-4	1.120382E-2	1.954884E+0
1.210205E+4	1.999018E+1	2.003161E+1	1.000095E+1	4.142546E-2	2.000399E+1	5.057321E-5	-1.581554E-4	1.207213E-2	2.022928E+0
1.222258E+4	1.998979E+1	2.003226E+1	1.000088E+1	4.247057E-2	2.000395E+1	5.444510E-5	-1.581554E-4	1.207756E-2	2.177804E+0
1.234315E+4	1.998976E+1	2.003235E+1	1.000218E+1	4.259187E-2	2.000396E+1	4.697065E-5	-1.579117E-4	1.207645E-2	1.878826E+0
1.246371E+4	1.998976E+1	2.003187E+1	1.000196E+1	4.211229E-2	2.000379E+1	5.235361E-5	-1.581554E-4	1.207485E-2	2.094144E+0
1.258425E+4	1.999020E+1	2.003189E+1	1.000093E+1	4.169599E-2	2.000410E+1	4.913675E-5	-1.579117E-4	1.206475E-2	1.965470E+0
1.270480E+4	1.999018E+1	2.003253E+1	1.000169E+1	4.234679E-2	2.000429E+1	5.182549E-5	-1.581554E-4	1.206339E-2	2.073020E+0
1.282535E+4	1.999028E+1	2.003232E+1	1.000231E+1	4.203727E-2	2.000429E+1	5.739442E-5	-1.579117E-4	1.205979E-2	2.295777E+0
1.294593E+4	1.999025E+1	2.003273E+1	1.000121E+1	4.247701E-2	2.000441E+1	5.264658E-5	-1.581554E-4	1.205816E-2	2.105863E+0
1.306649E+4	1.999029E+1	2.003011E+1	1.000224E+1	3.981416E-2	2.000356E+1	5.376282E-5	-1.581554E-4	1.205592E-2	2.150513E+0
1.318705E+4	1.999021E+1	2.003264E+1	1.000200E+1	4.243331E-2	2.000435E+1	5.175026E-5	-1.579117E-4	1.205580E-2	2.070011E+0
1.330762E+4	1.999021E+1	2.003037E+1	1.000226E+1	4.016081E-2	2.000359E+1	5.392315E-5	-1.579117E-4	1.205388E-2	2.156926E+0
1.342818E+4	1.999019E+1	2.003180E+1	1.000214E+1	4.160964E-2	2.000406E+1	5.386105E-5	-1.581554E-4	1.205239E-2	2.154442E+0
1.354873E+4	1.998977E+1	2.003238E+1	1.000099E+1	4.261111E-2	2.000397E+1	5.269288E-5	-1.579117E-4	1.205855E-2	2.107715E+0
1.366930E+4	1.999018E+1	2.003011E+1	1.000219E+1	3.992922E-2	2.000349E+1	5.096159E-5	-1.581554E-4	1.204898E-2	2.038463E+0
1.378987E+4	1.999030E+1	2.003270E+1	1.000195E+1	4.240307E-2	2.000443E+1	4.859564E-5	-1.581554E-4	1.204516E-2	1.943826E+0
1.391045E+4	1.999014E+1	2.003025E+1	1.000198E+1	4.011693E-2	2.000351E+1	5.637964E-5	-2.159101E-4	1.204637E-2	2.255186E+0
1.403101E+4	1.999026E+1	2.003256E+1	1.000201E+1	4.229485E-2	2.000436E+1	5.411333E-5	-2.159101E-4	1.204214E-2	2.164533E+0
1.415157E+4	1.999036E+1	2.003223E+1	1.000205E+1	4.187020E-2	2.000432E+1	5.383530E-5	-2.159101E-4	1.291753E-2	2.153412E+0
1.427210E+4	2.004478E+1	2.002973E+1	1.000217E+1	-1.504711E-2	2.003977E+1	4.968139E-5	-2.159101E-4	1.197992E-2	1.987255E+0
1.439264E+4	2.004487E+1	2.003209E+1	1.000183E+1	-1.277614E-2	2.004061E+1	4.792031E-5	-2.159101E-4	1.197651E-2	1.916813E+0
1.451318E+4	1.998979E+1	2.002881E+1	1.000237E+1	3.902478E-2	2.000280E+1	5.127201E-5	-2.161538E-4	1.292278E-2	2.050880E+0
1.463372E+4	1.999030E+1	2.002962E+1	1.000161E+1	3.932376E-2	2.000341E+1	4.951692E-5	-2.159101E-4	1.291169E-2	1.980677E+0
1.475426E+4	1.999017E+1	2.002954E+1	1.000098E+1	3.937032E-2	2.000329E+1	5.570509E-5	-2.159101E-4	1.291234E-2	2.228204E+0
1.487484E+4	1.999016E+1	2.003219E+1	1.000215E+1	4.202700E-2	2.000417E+1	5.101688E-5	-2.161538E-4	1.291057E-2	2.040675E+0
1.499540E+4	1.999026E+1	2.003192E+1	1.000131E+1	4.166121E-2	2.000415E+1	5.268149E-5	-2.159101E-4	1.290696E-2	2.107260E+0
1.511596E+4	1.999017E+1	2.003264E+1	1.000231E+1	4.247016E-2	2.000433E+1	5.343626E-5	-2.159101E-4	1.290691E-2	2.137451E+0
1.523651E+4	1.999014E+1	2.003149E+1	1.000214E+1	4.135419E-2	2.000392E+1	4.861884E-5	-2.161538E-4	1.290539E-2	1.944754E+0
1.535707E+4	1.999005E+1	2.002937E+1	1.000204E+1	3.931465E-2	2.000316E+1	4.927260E-5	-2.159101E-4	1.290550E-2	1.970904E+0
1.547764E+4	1.999010E+1	2.003236E+1	1.000219E+1	4.226258E-2	2.000418E+1	5.171887E-5	-2.159101E-4	1.290296E-2	2.068755E+0
1.559818E+4	1.998969E+1	2.003241E+1	1.000244E+1	4.272954E-2	2.000393E+1	5.140011E-5	-2.161538E-4	1.290835E-2	2.056004E+0
1.571875E+4	1.999020E+1	2.002934E+1	1.000246E+1	3.913395E-2	2.000325E+1	5.499158E-5	-2.159101E-4	1.289737E-2	2.199663E+0
1.583932E+4	1.999016E+1	2.003153E+1	1.000254E+1	4.136649E-2	2.000395E+1	4.896291E-5	-2.161538E-4	1.289619E-2	1.958516E+0
1.595990E+4	1.999024E+1	2.003170E+1	1.000227E+1	4.145772E-2	2.000406E+1	5.365941E-5	-2.159101E-4	1.289276E-2	2.146376E+0
1.608046E+4	1.999027E+1	2.003259E+1	1.000147E+1	4.231532E-2	2.000438E+1	5.594542E-5	-2.161538E-4	1.289074E-2	2.237817E+0
1.620105E+4	1.998976E+1	2.003250E+1	1.000261E+1	4.274341E-2	2.000401E+1	5.221405E-5	-2.161538E-4	1.289842E-2	2.088562E+0
1.632162E+4	1.998983E+1	2.003063E+1	1.000261E+1	4.080256E-2	2.000343E+1	5.167204E-5	-2.159101E-4	1.289517E-2	2.066882E+0
1.644219E+4	1.999029E+1	2.003305E+1	1.000264E+1	4.275793E-2	2.000455E+1	5.114268E-5	-2.159101E-4	1.288471E-2	2.045707E+0
1.656276E+4	1.999021E+1	2.003000E+1	1.000230E+1	3.979508E-2	2.000347E+1	5.463226E-5	-2.429598E-4	1.328912E-2	2.185291E+0
1.668334E+4	1.999029E+1	2.003193E+1	1.000096E+1	4.163574E-2	2.000417E+1	4.697391E-5	-2.429598E-4	1.328566E-2	1.878956E+0
1.680389E+4	1.999030E+1	2.003259E+1	1.000237E+1	4.228801E-2	2.000440E+1	5.168261E-5	-2.429598E-4	1.328370E-2	2.067304E+0
1.692445E+4	1.999018E+1	2.003021E+1	1.000231E+1	4.002449E-2	2.000353E+1	5.425144E-5	-2.432035E-4	1.328418E-2	2.170057E+0
1.704502E+4	1.999030E+1	2.003257E+1	1.000233E+1	4.226821E-2	2.000439E+1	4.833809E-5	-2.429598E-4	1.328012E-2	1.933523E+0
1.716560E+4	1.999038E+1	2.003179E+1	1.000264E+1	4.141123E-2	2.000418E+1	5.057642E-5	-2.429598E-4	1.327694E-2	2.023057E+0
1.728617E+4	1.998994E+1	2.003233E+1	1.000261E+1	4.239401E-2	2.000407E+1	4.880052E-5	-2.429598E-4	1.328314E-2	1.952021E+0
1.740675E+4	1.998962E+1	2.003279E+1	1.000161E+1	4.317484E-2	2.000401E+1	5.299330E-5	-2.429598E-4	1.328734E-2	2.119732E+0
1.752732E+4	1.999018E+1	2.003107E+1	1.000230E+1	4.088771E-2	2.000381E+1	4.749099E-5	-2.429598E-4	1.327499E-2	1.899640E+0
1.764790E+4	1.999041E+1	2.003305E+1	1.000259E+1	4.264097E-2	2.000462E+1	5.308203E-5	-2.429598E-4	1.326910E-2	2.123281E+0
1.776847E+4	1.999036E+1	2.003058E+1	1.000263E+1	4.021161E-2	2.000377E+1	4.847167E-5	-2.429598E-4	1.326820E-2	1.938867E+0
1.788905E+4	1.999026E+1	2.003222E+1	1.000254E+1	4.195851E-2	2.000425E+1	4.818449E-5	-2.432035E-4	1.326839E-2	1.927380E+0
1.800960E+4	2.004505E+1	2.003098E+1	1.000267E+1	-1.407497E-2	2.004036E+1	4.828740E-5	-2.429598E-4	1.320148E-2	1.931496E+0
1.813013E+4	2.004242E+1	2.003276E+1	1.000251E+1	-9.658279E-3	2.003920E+1	4.804208E-5	-2.429598E-4	1.324970E-2	1.921683E+0
1.825066E+4	2.004502E+1	2.003272E+1	1.000273E+1	-1.230596E-2	2.004092E+1	4.694251E-5	-2.429598E-4	1.319844E-2	1.877700E+0
1.837122E+4	2.004509E+1	2.003265E+1	1.000174E+1	-1.244172E-2	2.004094E+1	4.585381E-5	-2.429598E-4	1.319539E-2	1.834152E+0
1.849179E+4	1.999035E+1	2.003270E+1	1.000280E+1	4.235797E-2	2.000447E+1	5.427313E-5	-2.692784E-4	1.413557E-2	2.170925E+0
1.861231E+4	2.004487E+1	2.003210E+1	1.000271E+1	-1.276782E-2	2.004062E+1	4.788587E-5	-2.695221E-4	1.319614E-2	1.915435E+0
1.873287E+4	1.998991E+1	2.003270E+1	1.000269E+1	4.279476E-2	2.000418E+1	5.331744E-5	-2.692784E-4	1.413972E-2	2.132698E+0
1.885341E+4	1.999032E+1	2.003031E+1	1.000151E+1	3.998502E-2	2.000365E+1	5.380082E-5	-2.695221E-4	1.413067E-2	2.152033E+0
1.897397E+4	1.999027E+1	2.003248E+1	1.000263E+1	4.220925E-2	2.000434E+1	5.583164E-5	-2.695221E-4	1.412984E-2	2.233265E+0
1.909450E+4	1.998984E+1	2.003212E+1	1.000250E+1	4.227901E-2	2.000394E+1	5.690974E-5	-2.692784E-4	1.413559E-2	2.276389E+0
1.921504E+4	1.999025E+1	2.003215E+1	1.000254E+1	4.189832E-2	2.000422E+1	4.349803E-5	-2.692784E-4	1.412636E-2	1.739921E+0
1.933561E+4	1.999029E+1	2.003262E+1	1.000173E+1	4.233395E-2	2.000440E+1	5.136491E-5	-2.692784E-4	1.412378E-2	2.054596E+0
1.945617E+4	1.999028E+1	2.003023E+1	1.000271E+1	3.995471E-2	2.000360E+1	5.038904E-5	-2.692784E-4	1.412246E-2	2.015561E+0
1.957672E+4	1.999030E+1	2.003201E+1	1.000260E+1	4.171132E-2	2.000421E+1	5.378463E-5	-2.429598E-4	1.412029E-2	2.151385E+0
1.969726E+4	1.998993E+1	2.003308E+1	1.000239E+1	4.315041E-2	2.000431E+1	4.974459E-5	-2.429598E-4	1.412520E-2	1.989784E+0
1.981778E+4	1.999036E+1	2.003218E+1	1.000276E+1	4.182223E-2	2.000430E+1	5.413043E-5	-2.432035E-4	1.411562E-2	2.165217E+0
1.993832E+4	1.998982E+1	2.003259E+1	1.000238E+1	4.276804E-2	2.000408E+1	5.043682E-5	-2.429598E-4	1.412358E-2	2.017473E+0
2.005885E+4	1.999035E+1	2.003187E+1	1.000256E+1	4.152292E-2	2.000419E+1	5.380939E-5	-2.429598E-4	1.411221E-2	2.152376E+0
2.017940E+4	1.999038E+1	2.003259E+1	1.000126E+1	4.220790E-2	2.000445E+1	4.951383E-5	-1.503573E-4	1.410980E-2	1.980553E+0
2.029996E+4	1.998988E+1	2.003290E+1	1.000233E+1	4.302219E-2	2.000422E+1	5.192780E-5	-1.503573E-4	1.411741E-2	2.077112E+0
2.042051E+4	1.998973E+1	2.003080E+1	1.000249E+1	4.107375E-2	2.000342E+1	5.381414E-5	-1.506010E-4	1.411824E-2	2.152566E+0
2.054109E+4	1.998990E+1	2.003296E+1	1.000230E+1	4.306198E-2	2.000425E+1	5.101104E-5	-1.503573E-4	1.411333E-2	2.040442E+0
2.066165E+4	1.999020E+1	2.002925E+1	1.000216E+1	3.904890E-2	2.000321E+1	4.661835E-5	-1.506010E-4	1.410614E-2	1.864734E+0
2.078223E+4	1.999012E+1	2.003141E+1	1.000233E+1	4.129462E-2	2.000388E+1	5.664863E-5	-1.503573E-4	1.410567E-2	2.265945E+0
2.090280E+4	1.999026E+1	2.003101E+1	1.000192E+1	4.074935E-2	2.000384E+1	5.445313E-5	-1.503573E-4	1.410136E-2	2.178125E+0
2.102335E+4	1.999020E+1	2.003259E+1	1.000246E+1	4.239482E-2	2.000433E+1	5.222218E-5	-1.503573E-4	1.410082E-2	2.088887E+0
2.114392E+4	1.999018E+1	2.002910E+1	1.000250E+1	3.892154E-2	2.000316E+1	5.324250E-5	-1.503573E-4	1.409911E-2	2.129700E+0
2.126449E+4	1.999006E+1	2.003190E+1	1.000142E+1	4.183781E-2	2.000401E+1	5.237896E-5	-1.503573E-4	1.409938E-2	2.095159E+0
2.138506E+4	1.999015E+1	2.002939E+1	1.000244E+1	3.924425E-2	2.000323E+1	5.276931E-5	-1.503573E-4	1.409606E-2	2.110772E+0
2.150563E+4	1.998967E+1	2.003144E+1	1.000216E+1	4.176843E-2	2.000359E+1	5.707351E-5	-1.503573E-4	1.410293E-2	2.282940E+0
2.162621E+4	1.998969E+1	2.002957E+1	1.000241E+1	3.987975E-2	2.000298E+1	5.361438E-5	-1.503573E-4	1.410115E-2	2.144575E+0
2.174677E+4	1.998973E+1	2.003194E+1	1.000234E+1	4.220420E-2	2.000380E+1	5.516815E-5	-1.506010E-4	1.450414E-2	2.206726E+0
2.186733E+4	1.998968E+1	2.003125E+1	1.000236E+1	4.156769E-2	2.000353E+1	5.554945E-5	-1.503573E-4	1.450321E-2	2.221978E+0
2.198789E+4	1.998969E+1	2.002886E+1	1.000143E+1	3.917060E-2	2.000274E+1	5.394412E-5	-1.503573E-4	1.450136E-2	2.157765E+0
2.210848E+4	1.999023E+1	2.002986E+1	1.000177E+1	3.963407E-2	2.000344E+1	5.486278E-5	-1.503573E-4	1.448939E-2	2.194511E+0
2.222906E+4	1.999030E+1	2.003259E+1	1.000277E+1	4.229570E-2	2.000440E+1	5.030251E-5	-1.503573E-4	1.448614E-2	2.012101E+0
2.234962E+4	1.999019E+1	2.003225E+1	1.000169E+1	4.205916E-2	2.000421E+1	5.267926E-5	-1.503573E-4	1.448662E-2	2.107170E+0
2.247029E+4	1.999012E+1	2.003254E+1	1.000182E+1	4.241743E-2	2.000426E+1	4.883520E-5	-1.503573E-4	1.448621E-2	1.953408E+0
2.259088E+4	1.999030E+1	2.003245E+1	1.000272E+1	4.215247E-2	2.000435E+1	5.442772E-5	-1.503573E-4	1.448099E-2	2.177109E+0
2.271146E+4	1.998973E+1	2.002886E+1	1.000249E+1	3.912489E-2	2.000278E+1	4.808193E-5	-1.503573E-4	1.448972E-2	1.923277E+0
2.283203E+4	1.998994E+1	2.003185E+1	1.000229E+1	4.190361E-2	2.000391E+1	5.708727E-5	-1.503573E-4	1.448391E-2	2.283491E+0
2.295260E+4	1.999037E+1	2.003141E+1	1.000285E+1	4.104605E-2	2.000405E+1	5.478300E-5	-1.506010E-4	1.447416E-2	2.191320E+0
2.307317E+4	1.999023E+1	2.003191E+1	1.000232E+1	4.167698E-2	2.000412E+1	5.512130E-5	-1.503573E-4	1.447519E-2	2.204852E+0
2.319373E+4	1.999030E+1	2.002969E+1	1.000247E+1	3.938133E-2	2.000343E+1	5.252150E-5	-1.506010E-4	1.447215E-2	2.100860E+0
2.331430E+4	1.999036E+1	2.003242E+1	1.000244E+1	4.206136E-2	2.000438E+1	5.193937E-5	-1.503573E-4	1.446915E-2	2.077575E+0
2.343486E+4	1.999019E+1	2.003079E+1	1.000296E+1	4.060001E-2	2.000372E+1	5.341822E-5	-1.503573E-4	1.487638E-2	2.136729E+0
2.355542E+4	1.999033E+1	2.003191E+1	1.000286E+1	4.157909E-2	2.000419E+1	5.053243E-5	-1.503573E-4	1.487211E-2	2.021297E+0
2.367598E+4	1.999026E+1	2.003214E+1	1.000191E+1	4.188177E-2	2.000422E+1	5.731622E-5	-1.503573E-4	1.487174E-2	2.292649E+0
2.379654E+4	1.999027E+1	2.002952E+1	1.000285E+1	3.924433E-2	2.000336E+1	5.389068E-5	-1.503573E-4	1.486944E-2	2.155627E+0
2.391711E+4	1.999024E+1	2.003186E+1	1.000197E+1	4.161887E-2	2.000411E+1	4.850114E-5	-1.503573E-4	1.486833E-2	1.940045E+0
2.403768E+4	1.999014E+1	2.002946E+1	1.000234E+1	3.932095E-2	2.000325E+1	5.429382E-5	-1.503573E-4	1.486821E-2	2.171753E+0
2.415825E+4	1.999032E+1	2.003217E+1	1.000183E+1	4.184693E-2	2.000427E+1	5.562834E-5	-1.771633E-4	1.486324E-2	2.225134E+0
2.427882E+4	1.999027E+1	2.002989E+1	1.000288E+1	3.961837E-2	2.000348E+1	5.023893E-5	-1.771633E-4	1.486213E-2	2.009557E+0
2.439939E+4	1.999031E+1	2.003254E+1	1.000148E+1	4.223051E-2	2.000439E+1	5.066875E-5	-1.771633E-4	1.485993E-2	2.026750E+0
2.451997E+4	1.998979E+1	2.003004E+1	1.000276E+1	4.025118E-2	2.000321E+1	5.043187E-5	-1.771633E-4	1.486768E-2	2.017275E+0
2.464054E+4	1.998981E+1	2.003245E+1	1.000282E+1	4.264204E-2	2.000403E+1	5.125685E-5	-1.771633E-4	1.486552E-2	2.050274E+0
2.476111E+4	1.999018E+1	2.003013E+1	1.000284E+1	3.994713E-2	2.000350E+1	4.901213E-5	-1.774070E-4	1.485703E-2	1.960485E+0
2.488169E+4	1.999020E+1	2.003197E+1	1.000288E+1	4.176186E-2	2.000412E+1	5.251967E-5	-1.771633E-4	1.485441E-2	2.100787E+0
2.500228E+4	1.999030E+1	2.003194E+1	1.000258E+1	4.163390E-2	2.000418E+1	4.916709E-5	-2.037256E-4	1.485112E-2	1.966684E+0
2.512286E+4	1.999028E+1	2.002990E+1	1.000184E+1	3.961898E-2	2.000348E+1	5.798049E-5	-2.573376E-4	1.484991E-2	2.319220E+0
2.524344E+4	1.999027E+1	2.003263E+1	1.000290E+1	4.236011E-2	2.000439E+1	4.866371E-5	-2.570939E-4	1.484810E-2	1.946548E+0
2.536401E+4	1.999029E+1	2.003139E+1	1.000253E+1	4.109738E-2	2.000399E+1	5.339828E-5	-2.570939E-4	1.484597E-2	2.135931E+0
2.548459E+4	1.998966E+1	2.002958E+1	1.000232E+1	3.991599E-2	2.000297E+1	5.192186E-5	-2.573376E-4	1.485590E-2	2.076874E+0
2.560517E+4	1.998982E+1	2.003211E+1	1.000288E+1	4.228718E-2	2.000392E+1	5.462973E-5	-2.573376E-4	1.485072E-2	2.185189E+0
2.572572E+4	1.998964E+1	2.003162E+1	1.000282E+1	4.198561E-2	2.000363E+1	5.417105E-5	-2.570939E-4	1.485267E-2	2.166842E+0
2.584629E+4	1.998962E+1	2.003186E+1	1.000272E+1	4.223488E-2	2.000370E+1	5.299076E-5	-2.570939E-4	1.485100E-2	2.119630E+0
2.596688E+4	1.999031E+1	2.003007E+1	1.000143E+1	3.975605E-2	2.000357E+1	5.422922E-5	-2.573376E-4	1.483653E-2	2.169169E+0
2.608745E+4	1.999033E+1	2.003237E+1	1.000263E+1	4.204010E-2	2.000435E+1	5.754382E-5	-2.570939E-4	1.524169E-2	2.301753E+0
2.620802E+4	1.999032E+1	2.003010E+1	1.000169E+1	3.978354E-2	2.000358E+1	4.839654E-5	-2.573376E-4	1.524002E-2	1.935862E+0
2.632859E+4	1.999027E+1	2.003261E+1	1.000290E+1	4.233195E-2	2.000439E+1	4.844752E-5	-2.834125E-4	1.523912E-2	1.937901E+0
2.644917E+4	1.998973E+1	2.002944E+1	1.000300E+1	3.970988E-2	2.000297E+1	4.688748E-5	-2.834125E-4	1.524698E-2	1.875499E+0
2.656972E+4	1.998982E+1	2.003269E+1	1.000294E+1	4.287224E-2	2.000411E+1	5.196054E-5	-3.104622E-4	1.524383E-2	2.078422E+0
2.669028E+4	1.998973E+1	2.003295E+1	1.000190E+1	4.321065E-2	2.000414E+1	5.025804E-5	-3.104622E-4	1.524346E-2	2.010322E+0
2.681083E+4	1.999029E+1	2.003024E+1	1.000218E+1	3.995477E-2	2.000361E+1	5.260460E-5	-3.104622E-4	1.523153E-2	2.104184E+0
2.693141E+4	1.998987E+1	2.003275E+1	1.000191E+1	4.287633E-2	2.000416E+1	4.874046E-5	-3.104622E-4	1.523755E-2	1.949619E+0
2.705197E+4	1.999026E+1	2.003260E+1	1.000267E+1	4.234019E-2	2.000437E+1	4.993005E-5	-3.372682E-4	1.522864E-2	1.997202E+0
2.717251E+4	1.999026E+1	2.003024E+1	1.000272E+1	3.998209E-2	2.000359E+1	5.366893E-5	-3.372682E-4	1.522669E-2	2.146757E+0
2.729303E+4	1.999026E+1	2.003280E+1	1.000287E+1	4.254289E-2	2.000444E+1	5.672340E-5	-3.372682E-4	1.522499E-2	2.268936E+0
2.741356E+4	1.999035E+1	2.003231E+1	1.000298E+1	4.196475E-2	2.000434E+1	5.099369E-5	-3.372682E-4	1.522167E-2	2.039748E+0
2.753409E+4	1.999025E+1	2.003301E+1	1.000276E+1	4.275323E-2	2.000450E+1	5.131664E-5	-3.109496E-4	1.522123E-2	2.052666E+0
2.765466E+4	1.999029E+1	2.003229E+1	1.000302E+1	4.199769E-2	2.000429E+1	5.612259E-5	-2.334559E-4	1.521910E-2	2.244904E+0
2.777521E+4	1.999022E+1	2.003315E+1	1.000173E+1	4.293141E-2	2.000453E+1	5.051120E-5	-2.327248E-4	1.521862E-2	2.020448E+0
2.789574E+4	1.998980E+1	2.003263E+1	1.000181E+1	4.283184E-2	2.000408E+1	5.560539E-5	-2.329685E-4	1.522448E-2	2.224216E+0
2.801626E+4	1.999027E+1	2.003208E+1	1.000165E+1	4.181337E-2	2.000421E+1	5.703522E-5	-2.327248E-4	1.521388E-2	2.281409E+0
2.813679E+4	1.998979E+1	2.003272E+1	1.000201E+1	4.292834E-2	2.000410E+1	5.630613E-5	-2.327248E-4	1.522128E-2	2.252245E+0
2.825733E+4	1.999036E+1	2.003214E+1	1.000166E+1	4.178320E-2	2.000428E+1	5.030522E-5	-2.327248E-4	1.520861E-2	2.012209E+0
2.837786E+4	1.998983E+1	2.003125E+1	1.000191E+1	4.142403E-2	2.000363E+1	4.969054E-5	-2.068936E-4	1.562291E-2	1.987622E+0
2.849841E+4	1.999022E+1	2.003226E+1	1.000159E+1	4.203117E-2	2.000424E+1	5.181838E-5	-2.068936E-4	1.561337E-2	2.072735E+0
2.861898E+4	1.999022E+1	2.003197E+1	1.000282E+1	4.175301E-2	2.000413E+1	5.002958E-5	-2.068936E-4	1.561208E-2	2.001183E+0
2.873955E+4	1.998986E+1	2.003261E+1	1.000230E+1	4.274080E-2	2.000411E+1	5.071931E-5	-1.805749E-4	1.561684E-2	2.028772E+0
2.886010E+4	1.999031E+1	2.003215E+1	1.000301E+1	4.183729E-2	2.000426E+1	5.185567E-5	-1.805749E-4	1.560663E-2	2.074227E+0
2.898067E+4	1.998988E+1	2.003048E+1	1.000197E+1	4.059376E-2	2.000341E+1	4.933094E-5	-1.808186E-4	1.561283E-2	1.973238E+0
2.910124E+4	1.998979E+1	2.003306E+1	1.000292E+1	4.327231E-2	2.000421E+1	5.810677E-5	-1.805749E-4	1.561240E-2	2.324271E+0
2.922181E+4	1.998978E+1	2.003275E+1	1.000291E+1	4.296598E-2	2.000410E+1	5.510763E-5	-1.805749E-4	1.561108E-2	2.204305E+0
2.934241E+4	1.999037E+1	2.003102E+1	1.000190E+1	4.065283E-2	2.000392E+1	5.131456E-5	-1.805749E-4	1.559851E-2	2.052582E+0
2.946298E+4	1.999035E+1	2.003223E+1	1.000287E+1	4.187909E-2	2.000431E+1	5.135844E-5	-1.808186E-4	1.559691E-2	2.054338E+0
2.958356E+4	1.998990E+1	2.003292E+1	1.000288E+1	4.302165E-2	2.000424E+1	5.333799E-5	-2.073809E-4	1.560354E-2	2.133520E+0
2.970416E+4	1.999021E+1	2.003016E+1	1.000197E+1	3.994922E-2	2.000353E+1	5.377025E-5	-2.071373E-4	1.559607E-2	2.150810E+0
2.982472E+4	1.999031E+1	2.003312E+1	1.000281E+1	4.280603E-2	2.000458E+1	5.757714E-5	-2.071373E-4	1.559222E-2	2.303086E+0
2.994527E+4	1.999017E+1	2.003289E+1	1.000249E+1	4.271821E-2	2.000441E+1	4.992396E-5	-2.071373E-4	1.559312E-2	1.996959E+0
3.006585E+4	1.999020E+1	2.003258E+1	1.000275E+1	4.237441E-2	2.000433E+1	5.122542E-5	-2.071373E-4	1.599443E-2	2.049017E+0
3.018641E+4	1.999011E+1	2.003234E+1	1.000173E+1	4.223386E-2	2.000419E+1	5.449666E-5	-2.071373E-4	1.599445E-2	2.179866E+0
3.030697E+4	1.999010E+1	2.003022E+1	1.000287E+1	4.012183E-2	2.000347E+1	4.997878E-5	-2.073809E-4	1.599275E-2	1.999151E+0
3.042751E+4	1.999016E+1	2.002970E+1	1.000267E+1	3.953331E-2	2.000334E+1	5.029316E-5	-2.071373E-4	1.598981E-2	2.011726E+0
3.054808E+4	1.999024E+1	2.003237E+1	1.000144E+1	4.212784E-2	2.000428E+1	4.806971E-5	-2.071373E-4	1.598639E-2	1.922788E+0
3.066863E+4	1.998967E+1	2.003217E+1	1.000249E+1	4.249733E-2	2.000384E+1	4.627092E-5	-2.071373E-4	1.599498E-2	1.850837E+0
3.078917E+4	1.999012E+1	2.003050E+1	1.000279E+1	4.038412E-2	2.000358E+1	5.784975E-5	-2.073809E-4	1.598526E-2	2.313990E+0
3.090972E+4	1.999023E+1	2.003002E+1	1.000285E+1	3.978691E-2	2.000349E+1	5.243480E-5	-2.073809E-4	1.598144E-2	2.097392E+0
3.103028E+4	1.999023E+1	2.003200E+1	1.000268E+1	4.177287E-2	2.000415E+1	5.216527E-5	-2.071373E-4	1.597960E-2	2.086611E+0
3.115084E+4	1.999015E+1	2.003215E+1	1.000275E+1	4.199689E-2	2.000415E+1	5.092066E-5	-2.071373E-4	1.597930E-2	2.036826E+0
3.127140E+4	1.999021E+1	2.003201E+1	1.000272E+1	4.179964E-2	2.000414E+1	5.389811E-5	-2.073809E-4	1.597630E-2	2.155924E+0
3.139195E+4	1.999018E+1	1.985620E+1	1.000167E+1	-1.339768E-1	1.994552E+1	5.863295E-5	-2.073809E-4	1.597519E-2	2.345318E+0
3.151254E+4	1.999016E+1	1.985738E+1	1.000294E+1	-1.327792E-1	1.994590E+1	6.205843E-5	-2.071373E-4	1.597359E-2	2.482337E+0
3.163312E+4	1.999029E+1	1.985755E+1	1.000311E+1	-1.327401E-1	1.994604E+1	6.061918E-5	-2.605056E-4	1.596942E-2	2.424767E+0
3.175369E+4	1.998984E+1	1.985770E+1	1.000202E+1	-1.321435E-1	1.994579E+1	6.584454E-5	-2.605056E-4	1.597601E-2	2.633782E+0
3.187426E+4	2.004487E+1	2.003298E+1	1.000272E+1	-1.188608E-2	2.004091E+1	5.372946E-5	-2.605056E-4	1.591065E-2	2.149178E+0
3.199478E+4	2.004507E+1	2.003284E+1	1.000286E+1	-1.223469E-2	2.004099E+1	4.917655E-5	-2.868242E-4	1.590511E-2	1.967062E+0
3.211528E+4	1.999041E+1	1.985657E+1	1.000201E+1	-1.338354E-1	1.994580E+1	6.220414E-5	-3.136302E-4	1.684380E-2	2.488166E+0
3.223581E+4	2.004498E+1	1.985473E+1	1.000301E+1	-1.902430E-1	1.998156E+1	5.866303E-5	-3.136302E-4	1.590330E-2	2.346521E+0
3.235635E+4	1.999035E+1	1.985364E+1	1.000200E+1	-1.367079E-1	1.994478E+1	5.840528E-5	-3.138739E-4	1.684120E-2	2.336211E+0
3.247690E+4	1.999043E+1	1.985756E+1	1.000299E+1	-1.328648E-1	1.994614E+1	5.950685E-5	-3.136302E-4	1.683809E-2	2.380274E+0
3.259746E+4	1.998980E+1	1.985736E+1	1.000281E+1	-1.324444E-1	1.994565E+1	5.320847E-5	-3.138739E-4	1.684791E-2	2.128339E+0
3.271801E+4	1.998971E+1	1.985453E+1	1.000266E+1	-1.351745E-1	1.994465E+1	5.177435E-5	-3.138739E-4	1.684768E-2	2.070974E+0
3.283855E+4	1.999039E+1	1.985313E+1	1.000214E+1	-1.372608E-1	1.994463E+1	6.165246E-5	-3.138739E-4	1.683346E-2	2.466098E+0
3.295910E+4	1.999041E+1	2.003278E+1	1.000326E+1	4.237051E-2	2.000454E+1	5.599100E-5	-3.136302E-4	1.683102E-2	2.239640E+0
3.307965E+4	1.998971E+1	2.003290E+1	1.000294E+1	4.319000E-2	2.000410E+1	5.124279E-5	-3.138739E-4	1.684232E-2	2.049712E+0
3.320018E+4	1.999033E+1	2.003247E+1	1.000307E+1	4.213537E-2	2.000438E+1	5.817127E-5	-3.136302E-4	1.682909E-2	2.326851E+0
3.332071E+4	1.998986E+1	2.003272E+1	1.000297E+1	4.285716E-2	2.000415E+1	5.129798E-5	-3.138739E-4	1.683578E-2	2.051919E+0
3.344125E+4	1.999029E+1	2.003266E+1	1.000317E+1	4.237234E-2	2.000442E+1	5.961753E-5	-3.138739E-4	1.682621E-2	2.384701E+0
3.356178E+4	1.999034E+1	2.003321E+1	1.000293E+1	4.287454E-2	2.000463E+1	4.873577E-5	-2.573376E-4	1.682366E-2	1.949431E+0
3.368233E+4	1.998979E+1	2.003234E+1	1.000284E+1	4.255300E-2	2.000398E+1	5.024443E-5	-2.049440E-4	1.683200E-2	2.009777E+0
3.380288E+4	1.999020E+1	2.003295E+1	1.000229E+1	4.274846E-2	2.000445E+1	5.811667E-5	-2.051877E-4	1.682250E-2	2.324667E+0
3.392343E+4	1.999022E+1	2.003062E+1	1.000312E+1	4.039939E-2	2.000369E+1	5.095925E-5	-2.049440E-4	1.682040E-2	2.038370E+0
3.404397E+4	1.999032E+1	2.003284E+1	1.000327E+1	4.251766E-2	2.000449E+1	5.205943E-5	-2.049440E-4	1.681666E-2	2.082377E+0
3.416453E+4	1.998977E+1	2.003252E+1	1.000301E+1	4.275240E-2	2.000402E+1	5.854662E-5	-2.049440E-4	1.682511E-2	2.341865E+0
3.428509E+4	1.998979E+1	1.985643E+1	1.000292E+1	-1.333562E-1	1.994534E+1	6.216119E-5	-2.049440E-4	1.682302E-2	2.486448E+0
3.440565E+4	1.998981E+1	1.985686E+1	1.000310E+1	-1.329507E-1	1.994549E+1	6.184757E-5	-2.051877E-4	1.682068E-2	2.473903E+0
3.452623E+4	1.999025E+1	1.985784E+1	1.000320E+1	-1.324085E-1	1.994612E+1	5.847449E-5	-2.051877E-4	1.681082E-2	2.338980E+0
3.464680E+4	1.999039E+1	1.985762E+1	1.000232E+1	-1.327716E-1	1.994613E+1	6.376940E-5	-2.051877E-4	1.680638E-2	2.550776E+0
3.476737E+4	1.999021E+1	1.985779E+1	1.000328E+1	-1.324216E-1	1.994607E+1	5.498509E-5	-2.049440E-4	1.680770E-2	2.199404E+0
3.488794E+4	1.999026E+1	1.985796E+1	1.000238E+1	-1.323036E-1	1.994616E+1	6.066027E-5	-2.051877E-4	1.680525E-2	2.426411E+0
3.500852E+4	1.999002E+1	1.985514E+1	1.000318E+1	-1.348742E-1	1.994506E+1	6.108043E-5	-2.585560E-4	1.680812E-2	2.443217E+0
3.512912E+4	1.999039E+1	1.985739E+1	1.000343E+1	-1.330031E-1	1.994606E+1	6.293667E-5	-2.858494E-4	1.679924E-2	2.517467E+0
3.524967E+4	1.999043E+1	1.985509E+1	1.000339E+1	-1.353405E-1	1.994531E+1	6.169060E-5	-2.856057E-4	1.679690E-2	2.467624E+0
3.537025E+4	1.999042E+1	1.985661E+1	1.000335E+1	-1.338149E-1	1.994582E+1	6.233913E-5	-2.858494E-4	1.679506E-2	2.493565E+0
3.549082E+4	1.999039E+1	1.985779E+1	1.000229E+1	-1.326085E-1	1.994619E+1	5.334535E-5	-2.856057E-4	1.679385E-2	2.133814E+0
3.561137E+4	1.999031E+1	1.985704E+1	1.000328E+1	-1.332682E-1	1.994589E+1	6.095594E-5	-2.856057E-4	1.679348E-2	2.438238E+0
3.573193E+4	1.999037E+1	1.985707E+1	1.000330E+1	-1.333011E-1	1.994593E+1	6.187154E-5	-2.858494E-4	1.679093E-2	2.474862E+0
3.585247E+4	1.998972E+1	2.003069E+1	1.000308E+1	4.097453E-2	2.000337E+1	5.543410E-5	-2.856057E-4	1.680100E-2	2.217364E+0
3.597302E+4	1.999019E+1	2.003023E+1	1.000201E+1	4.003287E-2	2.000354E+1	4.827596E-5	-2.858494E-4	1.679047E-2	1.931039E+0
3.609356E+4	1.999017E+1	2.003158E+1	1.000215E+1	4.141252E-2	2.000397E+1	5.384248E-5	-2.856057E-4	1.678873E-2	2.153699E+0
3.621410E+4	1.998965E+1	2.003235E+1	1.000291E+1	4.270566E-2	2.000388E+1	5.058726E-5	-2.858494E-4	1.679690E-2	2.023490E+0
3.633466E+4	1.998973E+1	2.003275E+1	1.000306E+1	4.302708E-2	2.000407E+1	5.667916E-5	-3.126554E-4	1.679372E-2	2.267166E+0
3.645519E+4	1.999024E+1	2.003276E+1	1.000331E+1	4.252164E-2	2.000441E+1	5.520362E-5	-3.126554E-4	1.718569E-2	2.208145E+0
3.657575E+4	1.999020E+1	2.003103E+1	1.000233E+1	4.082899E-2	2.000381E+1	5.839261E-5	-1.805749E-4	1.718483E-2	2.335704E+0
3.669631E+4	1.999002E+1	2.003256E+1	1.000319E+1	4.253385E-2	2.000420E+1	6.170400E-5	-1.805749E-4	1.718646E-2	2.468160E+0
3.681688E+4	1.999032E+1	2.003201E+1	1.000234E+1	4.169153E-2	2.000422E+1	5.723546E-5	-1.805749E-4	1.717907E-2	2.289418E+0
3.693742E+4	1.998965E+1	2.003072E+1	1.000231E+1	4.107259E-2	2.000334E+1	5.165991E-5	-1.805749E-4	1.718977E-2	2.066396E+0
3.705797E+4	1.999029E+1	2.002971E+1	1.000312E+1	3.941832E-2	2.000343E+1	5.609174E-5	-1.805749E-4	1.717562E-2	2.243670E+0
3.717854E+4	1.998974E+1	2.003311E+1	1.000338E+1	4.337303E-2	2.000419E+1	5.804849E-5	-1.805749E-4	1.718442E-2	2.321940E+0
3.729911E+4	1.998977E+1	2.003055E+1	1.000363E+1	4.077660E-2	2.000336E+1	5.322774E-5	-1.805749E-4	1.718208E-2	2.129110E+0
3.741968E+4	1.999013E+1	1.985756E+1	1.000234E+1	-1.325641E-1	1.994594E+1	6.519937E-5	-1.805749E-4	1.717356E-2	2.607975E+0
3.754027E+4	1.999023E+1	1.985757E+1	1.000362E+1	-1.326607E-1	1.994601E+1	6.464987E-5	-2.341869E-4	1.717003E-2	2.585995E+0
3.766085E+4	1.999004E+1	1.985348E+1	1.000329E+1	-1.365608E-1	1.994452E+1	6.367177E-5	-2.605056E-4	1.717152E-2	2.546871E+0
3.778143E+4	1.998989E+1	1.985794E+1	1.000260E+1	-1.319478E-1	1.994591E+1	6.221422E-5	-2.607492E-4	1.717259E-2	2.488569E+0
3.790200E+4	1.999043E+1	1.985754E+1	1.000378E+1	-1.328847E-1	1.994613E+1	5.846336E-5	-3.141176E-4	1.716098E-2	2.338534E+0
3.802256E+4	1.999023E+1	1.985783E+1	1.000250E+1	-1.324024E-1	1.994609E+1	6.604226E-5	-3.143612E-4	1.716293E-2	2.641691E+0
3.814312E+4	1.999041E+1	1.985768E+1	1.000372E+1	-1.327243E-1	1.994617E+1	6.101655E-5	-3.141176E-4	1.715767E-2	2.440662E+0
3.826367E+4	1.998986E+1	1.985668E+1	1.000381E+1	-1.331890E-1	1.994547E+1	6.417042E-5	-3.141176E-4	1.716598E-2	2.566817E+0
3.838423E+4	1.998972E+1	1.985797E+1	1.000253E+1	-1.317429E-1	1.994580E+1	6.749762E-5	-3.141176E-4	1.716678E-2	2.699905E+0
3.850481E+4	1.998990E+1	1.985369E+1	1.000383E+1	-1.362164E-1	1.994450E+1	6.067871E-5	-3.141176E-4	1.716159E-2	2.427148E+0
3.862535E+4	1.999024E+1	1.985628E+1	1.000339E+1	-1.339650E-1	1.994559E+1	6.705491E-5	-3.143612E-4	1.715363E-2	2.682196E+0
3.874591E+4	1.999029E+1	1.985738E+1	1.000247E+1	-1.329073E-1	1.994598E+1	6.180565E-5	-3.141176E-4	1.715115E-2	2.472226E+0
3.886647E+4	1.999035E+1	1.985789E+1	1.000367E+1	-1.324695E-1	1.994620E+1	6.695041E-5	-3.141176E-4	1.755441E-2	2.678016E+0
3.898706E+4	1.998968E+1	1.985648E+1	1.000388E+1	-1.332029E-1	1.994528E+1	6.041696E-5	-1.830119E-4	1.756483E-2	2.416678E+0
3.910764E+4	1.999031E+1	1.985754E+1	1.000271E+1	-1.327620E-1	1.994605E+1	6.635539E-5	-2.895048E-4	1.755164E-2	2.654216E+0
3.922822E+4	1.999039E+1	1.985508E+1	1.000371E+1	-1.353071E-1	1.994528E+1	6.292939E-5	-3.250836E-4	1.754849E-2	2.517176E+0
3.934878E+4	1.999021E+1	1.985729E+1	1.000251E+1	-1.329129E-1	1.994590E+1	6.700280E-5	-3.250836E-4	1.755005E-2	2.680112E+0
3.946932E+4	1.999036E+1	1.985683E+1	1.000403E+1	-1.335252E-1	1.994585E+1	6.161149E-5	-3.250836E-4	1.754533E-2	2.464460E+0
3.958989E+4	1.999033E+1	1.985364E+1	1.000409E+1	-1.366924E-1	1.994477E+1	5.826715E-5	-3.250836E-4	1.754411E-2	2.330686E+0
3.971044E+4	1.999030E+1	1.985321E+1	1.000296E+1	-1.370883E-1	1.994460E+1	6.326952E-5	-3.250836E-4	1.754304E-2	2.530781E+0
3.983101E+4	1.999015E+1	1.985672E+1	1.000418E+1	-1.334261E-1	1.994568E+1	6.451752E-5	-3.250836E-4	1.754380E-2	2.580701E+0
3.995156E+4	1.998986E+1	1.985738E+1	1.000422E+1	-1.324718E-1	1.994570E+1	5.995479E-5	-3.250836E-4	1.754726E-2	2.398192E+0
4.007210E+4	1.999076E+1	1.985655E+1	1.000331E+1	-1.342046E-1	1.994602E+1	5.784456E-5	-3.250836E-4	1.752900E-2	2.313782E+0
4.019267E+4	1.999063E+1	1.985845E+1	1.000432E+1	-1.321816E-1	1.994657E+1	6.904031E-5	-3.253273E-4	1.752958E-2	2.761612E+0
4.031319E+4	2.004514E+1	1.985842E+1	1.000443E+1	-1.867128E-1	1.998290E+1	5.860410E-5	-3.253273E-4	1.747300E-2	2.344164E+0
4.043370E+4	1.999061E+1	1.985563E+1	1.000336E+1	-1.349836E-1	1.994562E+1	6.468224E-5	-3.250836E-4	1.840917E-2	2.587290E+0
4.055427E+4	1.999055E+1	1.985831E+1	1.000440E+1	-1.322447E-1	1.994647E+1	7.010730E-5	-3.253273E-4	1.840806E-2	2.804292E+0
4.067482E+4	1.999010E+1	1.985842E+1	1.000454E+1	-1.316757E-1	1.994620E+1	6.367257E-5	-3.253273E-4	1.841503E-2	2.546903E+0
4.079536E+4	1.999052E+1	1.985718E+1	1.000445E+1	-1.333395E-1	1.994608E+1	5.641988E-5	-3.253273E-4	1.840542E-2	2.256795E+0
4.091592E+4	1.999042E+1	1.985474E+1	1.000444E+1	-1.356784E-1	1.994519E+1	6.351081E-5	-3.253273E-4	1.840520E-2	2.540433E+0
4.103646E+4	1.999051E+1	1.985529E+1	1.000418E+1	-1.352220E-1	1.994544E+1	6.217673E-5	-3.250836E-4	1.840205E-2	2.487069E+0
4.115700E+4	1.999005E+1	1.985839E+1	1.000430E+1	-1.316511E-1	1.994616E+1	6.385030E-5	-3.250836E-4	1.840839E-2	2.554012E+0
4.127755E+4	1.999037E+1	1.985721E+1	1.000434E+1	-1.331601E-1	1.994599E+1	6.254168E-5	-3.250836E-4	1.840064E-2	2.501667E+0
4.139808E+4	1.999047E+1	1.985810E+1	1.000447E+1	-1.323667E-1	1.994635E+1	5.889000E-5	-3.250836E-4	1.839739E-2	2.355600E+0
4.151862E+4	1.998995E+1	1.985736E+1	1.000427E+1	-1.325896E-1	1.994576E+1	5.863193E-5	-3.250836E-4	1.840500E-2	2.345277E+0
4.163916E+4	1.999046E+1	1.985831E+1	1.000308E+1	-1.321474E-1	1.994641E+1	6.268948E-5	-3.250836E-4	1.839401E-2	2.507579E+0
4.175968E+4	1.999043E+1	1.985702E+1	1.000429E+1	-1.334155E-1	1.994596E+1	6.192618E-5	-3.250836E-4	1.839273E-2	2.477047E+0
4.188019E+4	1.998998E+1	1.985379E+1	1.000431E+1	-1.361924E-1	1.994458E+1	6.213115E-5	-3.253273E-4	1.839911E-2	2.485246E+0
4.200074E+4	1.999046E+1	1.985583E+1	1.000447E+1	-1.346290E-1	1.994559E+1	6.069709E-5	-3.250836E-4	1.838830E-2	2.427884E+0
4.212126E+4	1.999007E+1	1.985382E+1	1.000448E+1	-1.362527E-1	1.994465E+1	6.352706E-5	-3.250836E-4	1.839401E-2	2.541082E+0
4.224177E+4	1.999060E+1	1.985823E+1	1.000433E+1	-1.323756E-1	1.994648E+1	6.468439E-5	-3.250836E-4	1.838229E-2	2.587376E+0
4.236230E+4	1.999044E+1	1.985834E+1	1.000437E+1	-1.321009E-1	1.994641E+1	5.913671E-5	-3.253273E-4	1.838333E-2	2.365468E+0
4.248282E+4	1.999048E+1	1.985788E+1	1.000318E+1	-1.326051E-1	1.994628E+1	6.422520E-5	-3.250836E-4	1.838082E-2	2.569008E+0
4.260335E+4	1.999041E+1	1.985782E+1	1.000415E+1	-1.325908E-1	1.994621E+1	6.186236E-5	-3.250836E-4	1.838048E-2	2.474494E+0
4.272387E+4	1.999063E+1	1.985814E+1	1.000330E+1	-1.324886E-1	1.994646E+1	5.970526E-5	-3.250836E-4	1.837456E-2	2.388211E+0
4.284441E+4	1.999042E+1	1.985742E+1	1.000321E+1	-1.330038E-1	1.994609E+1	6.045791E-5	-3.250836E-4	1.837686E-2	2.418316E+0
4.296494E+4	1.999002E+1	1.985822E+1	1.000327E+1	-1.317964E-1	1.994609E+1	6.732566E-5	-1.796002E-4	1.838229E-2	2.693027E+0
4.308550E+4	1.999046E+1	1.985774E+1	1.000427E+1	-1.327141E-1	1.994622E+1	5.703337E-5	-1.793565E-4	1.837257E-2	2.281335E+0
4.320605E+4	1.999040E+1	1.985523E+1	1.000449E+1	-1.351639E-1	1.994534E+1	6.518902E-5	-1.793565E-4	1.837167E-2	2.607561E+0
4.332660E+4	1.999042E+1	1.985391E+1	1.000313E+1	-1.365123E-1	1.994492E+1	6.107421E-5	-1.796002E-4	1.836927E-2	2.442968E+0
4.344715E+4	1.999047E+1	1.985662E+1	1.000413E+1	-1.338534E-1	1.994586E+1	6.090983E-5	-1.793565E-4	1.836665E-2	2.436393E+0
4.356771E+4	1.999008E+1	1.985780E+1	1.000447E+1	-1.322808E-1	1.994599E+1	6.121423E-5	-1.793565E-4	1.837218E-2	2.448569E+0
4.368823E+4	1.999049E+1	1.985673E+1	1.000418E+1	-1.337554E-1	1.994590E+1	6.674673E-5	-1.793565E-4	1.836299E-2	2.669869E+0
4.380876E+4	1.999017E+1	1.985926E+1	1.000472E+1	-1.309036E-1	1.994653E+1	6.571886E-5	-1.793565E-4	1.836715E-2	2.628755E+0
4.392931E+4	1.999053E+1	1.985868E+1	1.000457E+1	-1.318433E-1	1.994658E+1	6.316478E-5	-1.530379E-4	1.835856E-2	2.526591E+0
4.404988E+4	1.999058E+1	1.985558E+1	1.000455E+1	-1.349960E-1	1.994558E+1	6.433467E-5	-1.527942E-4	1.835573E-2	2.573387E+0
4.417042E+4	1.999061E+1	2.003098E+1	1.000432E+1	4.036192E-2	2.000407E+1	6.021155E-5	-1.527942E-4	1.835357E-2	2.408462E+0
4.429096E+4	1.999004E+1	2.003376E+1	1.000442E+1	4.372070E-2	2.000461E+1	5.647714E-5	-1.530379E-4	1.836195E-2	2.259086E+0
4.441150E+4	1.999052E+1	2.003322E+1	1.000440E+1	4.270352E-2	2.000475E+1	5.974873E-5	-1.527942E-4	1.835171E-2	2.389949E+0
4.453204E+4	1.999053E+1	2.003350E+1	1.000418E+1	4.297282E-2	2.000485E+1	5.920540E-5	-1.527942E-4	1.834975E-2	2.368216E+0
4.465259E+4	1.998995E+1	2.003384E+1	1.000399E+1	4.388831E-2	2.000458E+1	5.404503E-5	-1.530379E-4	1.835845E-2	2.161801E+0
4.477313E+4	1.999053E+1	2.003321E+1	1.000305E+1	4.267552E-2	2.000476E+1	5.870878E-5	-1.530379E-4	1.834606E-2	2.348351E+0
4.489366E+4	1.998996E+1	2.003292E+1	1.000282E+1	4.295874E-2	2.000428E+1	5.499820E-5	-1.530379E-4	1.835483E-2	2.199928E+0
4.501419E+4	1.999063E+1	2.003283E+1	1.000308E+1	4.220352E-2	2.000470E+1	6.074666E-5	-1.527942E-4	1.834065E-2	2.429867E+0
4.513473E+4	1.999061E+1	2.003372E+1	1.000398E+1	4.311392E-2	2.000498E+1	6.203414E-5	-1.527942E-4	1.833926E-2	2.481365E+0
4.525526E+4	1.999049E+1	2.003266E+1	1.000435E+1	4.217456E-2	2.000454E+1	5.528625E-5	-1.527942E-4	1.833984E-2	2.211450E+0
4.537578E+4	1.999005E+1	2.003370E+1	1.000297E+1	4.364590E-2	2.000460E+1	6.432691E-5	-1.527942E-4	1.834594E-2	2.573076E+0
4.549630E+4	1.999057E+1	2.003390E+1	1.000410E+1	4.332279E-2	2.000501E+1	5.937732E-5	-1.527942E-4	1.833457E-2	2.375093E+0
4.561684E+4	1.998987E+1	2.003355E+1	1.000291E+1	4.367882E-2	2.000443E+1	6.011923E-5	-1.530379E-4	1.834552E-2	2.404769E+0
4.573740E+4	1.999052E+1	2.003292E+1	1.000417E+1	4.239730E-2	2.000465E+1	6.949835E-5	-1.527942E-4	1.833162E-2	2.779934E+0
4.585793E+4	1.999061E+1	2.003415E+1	1.000412E+1	4.354614E-2	2.000512E+1	6.896509E-5	-1.267193E-4	1.832833E-2	2.758603E+0
4.597850E+4	1.999062E+1	2.003332E+1	1.000428E+1	4.270285E-2	2.000485E+1	6.529067E-5	-1.267193E-4	1.832648E-2	2.611627E+0
4.609907E+4	1.999045E+1	2.003358E+1	1.000405E+1	4.313029E-2	2.000482E+1	6.440807E-5	-1.267193E-4	1.832791E-2	2.576323E+0
4.621963E+4	1.999044E+1	2.003137E+1	1.000425E+1	4.092367E-2	2.000408E+1	6.894846E-5	-1.267193E-4	1.832603E-2	2.757938E+0
4.634018E+4	1.999050E+1	2.003309E+1	1.000297E+1	4.258771E-2	2.000470E+1	6.860641E-5	-1.267193E-4	1.832295E-2	2.744256E+0
4.646071E+4	1.999012E+1	2.003297E+1	1.000284E+1	4.285602E-2	2.000440E+1	6.922840E-5	-1.264756E-4	1.832838E-2	2.769136E+0
4.658125E+4	1.999030E+1	2.003282E+1	1.000371E+1	4.252519E-2	2.000447E+1	7.141256E-5	-1.267193E-4	1.832355E-2	2.856502E+0
4.670180E+4	1.999041E+1	2.003225E+1	1.000380E+1	4.184360E-2	2.000436E+1	6.641241E-5	-1.267193E-4	1.831959E-2	2.656496E+0
4.682234E+4	1.999001E+1	2.003326E+1	1.000406E+1	4.325053E-2	2.000443E+1	6.713604E-5	-1.264756E-4	1.832523E-2	2.685442E+0
4.694288E+4	1.999046E+1	2.003338E+1	1.000408E+1	4.291995E-2	2.000476E+1	6.741147E-5	-1.264756E-4	1.831527E-2	2.696459E+0
4.706341E+4	1.999004E+1	2.003315E+1	1.000393E+1	4.310944E-2	2.000441E+1	6.443649E-5	-1.267193E-4	1.832074E-2	2.577460E+0
4.718396E+4	1.999047E+1	2.003323E+1	1.000406E+1	4.276848E-2	2.000472E+1	7.115186E-5	-1.264756E-4	1.831147E-2	2.846074E+0
4.730452E+4	1.999052E+1	2.003053E+1	1.000310E+1	4.000913E-2	2.000385E+1	7.412536E-5	-1.264756E-4	1.830878E-2	2.965014E+0
4.742508E+4	1.999045E+1	2.003340E+1	1.000405E+1	4.295766E-2	2.000477E+1	6.431783E-5	-1.264756E-4	1.830817E-2	2.572713E+0
4.754563E+4	1.999026E+1	2.003257E+1	1.000407E+1	4.231014E-2	2.000436E+1	6.516236E-5	-1.264756E-4	1.830991E-2	2.606495E+0
4.766615E+4	1.999042E+1	2.003334E+1	1.000403E+1	4.292611E-2	2.000473E+1	9.967316E-5	-1.264756E-4	1.830504E-2	3.986926E+0
4.778687E+4	1.999045E+1	2.003027E+1	1.000421E+1	3.982140E-2	2.000372E+1	9.000337E-5	-1.267193E-4	1.830249E-2	3.600135E+0
4.790740E+4	1.999047E+1	2.003085E+1	1.000423E+1	4.037969E-2	2.000393E+1	9.468760E-5	-1.264756E-4	1.830047E-2	3.787504E+0
4.802796E+4	1.999052E+1	2.003335E+1	1.000410E+1	4.283013E-2	2.000480E+1	9.149546E-5	-1.004006E-4	1.829782E-2	3.659819E+0
4.814853E+4	1.999050E+1	2.003139E+1	1.000413E+1	4.089142E-2	2.000413E+1	9.763072E-5	-1.006443E-4	1.829646E-2	3.905229E+0
4.826908E+4	1.999039E+1	2.003104E+1	1.000407E+1	4.065167E-2	2.000394E+1	9.570122E-5	-1.004006E-4	1.829672E-2	3.828049E+0
4.838963E+4	1.999042E+1	2.003266E+1	1.000414E+1	4.224513E-2	2.000450E+1	9.818150E-5	-1.004006E-4	1.829435E-2	3.927260E+0
4.851020E+4	1.999042E+1	2.003338E+1	1.000312E+1	4.295558E-2	2.000474E+1	9.801538E-5	-1.006443E-4	1.829251E-2	3.920615E+0
4.863076E+4	1.999033E+1	2.003263E+1	1.000411E+1	4.229714E-2	2.000443E+1	9.844604E-5	-1.004006E-4	1.829245E-2	3.937842E+0
4.875134E+4	1.999031E+1	2.003197E+1	1.000401E+1	4.165311E-2	2.000420E+1	9.965504E-5	-7.505679E-5	1.829061E-2	3.986202E+0
4.887193E+4	1.998994E+1	2.003306E+1	1.000269E+1	4.311969E-2	2.000431E+1	9.367691E-5	-7.505679E-5	1.829607E-2	3.747077E+0
4.899248E+4	1.998990E+1	2.003289E+1	1.000391E+1	4.298330E-2	2.000423E+1	9.751824E-5	-7.505679E-5	1.829503E-2	3.900730E+0
4.911304E+4	1.999043E+1	2.003194E+1	1.000392E+1	4.150866E-2	2.000427E+1	9.455859E-5	-7.481310E-5	1.828314E-2	3.782344E+0
4.923359E+4	1.999045E+1	2.003251E+1	1.000319E+1	4.206566E-2	2.000447E+1	9.115973E-5	-7.505679E-5	1.828112E-2	3.646389E+0
4.935414E+4	1.999029E+1	2.003295E+1	1.000418E+1	4.265816E-2	2.000451E+1	9.235577E-5	-7.481310E-5	1.828226E-2	3.694231E+0
4.947473E+4	1.999048E+1	2.003294E+1	1.000299E+1	4.246232E-2	2.000464E+1	9.436617E-5	-7.505679E-5	1.827704E-2	3.774647E+0
4.959529E+4	1.999029E+1	2.003251E+1	1.000411E+1	4.222587E-2	2.000436E+1	9.500240E-5	-7.505679E-5	1.827895E-2	3.800096E+0
4.971585E+4	1.998966E+1	2.003183E+1	1.000287E+1	4.216669E-2	2.000372E+1	1.003795E-4	-7.481310E-5	1.828849E-2	4.015181E+0
4.979856E+4	1.999038E+1	2.003332E+1	1.000435E+1	4.294188E-2	2.000469E+1	9.291780E-5	-7.505679E-5	1.827406E-2	3.716712E+0
4.979968E+4	1.999040E+1	2.003073E+1	1.000436E+1	4.033513E-2	2.000384E+1	9.523003E-5	-7.481310E-5	1.827375E-2	3.809201E+0
4.980079E+4	1.999025E+1	2.003309E+1	1.000431E+1	4.283825E-2	2.000453E+1	9.907054E-5	-7.505679E-5	1.827642E-2	3.962821E+0
4.980191E+4	1.999034E+1	2.003067E+1	1.000432E+1	4.033165E-2	2.000379E+1	9.628475E-5	-7.505679E-5	1.827452E-2	3.851390E+0
4.980302E+4	1.999030E+1	2.003269E+1	1.000320E+1	4.238903E-2	2.000443E+1	9.571427E-5	-7.481310E-5	1.827554E-2	3.828571E+0
4.980414E+4	1.999046E+1	2.003303E+1	1.000424E+1	4.257469E-2	2.000465E+1	9.802624E-5	-7.481310E-5	1.827262E-2	3.921050E+0
4.980526E+4	1.999050E+1	2.003323E+1	1.000313E+1	4.273162E-2	2.000475E+1	9.369813E-5	-7.505679E-5	1.827178E-2	3.747925E+0
4.980638E+4	1.999036E+1	2.003341E+1	1.000439E+1	4.304669E-2	2.000471E+1	9.513760E-5	-7.481310E-5	1.827413E-2	3.805504E+0
