Temps(s)	Pc(MPa)	Pax(MPa)	Ppam(MPa)	Q(MPa)	Pmoy(MPa)	Defaxcapt	Defvolfluide	Defvolconf	Deplct(µm)
1.868000E+0	2.004494E+1	2.003300E+1	1.000448E+1	-1.193049E-2	2.004096E+1	1.995070E-5	0.000000E+0	-9.237647E-4	7.995642E-1
2.981000E+0	1.999029E+1	2.003257E+1	1.000278E+1	4.228344E-2	2.000438E+1	1.081871E-5	0.000000E+0	2.319887E-6	4.335816E-1
4.099000E+0	1.999032E+1	2.003292E+1	1.000434E+1	4.260200E-2	2.000452E+1	1.593255E-5	0.000000E+0	1.835134E-6	6.385289E-1
5.216000E+0	1.999042E+1	2.003042E+1	1.000324E+1	3.999195E-2	2.000375E+1	8.841825E-6	0.000000E+0	-1.038755E-7	3.543538E-1
6.335000E+0	1.999039E+1	2.226623E+1	1.000437E+1	2.275836E+0	2.074901E+1	-4.405845E-5	0.000000E+0	4.155021E-7	-1.765731E+0
7.448000E+0	2.004505E+1	2.020173E+1	1.000441E+1	1.566795E-1	2.009728E+1	5.410494E-6	0.000000E+0	-9.259050E-4	2.168364E-1
8.566000E+0	2.004504E+1	2.020377E+1	1.000411E+1	1.587318E-1	2.009795E+1	7.896622E-6	0.000000E+0	-9.256553E-4	3.164729E-1
9.678000E+0	2.004485E+1	2.020400E+1	1.000431E+1	1.591470E-1	2.009790E+1	1.022236E-5	0.000000E+0	-9.193140E-4	4.096815E-1
1.079700E+1	2.004514E+1	2.175260E+1	1.000312E+1	1.707452E+0	2.061429E+1	-3.619684E-5	0.000000E+0	-9.247719E-4	-1.450661E+0
1.191400E+1	2.009789E+1	2.123833E+1	1.000440E+1	1.140448E+0	2.047803E+1	-1.888319E-5	0.000000E+0	-1.911419E-3	-7.567817E-1
1.303200E+1	2.009772E+1	2.020164E+1	1.000439E+1	1.039236E-1	2.013236E+1	9.489593E-6	0.000000E+0	-2.362016E-3	3.803144E-1
1.414800E+1	2.009779E+1	2.020411E+1	1.000421E+1	1.063249E-1	2.013323E+1	8.869621E-6	0.000000E+0	-2.972279E-3	3.554678E-1
1.526300E+1	2.009785E+1	2.020173E+1	1.000448E+1	1.038764E-1	2.013247E+1	4.830920E-6	0.000000E+0	-3.728473E-3	1.936088E-1
1.638300E+1	2.004506E+1	2.037860E+1	1.000333E+1	3.335396E-1	2.015624E+1	1.458906E-6	0.000000E+0	-3.643606E-3	5.846858E-2
1.749700E+1	1.998982E+1	2.020411E+1	1.000433E+1	2.142923E-1	2.006125E+1	2.998223E-6	0.000000E+0	-2.738723E-3	1.201598E-1
1.861500E+1	1.999025E+1	2.089855E+1	1.000324E+1	9.083046E-1	2.029302E+1	-6.956543E-6	0.000000E+0	-2.746479E-3	-2.787974E-1
1.973300E+1	1.999047E+1	2.106852E+1	1.000433E+1	1.078053E+0	2.034982E+1	-1.252708E-5	0.000000E+0	-2.750632E-3	-5.020477E-1
2.084800E+1	2.004492E+1	2.055034E+1	1.000437E+1	5.054200E-1	2.021340E+1	-4.504902E-6	0.000000E+0	-3.673041E-3	-1.805429E-1
2.196800E+1	2.004512E+1	2.020406E+1	1.000432E+1	1.589388E-1	2.009810E+1	7.645650E-6	0.000000E+0	-3.676715E-3	3.064147E-1
2.308600E+1	2.004510E+1	2.020210E+1	1.000459E+1	1.570007E-1	2.009743E+1	7.810187E-6	0.000000E+0	-3.676394E-3	3.130089E-1
2.420000E+1	2.004517E+1	2.020443E+1	1.000433E+1	1.592607E-1	2.009825E+1	7.522419E-6	0.000000E+0	-3.677883E-3	3.014760E-1
2.531700E+1	2.004502E+1	2.020457E+1	1.000445E+1	1.595553E-1	2.009820E+1	2.911803E-6	0.000000E+0	-3.675065E-3	1.166963E-1
2.643100E+1	2.004502E+1	2.037851E+1	1.000326E+1	3.334863E-1	2.015618E+1	6.431000E-7	0.000000E+0	-3.675136E-3	2.577352E-2
2.754700E+1	2.004501E+1	2.020388E+1	1.000427E+1	1.588730E-1	2.009797E+1	6.366067E-6	0.000000E+0	-3.674958E-3	2.551329E-1
2.866300E+1	2.004481E+1	2.020153E+1	1.000447E+1	1.567177E-1	2.009705E+1	2.186853E-6	0.000000E+0	-3.671381E-3	8.764249E-2
2.977900E+1	2.004500E+1	2.037865E+1	1.000424E+1	3.336499E-1	2.015622E+1	3.876730E-6	0.000000E+0	-3.674815E-3	1.553677E-1
3.089500E+1	2.004492E+1	2.037796E+1	1.000438E+1	3.330414E-1	2.015594E+1	1.508054E-7	0.000000E+0	-3.673281E-3	6.043828E-3
3.200700E+1	2.004482E+1	2.037814E+1	1.000319E+1	3.333170E-1	2.015592E+1	-1.953585E-6	0.000000E+0	-3.671355E-3	-7.829382E-2
3.312700E+1	2.004482E+1	2.037782E+1	1.000434E+1	3.330030E-1	2.015582E+1	6.181953E-6	0.000000E+0	-3.671284E-3	2.477541E-1
3.424400E+1	2.009743E+1	2.037578E+1	1.000409E+1	2.783498E-1	2.019021E+1	-4.151100E-7	0.000000E+0	-4.655229E-3	-1.663636E-2
3.535800E+1	2.009759E+1	2.037701E+1	1.000388E+1	2.794197E-1	2.019073E+1	5.499649E-6	0.000000E+0	-5.109944E-3	2.204094E-1
3.647400E+1	2.009752E+1	2.037756E+1	1.000436E+1	2.800370E-1	2.019087E+1	-1.773570E-6	0.000000E+0	-5.716296E-3	-7.107937E-2
3.758600E+1	2.004490E+1	2.037787E+1	1.000301E+1	3.329709E-1	2.015589E+1	1.899590E-6	0.000000E+0	-5.483898E-3	7.612985E-2
3.870400E+1	1.998978E+1	2.037810E+1	1.000421E+1	3.883183E-1	2.011922E+1	1.582781E-6	0.000000E+0	-4.575895E-3	6.343313E-2
3.982100E+1	2.004480E+1	2.037554E+1	1.000305E+1	3.307375E-1	2.015505E+1	-9.151365E-8	0.000000E+0	-5.508729E-3	-3.667593E-3
4.093100E+1	2.004490E+1	2.037842E+1	1.000414E+1	3.335188E-1	2.015607E+1	7.672186E-6	0.000000E+0	-5.510548E-3	3.074782E-1
4.205100E+1	2.004488E+1	2.054997E+1	1.000416E+1	5.050890E-1	2.021324E+1	-5.205457E-6	0.000000E+0	-5.510324E-3	-2.086191E-1
4.316900E+1	2.004493E+1	2.055160E+1	1.000402E+1	5.066763E-1	2.021382E+1	-4.180120E-7	0.000000E+0	-5.511528E-3	-1.675267E-2
4.428300E+1	2.004489E+1	2.055209E+1	1.000421E+1	5.072004E-1	2.021396E+1	-7.392264E-6	0.000000E+0	-5.510610E-3	-2.962597E-1
4.540000E+1	2.009757E+1	2.055169E+1	1.000302E+1	4.541179E-1	2.024894E+1	2.225370E-6	0.000000E+0	-6.495875E-3	8.918615E-2
4.651500E+1	2.009763E+1	2.055192E+1	1.000418E+1	4.542941E-1	2.024906E+1	-1.917565E-6	0.000000E+0	-6.948521E-3	-7.685026E-2
4.763300E+1	2.009764E+1	2.073034E+1	1.000416E+1	6.327008E-1	2.030854E+1	-3.197658E-6	0.000000E+0	-7.557127E-3	-1.281525E-1
4.874700E+1	2.004497E+1	2.055241E+1	1.000404E+1	5.074375E-1	2.021412E+1	-2.545689E-6	0.000000E+0	-7.325794E-3	-1.020236E-1
4.986500E+1	2.004504E+1	2.055244E+1	1.000422E+1	5.073943E-1	2.021418E+1	-1.686274E-6	0.000000E+0	-7.354004E-3	-6.758081E-2
5.098100E+1	2.004507E+1	2.073089E+1	1.000294E+1	6.858192E-1	2.027368E+1	-3.532897E-6	0.000000E+0	-7.354708E-3	-1.415879E-1
5.209700E+1	2.009786E+1	2.073086E+1	1.000411E+1	6.330039E-1	2.030886E+1	-9.952996E-6	0.000000E+0	-8.341971E-3	-3.988862E-1
5.321200E+1	2.009785E+1	2.089682E+1	1.000317E+1	7.989769E-1	2.036417E+1	-1.240590E-5	0.000000E+0	-8.795565E-3	-4.971911E-1
5.432800E+1	2.009768E+1	2.089812E+1	1.000400E+1	8.004414E-1	2.036449E+1	-4.701889E-6	0.000000E+0	-9.402942E-3	-1.884376E-1
5.544600E+1	2.009777E+1	2.106656E+1	1.000422E+1	9.687877E-1	2.042070E+1	-1.280643E-5	0.000000E+0	-1.015902E-2	-5.132434E-1
5.655700E+1	2.009769E+1	2.089826E+1	1.000312E+1	8.005758E-1	2.036455E+1	-1.454023E-5	0.000000E+0	-1.106071E-2	-5.827289E-1
5.767400E+1	2.009781E+1	2.020425E+1	1.000414E+1	1.064497E-1	2.013329E+1	4.904439E-6	0.000000E+0	-1.210612E-2	1.965552E-1
5.878900E+1	1.999036E+1	2.003156E+1	1.000301E+1	4.119627E-2	2.000409E+1	1.260004E-5	0.000000E+0	-1.138437E-2	5.049720E-1
5.990300E+1	1.993653E+1	2.089858E+1	1.000428E+1	9.620455E-1	2.025722E+1	-9.454650E-6	0.000000E+0	-1.040221E-2	-3.789140E-1
6.102400E+1	1.993661E+1	2.037692E+1	1.000418E+1	4.403175E-1	2.008338E+1	-9.237598E-7	0.000000E+0	-1.002444E-2	-3.702152E-2
6.214000E+1	1.999036E+1	2.020406E+1	1.000429E+1	2.136994E-1	2.006159E+1	6.092145E-6	0.000000E+0	-1.059724E-2	2.441549E-1
6.325400E+1	1.999041E+1	2.037882E+1	1.000441E+1	3.884159E-1	2.011988E+1	1.334855E-6	0.000000E+0	-1.058257E-2	5.349700E-2
6.437500E+1	1.999023E+1	2.037851E+1	1.000313E+1	3.882762E-1	2.011966E+1	2.423216E-6	0.000000E+0	-1.057963E-2	9.711521E-2
6.549000E+1	2.004503E+1	2.037888E+1	1.000439E+1	3.338457E-1	2.015632E+1	5.347257E-6	0.000000E+0	-1.150837E-2	2.143020E-1
6.660200E+1	2.004517E+1	2.037638E+1	1.000324E+1	3.312076E-1	2.015557E+1	-7.687019E-7	0.000000E+0	-1.151110E-2	-3.080726E-2
6.772000E+1	2.004499E+1	2.037882E+1	1.000432E+1	3.338307E-1	2.015627E+1	2.566321E-6	0.000000E+0	-1.150755E-2	1.028505E-1
6.883700E+1	2.009787E+1	2.055048E+1	1.000434E+1	4.526157E-1	2.024874E+1	4.464436E-7	0.000000E+0	-1.249669E-2	1.789212E-2
6.995100E+1	2.009776E+1	2.055264E+1	1.000322E+1	4.548812E-1	2.024939E+1	-8.113216E-7	0.000000E+0	-1.294898E-2	-3.251534E-2
7.106700E+1	2.009776E+1	2.037839E+1	1.000437E+1	2.806311E-1	2.019130E+1	4.393483E-6	0.000000E+0	-1.355857E-2	1.760776E-1
7.218100E+1	2.009772E+1	2.037675E+1	1.000331E+1	2.790368E-1	2.019073E+1	2.281768E-7	0.000000E+0	-1.431304E-2	9.144643E-3
7.329600E+1	2.004499E+1	2.037859E+1	1.000430E+1	3.336012E-1	2.015619E+1	2.534349E-6	0.000000E+0	-1.422758E-2	1.015691E-1
7.441500E+1	1.999030E+1	2.020218E+1	1.000440E+1	2.118832E-1	2.006093E+1	3.799813E-6	0.000000E+0	-1.333496E-2	1.522851E-1
7.553100E+1	1.999046E+1	2.003308E+1	1.000422E+1	4.262395E-2	2.000467E+1	1.100159E-5	0.000000E+0	-1.333784E-2	4.409107E-1
7.664200E+1	2.004495E+1	2.003294E+1	1.000440E+1	-1.201605E-2	2.004095E+1	7.257560E-6	0.000000E+0	-1.426120E-2	2.908612E-1
7.776100E+1	2.004496E+1	2.037839E+1	1.000317E+1	3.334245E-1	2.015611E+1	2.180700E-6	0.000000E+0	-1.426137E-2	8.739592E-2
7.887900E+1	2.004507E+1	2.037868E+1	1.000433E+1	3.336074E-1	2.015627E+1	4.467608E-6	0.000000E+0	-1.426334E-2	1.790483E-1
7.999400E+1	2.004499E+1	2.037678E+1	1.000377E+1	3.317865E-1	2.015559E+1	-2.990692E-6	0.000000E+0	-1.426187E-2	-1.198580E-1
8.110700E+1	2.009789E+1	2.055249E+1	1.000437E+1	4.546056E-1	2.024942E+1	-1.267387E-6	0.000000E+0	-1.525121E-2	-5.079309E-2
8.222100E+1	2.009769E+1	2.055244E+1	1.000428E+1	4.547491E-1	2.024927E+1	-6.814702E-6	0.000000E+0	-1.570247E-2	-2.731128E-1
8.334100E+1	2.009769E+1	2.055250E+1	1.000309E+1	4.548091E-1	2.024929E+1	-1.095351E-7	0.000000E+0	-1.631319E-2	-4.389839E-3
8.445500E+1	2.004501E+1	2.055232E+1	1.000390E+1	5.073161E-1	2.021411E+1	-4.865549E-6	0.000000E+0	-1.608397E-2	-1.949966E-1
8.557200E+1	2.004511E+1	2.055063E+1	1.000327E+1	5.055130E-1	2.021362E+1	-7.545793E-7	0.000000E+0	-1.611214E-2	-3.024128E-2
8.668700E+1	2.004509E+1	2.055247E+1	1.000437E+1	5.073793E-1	2.021421E+1	-2.027065E-6	0.000000E+0	-1.611168E-2	-8.123870E-2
8.780400E+1	2.009774E+1	2.073063E+1	1.000444E+1	6.328888E-1	2.030870E+1	-7.469582E-6	0.000000E+0	-1.709665E-2	-2.993585E-1
8.891900E+1	2.009780E+1	2.073118E+1	1.000407E+1	6.333744E-1	2.030893E+1	-7.871975E-6	0.000000E+0	-1.754940E-2	-3.154852E-1
9.003500E+1	2.009772E+1	2.073112E+1	1.000442E+1	6.333951E-1	2.030885E+1	-1.253811E-5	0.000000E+0	-1.815777E-2	-5.024900E-1
9.115000E+1	2.009777E+1	2.089820E+1	1.000316E+1	8.004297E-1	2.036458E+1	-7.324892E-6	0.000000E+0	-1.891330E-2	-2.935597E-1
9.226400E+1	2.009757E+1	2.089886E+1	1.000431E+1	8.012937E-1	2.036467E+1	-8.956569E-6	0.000000E+0	-1.980963E-2	-3.589524E-1
9.338200E+1	2.009757E+1	2.073025E+1	1.000440E+1	6.326845E-1	2.030847E+1	-1.140616E-5	0.000000E+0	-2.085114E-2	-4.571247E-1
9.449500E+1	2.004510E+1	2.003300E+1	1.000439E+1	-1.210031E-2	2.004106E+1	7.415606E-6	0.000000E+0	-2.106134E-2	2.971952E-1
9.561400E+1	1.998977E+1	2.003274E+1	1.000444E+1	4.297167E-2	2.000409E+1	1.577464E-5	0.000000E+0	-2.016502E-2	6.322001E-1
9.672700E+1	1.998993E+1	2.073121E+1	1.000322E+1	7.412786E-1	2.023702E+1	-8.847110E-6	0.000000E+0	-2.016821E-2	-3.545656E-1
9.784800E+1	1.998981E+1	2.003257E+1	1.000433E+1	4.275646E-2	2.000407E+1	1.289632E-5	0.000000E+0	-2.016606E-2	5.168459E-1
9.896000E+1	1.998989E+1	2.081977E+1	1.000383E+1	8.298778E-1	2.026652E+1	-1.148154E-5	0.000000E+0	-2.016728E-2	-4.601455E-1
1.000800E+2	2.004483E+1	2.089838E+1	1.000433E+1	8.535473E-1	2.032935E+1	-1.049754E-5	0.000000E+0	-2.109860E-2	-4.207097E-1
1.011910E+2	2.009747E+1	2.089691E+1	1.000426E+1	7.994460E-1	2.036395E+1	-1.233791E-5	0.000000E+0	-2.208325E-2	-4.944666E-1
1.023080E+2	2.015049E+1	2.055161E+1	1.000318E+1	4.011192E-1	2.028419E+1	-3.398870E-6	0.000000E+0	-2.352720E-2	-1.362165E-1
1.034240E+2	2.015059E+1	2.089824E+1	1.000422E+1	7.476461E-1	2.039980E+1	-7.595125E-6	0.000000E+0	-2.464243E-2	-3.043898E-1
1.045390E+2	2.012362E+1	2.089694E+1	1.000327E+1	7.733264E-1	2.038139E+1	-1.200033E-5	0.000000E+0	-2.560707E-2	-4.809372E-1
1.056550E+2	2.009748E+1	2.089832E+1	1.000407E+1	8.008471E-1	2.036443E+1	-1.040788E-5	0.000000E+0	-2.666393E-2	-4.171168E-1
1.067750E+2	2.004493E+1	2.073058E+1	1.000412E+1	6.856459E-1	2.027348E+1	-5.968867E-6	0.000000E+0	-2.721294E-2	-2.392143E-1
1.078900E+2	1.998978E+1	2.073098E+1	1.000414E+1	7.412010E-1	2.023685E+1	-4.789417E-6	0.000000E+0	-2.633074E-2	-1.919455E-1
1.090030E+2	2.004492E+1	2.073110E+1	1.000417E+1	6.861741E-1	2.027365E+1	-7.645604E-6	0.000000E+0	-2.726586E-2	-3.064129E-1
1.101210E+2	2.009750E+1	2.073124E+1	1.000310E+1	6.337348E-1	2.030875E+1	-8.642546E-6	0.000000E+0	-2.824927E-2	-3.463673E-1
1.112370E+2	2.015055E+1	2.089887E+1	1.000415E+1	7.483211E-1	2.039999E+1	-1.047488E-5	0.000000E+0	-2.969268E-2	-4.198019E-1
1.123490E+2	2.015055E+1	2.020078E+1	1.000391E+1	5.022872E-2	2.016729E+1	5.113885E-6	0.000000E+0	-3.080815E-2	2.049492E-1
1.134670E+2	2.009775E+1	2.016360E+1	1.000420E+1	6.584799E-2	2.011970E+1	7.142626E-6	0.000000E+0	-3.128386E-2	2.862550E-1
1.145860E+2	1.998995E+1	2.003139E+1	1.000419E+1	4.143304E-2	2.000377E+1	1.436226E-5	0.000000E+0	-3.067118E-2	5.755964E-1
1.157010E+2	1.993583E+1	2.037813E+1	1.000305E+1	4.422991E-1	2.008327E+1	3.021828E-7	0.000000E+0	-2.968661E-2	1.211058E-2
1.168210E+2	1.993575E+1	2.037672E+1	1.000339E+1	4.409782E-1	2.008274E+1	2.560605E-6	0.000000E+0	-2.930277E-2	1.026214E-1
1.179330E+2	1.998984E+1	2.037704E+1	1.000280E+1	3.872010E-1	2.011890E+1	3.220372E-6	0.000000E+0	-2.987725E-2	1.290629E-1
1.190500E+2	2.004514E+1	2.037845E+1	1.000407E+1	3.333054E-1	2.015624E+1	-7.837390E-7	0.000000E+0	-3.079982E-2	-3.140991E-2
1.201690E+2	2.004612E+1	2.073032E+1	1.000409E+1	6.842005E-1	2.027418E+1	-6.124023E-6	0.000000E+0	-3.081777E-2	-2.454325E-1
1.212840E+2	2.009775E+1	2.073083E+1	1.005604E+1	6.330820E-1	2.030878E+1	-5.867446E-6	0.000000E+0	-3.178345E-2	-2.351497E-1
1.224040E+2	2.015060E+1	2.073109E+1	1.005629E+1	5.804902E-1	2.034410E+1	-6.858428E-6	1.560594E-5	-3.321966E-2	-2.748652E-1
1.235220E+2	2.015045E+1	2.089850E+1	1.005520E+1	7.480456E-1	2.039980E+1	-9.152284E-6	4.345653E-5	-3.432679E-2	-3.667961E-1
1.246420E+2	2.015041E+1	2.055221E+1	1.000426E+1	4.017959E-1	2.028435E+1	2.607638E-6	7.394814E-5	-3.579019E-2	1.045063E-1
1.257590E+2	2.009756E+1	2.073078E+1	1.000297E+1	6.332184E-1	2.030863E+1	-9.497795E-6	7.490850E-5	-3.660377E-2	-3.806431E-1
1.268760E+2	1.998963E+1	2.055192E+1	1.000446E+1	5.622971E-1	2.017706E+1	-2.607199E-6	7.466841E-5	-3.633114E-2	-1.044887E-1
1.279930E+2	1.998982E+1	2.055034E+1	9.949464E+0	5.605181E-1	2.017666E+1	1.467406E-6	7.490850E-5	-3.639065E-2	5.880924E-2
1.291170E+2	1.998988E+1	2.055227E+1	9.950584E+0	5.623836E-1	2.017734E+1	-5.183953E-6	5.041918E-5	-3.639176E-2	-2.077573E-1
1.302310E+2	1.998985E+1	2.055060E+1	9.949998E+0	5.607504E-1	2.017677E+1	-6.303759E-6	4.969891E-5	-3.639113E-2	-2.526358E-1
1.313560E+2	2.009031E+1	2.073124E+1	9.950629E+0	6.409229E-1	2.030395E+1	-3.783401E-6	4.705790E-5	-3.817389E-2	-1.516274E-1
1.324720E+2	2.009753E+1	2.020115E+1	9.950593E+0	1.036181E-1	2.013207E+1	1.060875E-5	4.681781E-5	-3.902003E-2	4.251668E-1
1.335880E+2	2.009744E+1	2.003254E+1	9.950529E+0	-6.490148E-2	2.007580E+1	1.561957E-5	4.681781E-5	-3.993951E-2	6.259856E-1
1.347060E+2	2.004501E+1	2.020325E+1	9.950717E+0	1.582381E-1	2.009776E+1	6.471975E-6	4.681781E-5	-4.002307E-2	2.593774E-1
1.358200E+2	1.998985E+1	2.020296E+1	9.949498E+0	2.131051E-1	2.006089E+1	5.986487E-6	4.681781E-5	-3.912540E-2	2.399204E-1
1.369420E+2	1.998994E+1	2.037856E+1	9.950530E+0	3.886178E-1	2.011948E+1	3.627695E-6	4.393672E-5	-3.912702E-2	1.453872E-1
1.380590E+2	2.004490E+1	2.037618E+1	9.949659E+0	3.312740E-1	2.015533E+1	-1.724827E-6	4.369663E-5	-4.005877E-2	-6.912587E-2
1.391750E+2	2.004492E+1	2.037885E+1	1.000448E+1	3.339327E-1	2.015623E+1	-4.445703E-7	4.081553E-5	-4.005957E-2	-1.781705E-2
1.402870E+2	2.009744E+1	2.055023E+1	1.000449E+1	4.527828E-1	2.024837E+1	-9.941598E-7	4.057544E-5	-4.104163E-2	-3.984294E-2
1.414060E+2	2.009756E+1	2.055172E+1	9.950434E+0	4.541569E-1	2.024895E+1	-1.293026E-6	4.033535E-5	-4.149601E-2	-5.182061E-2
1.425210E+2	2.009761E+1	2.055221E+1	9.950530E+0	4.545996E-1	2.024914E+1	-5.968531E-6	4.057544E-5	-4.210546E-2	-2.392008E-1
1.436370E+2	2.009749E+1	2.055186E+1	9.949507E+0	4.543706E-1	2.024895E+1	6.755972E-8	4.057544E-5	-4.285765E-2	2.707591E-3
1.447590E+2	2.009771E+1	2.055241E+1	9.950664E+0	4.546961E-1	2.024928E+1	5.642190E-7	3.745425E-5	-4.376333E-2	2.261221E-2
1.458740E+2	2.004487E+1	2.055037E+1	9.949693E+0	5.054931E-1	2.021337E+1	2.009368E-6	3.745425E-5	-4.382019E-2	8.052945E-2
1.469960E+2	2.004511E+1	2.055299E+1	9.950708E+0	5.078781E-1	2.021440E+1	2.943076E-6	3.457315E-5	-4.386179E-2	1.179496E-1
1.481080E+2	2.004512E+1	2.037707E+1	9.950753E+0	3.319510E-1	2.015577E+1	6.378441E-6	3.433306E-5	-4.386221E-2	2.556288E-1
1.492280E+2	2.009785E+1	2.055264E+1	9.950735E+0	4.547927E-1	2.024944E+1	1.718203E-6	3.433306E-5	-4.484816E-2	6.886042E-2
1.503420E+2	2.009783E+1	2.037925E+1	9.950727E+0	2.814243E-1	2.019164E+1	5.988735E-6	3.433306E-5	-4.530041E-2	2.400105E-1
1.514610E+2	2.009759E+1	2.055244E+1	9.949712E+0	4.548488E-1	2.024921E+1	1.007581E-6	3.433306E-5	-4.590527E-2	4.038083E-2
1.525790E+2	2.009789E+1	2.055258E+1	9.950602E+0	4.546984E-1	2.024945E+1	7.406157E-7	3.145197E-5	-4.666445E-2	2.968166E-2
1.536960E+2	2.009756E+1	2.055043E+1	1.000355E+1	4.528697E-1	2.024851E+1	-3.055399E-7	3.121188E-5	-4.755889E-2	-1.224512E-2
1.548110E+2	2.004498E+1	2.055296E+1	9.950720E+0	5.079843E-1	2.021431E+1	-4.183952E-7	3.121188E-5	-4.762016E-2	-1.676802E-2
1.559250E+2	2.004505E+1	2.055060E+1	9.950782E+0	5.055524E-1	2.021357E+1	-1.881708E-6	3.121188E-5	-4.765753E-2	-7.541320E-2
1.570450E+2	2.004496E+1	2.055270E+1	9.950782E+0	5.077444E-1	2.021421E+1	9.762596E-7	3.097178E-5	-4.765581E-2	3.912555E-2
1.581580E+2	2.004505E+1	2.020377E+1	9.950736E+0	1.587204E-1	2.009795E+1	8.423476E-6	3.121188E-5	-4.765749E-2	3.375876E-1
1.592730E+2	2.004500E+1	2.003251E+1	9.949695E+0	-1.249153E-2	2.004084E+1	1.179460E-5	3.121188E-5	-4.765663E-2	4.726920E-1
1.603940E+2	2.004510E+1	2.003260E+1	9.950674E+0	-1.250246E-2	2.004093E+1	1.690070E-5	2.833078E-5	-4.765845E-2	6.773293E-1
1.615080E+2	2.004504E+1	2.020123E+1	9.949828E+0	1.561909E-1	2.009711E+1	8.978370E-6	2.809069E-5	-4.765790E-2	3.598261E-1
1.626300E+2	2.009758E+1	2.055313E+1	1.000462E+1	4.555483E-1	2.024943E+1	5.738657E-6	2.520959E-5	-4.864049E-2	2.299882E-1
1.637440E+2	2.009764E+1	2.055083E+1	9.950692E+0	4.531938E-1	2.024870E+1	5.087645E-6	2.520959E-5	-4.909217E-2	2.038976E-1
1.648630E+2	2.009756E+1	2.037839E+1	9.950647E+0	2.808275E-1	2.019117E+1	1.150303E-5	2.520959E-5	-4.969705E-2	4.610071E-1
1.659760E+2	2.009760E+1	2.037908E+1	9.950701E+0	2.814889E-1	2.019142E+1	1.270438E-5	2.520959E-5	-5.044983E-2	5.091535E-1
1.670960E+2	2.004499E+1	2.037854E+1	9.949678E+0	3.335520E-1	2.015617E+1	1.358716E-5	2.520959E-5	-5.036290E-2	5.445326E-1
1.682180E+2	2.004518E+1	2.037914E+1	9.950764E+0	3.339598E-1	2.015650E+1	5.678845E-6	2.232850E-5	-5.039850E-2	2.275911E-1
1.693280E+2	2.004506E+1	2.037647E+1	9.949759E+0	3.314104E-1	2.015553E+1	1.072040E-5	2.184831E-5	-5.039635E-2	4.296415E-1
1.704490E+2	2.009748E+1	2.037900E+1	9.950638E+0	2.815201E-1	2.019132E+1	9.325588E-6	1.920731E-5	-5.137649E-2	3.737416E-1
1.715600E+2	2.009762E+1	2.037664E+1	9.950629E+0	2.790190E-1	2.019062E+1	6.658028E-6	1.896722E-5	-5.182814E-2	2.668338E-1
1.726790E+2	2.009761E+1	2.037842E+1	9.950708E+0	2.808112E-1	2.019121E+1	1.353028E-5	1.896722E-5	-5.243467E-2	5.422532E-1
1.737960E+2	2.004503E+1	2.020374E+1	9.950699E+0	1.587024E-1	2.009794E+1	1.304669E-5	1.872713E-5	-5.220289E-2	5.228723E-1
1.749130E+2	2.004500E+1	2.003297E+1	9.949650E+0	-1.202985E-2	2.004099E+1	1.463463E-5	1.896722E-5	-5.222862E-2	5.865120E-1
1.760350E+2	2.004519E+1	2.073135E+1	9.950753E+0	6.861550E-1	2.027391E+1	2.948069E-6	1.608612E-5	-5.223230E-2	1.181498E-1
1.771500E+2	2.004516E+1	2.003052E+1	9.949614E+0	-1.463709E-2	2.004028E+1	1.801790E-5	1.584603E-5	-5.223162E-2	7.221036E-1
1.782710E+2	2.004503E+1	2.020448E+1	9.950602E+0	1.594505E-1	2.009818E+1	1.394347E-5	1.296493E-5	-5.222954E-2	5.588124E-1
1.793840E+2	2.009785E+1	2.037733E+1	9.950779E+0	2.794781E-1	2.019101E+1	1.486987E-5	1.272484E-5	-5.321703E-2	5.959397E-1
1.805020E+2	2.009761E+1	2.055293E+1	9.950699E+0	4.553195E-1	2.024938E+1	5.265360E-6	1.272484E-5	-5.366871E-2	2.110198E-1
1.816210E+2	2.009788E+1	2.073149E+1	9.950726E+0	6.336102E-1	2.030909E+1	-2.726374E-6	1.272484E-5	-5.428443E-2	-1.092649E-1
1.827370E+2	2.009789E+1	2.073121E+1	9.949516E+0	6.333219E-1	2.030899E+1	2.118323E-6	1.272484E-5	-5.504123E-2	8.489602E-2
1.838540E+2	2.009788E+1	2.055287E+1	9.950645E+0	4.549867E-1	2.024955E+1	9.782064E-6	9.603654E-6	-5.594586E-2	3.920358E-1
1.849680E+2	2.009786E+1	2.055043E+1	9.949588E+0	4.525671E-1	2.024871E+1	7.671841E-6	9.603654E-6	-5.699316E-2	3.074644E-1
1.860880E+2	2.009756E+1	2.055281E+1	9.950665E+0	4.552509E-1	2.024931E+1	4.570080E-6	6.722558E-6	-5.819049E-2	1.831551E-1
1.872070E+2	2.004519E+1	2.020210E+1	9.950558E+0	1.569110E-1	2.009749E+1	5.249846E-6	6.242375E-6	-5.854584E-2	2.103981E-1
1.883230E+2	1.993672E+1	2.003334E+1	9.950744E+0	9.662056E-2	1.996893E+1	2.934017E-6	6.482466E-6	-5.664148E-2	1.175866E-1
1.894350E+2	1.999050E+1	2.020391E+1	9.950736E+0	2.134144E-1	2.006164E+1	-2.257142E-6	6.482466E-6	-5.696313E-2	-9.045948E-2
1.905520E+2	1.999053E+1	2.037883E+1	9.949883E+0	3.882989E-1	2.011996E+1	-1.103296E-5	6.482466E-6	-5.693820E-2	-4.421681E-1
1.916760E+2	2.004509E+1	2.037888E+1	9.950736E+0	3.337917E-1	2.015635E+1	-8.748241E-6	3.601370E-6	-5.786288E-2	-3.506033E-1
1.927930E+2	2.004512E+1	2.037876E+1	9.949596E+0	3.336486E-1	2.015633E+1	-5.774776E-6	3.601370E-6	-5.786338E-2	-2.314357E-1
1.939130E+2	2.009800E+1	2.037954E+1	9.950665E+0	2.815417E-1	2.019185E+1	-1.835267E-6	7.202741E-7	-5.885246E-2	-7.355198E-2
1.950240E+2	2.009788E+1	2.055143E+1	9.949615E+0	4.535570E-1	2.024906E+1	-9.197894E-6	4.801827E-7	-5.930364E-2	-3.686240E-1
1.961460E+2	2.015082E+1	2.055279E+1	9.950789E+0	4.019626E-1	2.028481E+1	-1.631831E-5	-2.400914E-6	-6.090493E-2	-6.539888E-1
1.972630E+2	2.015082E+1	2.055063E+1	9.950327E+0	3.998046E-1	2.028409E+1	-9.309496E-6	-2.881096E-6	-6.216229E-2	-3.730967E-1
1.983750E+2	2.009786E+1	2.055276E+1	9.950629E+0	4.548990E-1	2.024949E+1	-1.040471E-5	-2.881096E-6	-6.278536E-2	-4.169894E-1
1.994950E+2	2.004516E+1	2.055299E+1	9.950657E+0	5.078248E-1	2.021444E+1	-1.281073E-5	-2.641005E-6	-6.325024E-2	-5.134158E-1
2.006070E+2	2.004507E+1	2.055247E+1	9.949527E+0	5.074042E-1	2.021420E+1	-1.142350E-5	-2.641005E-6	-6.330028E-2	-4.578197E-1
2.017280E+2	2.004512E+1	2.055325E+1	9.950674E+0	5.081296E-1	2.021449E+1	-1.021840E-5	-5.762192E-6	-6.330124E-2	-4.095227E-1
2.028440E+2	2.009788E+1	2.055092E+1	9.949749E+0	4.530385E-1	2.024889E+1	-8.260206E-6	-6.002284E-6	-6.428821E-2	-3.310443E-1
2.039670E+2	2.015081E+1	2.055299E+1	9.950701E+0	4.021736E-1	2.028487E+1	-5.523073E-6	-8.643289E-6	-6.573659E-2	-2.213482E-1
2.050840E+2	2.015093E+1	2.073072E+1	9.950246E+0	5.797895E-1	2.034419E+1	-1.549814E-5	-8.883380E-6	-6.685275E-2	-6.211191E-1
2.062020E+2	2.009789E+1	2.020498E+1	9.950684E+0	1.070909E-1	2.013358E+1	-3.229066E-6	-8.883380E-6	-6.732698E-2	-1.294113E-1
2.073220E+2	2.004515E+1	2.003257E+1	9.950709E+0	-1.257702E-2	2.004095E+1	1.072279E-5	-8.883380E-6	-6.764739E-2	4.297373E-1
2.084340E+2	1.999041E+1	2.003343E+1	9.949979E+0	4.302200E-2	2.000475E+1	1.495340E-5	-8.883380E-6	-6.676587E-2	5.992875E-1
2.095570E+2	1.999041E+1	2.020529E+1	9.950691E+0	2.148839E-1	2.006204E+1	1.383301E-5	-1.176448E-5	-6.676587E-2	5.543855E-1
2.106760E+2	2.004505E+1	2.037871E+1	9.949578E+0	3.336540E-1	2.015627E+1	4.180000E-6	-1.200457E-5	-6.769202E-2	1.675219E-1
2.117970E+2	2.004497E+1	2.037888E+1	9.950718E+0	3.339068E-1	2.015628E+1	6.364963E-6	-1.464557E-5	-6.769052E-2	2.550886E-1
2.129140E+2	2.009783E+1	2.037793E+1	9.949223E+0	2.801008E-1	2.019120E+1	1.061769E-5	-1.488566E-5	-6.867907E-2	4.255250E-1
2.140350E+2	2.009773E+1	2.037900E+1	9.950692E+0	2.812634E-1	2.019149E+1	8.560597E-6	-1.800685E-5	-6.913202E-2	3.430831E-1
2.151500E+2	2.009779E+1	2.037713E+1	9.949847E+0	2.793378E-1	2.019090E+1	5.022748E-6	-1.848703E-5	-6.974264E-2	2.012967E-1
2.162690E+2	2.009781E+1	2.037891E+1	9.950665E+0	2.811039E-1	2.019151E+1	3.871842E-6	-2.112804E-5	-7.050018E-2	1.551718E-1
2.173840E+2	2.004516E+1	2.020259E+1	9.950745E+0	1.574250E-1	2.009764E+1	9.733745E-6	-2.112804E-5	-7.041813E-2	3.900993E-1
2.185030E+2	2.004513E+1	2.020503E+1	9.950654E+0	1.599005E-1	2.009843E+1	1.453354E-5	-2.136813E-5	-7.044874E-2	5.824608E-1
2.196170E+2	2.004499E+1	2.020440E+1	9.950726E+0	1.594068E-1	2.009813E+1	1.239527E-5	-2.112804E-5	-7.044589E-2	4.967650E-1
2.207330E+2	2.004496E+1	2.020414E+1	9.949676E+0	1.591745E-1	2.009802E+1	8.467795E-6	-2.112804E-5	-7.044539E-2	3.393638E-1
2.218580E+2	2.004511E+1	2.037882E+1	9.950628E+0	3.337087E-1	2.015635E+1	5.481504E-6	-2.400914E-5	-7.044817E-2	2.196822E-1
2.229750E+2	2.009781E+1	2.037638E+1	9.949392E+0	2.785719E-1	2.019066E+1	1.365968E-5	-2.424923E-5	-7.143365E-2	5.474389E-1
2.240910E+2	2.009778E+1	2.055264E+1	9.950469E+0	4.548621E-1	2.024940E+1	3.018171E-6	-2.737041E-5	-7.188624E-2	1.209592E-1
2.252040E+2	2.009774E+1	2.055069E+1	9.950756E+0	4.529496E-1	2.024872E+1	-1.229043E-6	-2.737041E-5	-7.249484E-2	-4.925634E-2
2.263220E+2	2.009777E+1	2.037871E+1	9.950613E+0	2.809458E-1	2.019142E+1	1.083894E-5	-2.737041E-5	-7.324971E-2	4.343920E-1
2.274360E+2	2.009768E+1	2.055244E+1	9.950631E+0	4.547600E-1	2.024927E+1	7.828480E-6	-2.737041E-5	-7.414876E-2	3.137420E-1
2.285520E+2	2.009781E+1	2.055247E+1	9.949670E+0	4.546635E-1	2.024936E+1	-7.780941E-7	-2.737041E-5	-7.519596E-2	-3.118368E-2
2.296740E+2	2.004496E+1	2.037868E+1	9.950603E+0	3.337245E-1	2.015620E+1	5.459358E-6	-3.025151E-5	-7.540461E-2	2.187947E-1
2.307880E+2	2.004507E+1	2.037655E+1	9.949669E+0	3.314783E-1	2.015557E+1	8.161219E-6	-3.073169E-5	-7.544997E-2	3.270772E-1
2.319090E+2	2.004505E+1	2.020434E+1	9.950665E+0	1.592959E-1	2.009815E+1	1.559056E-5	-3.337270E-5	-7.544950E-2	6.248231E-1
2.330250E+2	2.004499E+1	2.003093E+1	9.950594E+0	-1.406451E-2	2.004030E+1	7.833479E-6	-3.385288E-5	-7.544847E-2	3.139424E-1
2.341380E+2	2.004511E+1	2.003314E+1	9.950603E+0	-1.196532E-2	2.004112E+1	1.319026E-5	-3.361279E-5	-7.545065E-2	5.286262E-1
2.352580E+2	2.004508E+1	2.003320E+1	9.950645E+0	-1.188173E-2	2.004112E+1	1.357708E-5	-3.361279E-5	-7.545011E-2	5.441286E-1
2.363750E+2	2.009786E+1	2.020420E+1	9.949587E+0	1.063407E-1	2.013330E+1	8.740862E-6	-3.385288E-5	-7.643716E-2	3.503075E-1
2.374920E+2	2.009791E+1	2.037899E+1	9.950806E+0	2.810859E-1	2.019160E+1	4.693294E-6	-3.649389E-5	-7.689142E-2	1.880931E-1
2.386050E+2	2.009782E+1	2.020207E+1	9.949605E+0	1.042477E-1	2.013257E+1	7.734767E-6	-3.697407E-5	-7.750081E-2	3.099862E-1
2.397250E+2	2.004511E+1	2.020443E+1	9.950672E+0	1.593148E-1	2.009822E+1	1.188328E-5	-3.961507E-5	-7.727205E-2	4.762463E-1
2.408380E+2	2.004498E+1	2.020210E+1	9.950684E+0	1.571158E-1	2.009736E+1	9.309224E-6	-3.985516E-5	-7.729607E-2	3.730858E-1
2.419560E+2	2.004498E+1	2.020420E+1	9.950585E+0	1.592162E-1	2.009806E+1	8.706541E-6	-3.985516E-5	-7.729583E-2	3.489320E-1
2.430720E+2	2.004511E+1	2.020489E+1	9.950701E+0	1.597828E-1	2.009837E+1	1.208710E-5	-3.985516E-5	-7.729815E-2	4.844148E-1
2.441900E+2	2.009783E+1	2.037891E+1	1.000336E+1	2.810855E-1	2.019152E+1	7.208591E-6	-4.009526E-5	-7.828433E-2	2.888987E-1
2.453060E+2	2.009782E+1	2.037813E+1	1.000407E+1	2.803182E-1	2.019126E+1	8.238343E-6	-4.009526E-5	-7.873745E-2	3.301681E-1
2.464240E+2	2.009782E+1	2.037724E+1	1.000375E+1	2.794172E-1	2.019096E+1	8.096672E-6	-4.009526E-5	-7.934718E-2	3.244903E-1
2.475370E+2	2.009782E+1	2.037877E+1	9.950727E+0	2.809512E-1	2.019147E+1	1.130262E-5	-4.009526E-5	-8.010189E-2	4.529750E-1
2.486560E+2	2.004506E+1	2.020452E+1	9.950782E+0	1.594596E-1	2.009821E+1	1.775145E-5	-4.009526E-5	-8.001794E-2	7.114248E-1
2.497720E+2	2.004511E+1	2.020507E+1	9.950311E+0	1.599548E-1	2.009843E+1	1.179743E-5	-4.009526E-5	-8.005011E-2	4.728056E-1
2.508850E+2	2.004506E+1	2.037914E+1	9.950809E+0	3.340851E-1	2.015642E+1	2.766937E-6	-3.985516E-5	-8.004915E-2	1.108905E-1
2.520090E+2	2.004504E+1	2.037753E+1	9.949581E+0	3.324916E-1	2.015587E+1	4.425709E-6	-3.985516E-5	-8.004879E-2	1.773692E-1
2.531270E+2	2.009782E+1	2.037926E+1	1.000454E+1	2.814403E-1	2.019163E+1	1.110146E-5	-4.273626E-5	-8.103608E-2	4.449132E-1
2.542460E+2	2.009781E+1	2.037687E+1	9.949704E+0	2.790617E-1	2.019083E+1	7.443531E-6	-4.321644E-5	-8.148968E-2	2.983144E-1
2.553680E+2	2.009776E+1	2.020460E+1	9.950408E+0	1.068408E-1	2.013338E+1	1.183214E-5	-6.722558E-5	-8.210373E-2	4.741965E-1
2.564840E+2	2.009784E+1	2.055086E+1	9.949615E+0	4.530153E-1	2.024885E+1	5.827157E-6	-6.818594E-5	-8.286031E-2	2.335350E-1
2.576070E+2	2.009773E+1	2.037917E+1	1.000420E+1	2.814347E-1	2.019155E+1	3.102752E-6	-7.106704E-5	-8.376198E-2	1.243490E-1
2.587200E+2	2.004516E+1	2.037704E+1	1.000421E+1	3.318771E-1	2.015579E+1	1.107959E-5	-7.106704E-5	-8.382583E-2	4.440366E-1
2.598360E+2	2.004499E+1	2.055290E+1	1.000418E+1	5.079089E-1	2.021430E+1	-3.315675E-6	-7.130713E-5	-8.385839E-2	-1.328823E-1
2.609520E+2	2.004498E+1	2.055279E+1	1.000423E+1	5.078014E-1	2.021425E+1	9.610208E-7	-7.130713E-5	-8.385825E-2	3.851483E-2
2.620710E+2	2.009786E+1	2.020345E+1	1.000307E+1	1.055920E-1	2.013306E+1	7.819725E-6	-7.130713E-5	-8.484712E-2	3.133911E-1
2.631840E+2	2.009780E+1	2.003323E+1	1.000418E+1	-6.456757E-2	2.007627E+1	1.432435E-5	-7.130713E-5	-8.529879E-2	5.740771E-1
2.643010E+2	2.009778E+1	2.037707E+1	1.000413E+1	2.792898E-1	2.019088E+1	-8.976376E-7	-7.130713E-5	-8.590902E-2	-3.597462E-2
2.654160E+2	2.004503E+1	2.037880E+1	1.000415E+1	3.337658E-1	2.015629E+1	1.504532E-6	-7.106704E-5	-8.567804E-2	6.029714E-2
2.665360E+2	2.004507E+1	2.037926E+1	1.000425E+1	3.341842E-1	2.015647E+1	1.817357E-7	-7.106704E-5	-8.570595E-2	7.283420E-3
2.676510E+2	2.004506E+1	2.037888E+1	1.000311E+1	3.338248E-1	2.015633E+1	-3.805373E-8	-7.106704E-5	-8.570570E-2	-1.525079E-3
2.687640E+2	2.009791E+1	2.055273E+1	1.000447E+1	4.548149E-1	2.024952E+1	-4.088166E-6	-7.106704E-5	-8.669421E-2	-1.638414E-1
2.698840E+2	2.015076E+1	2.055083E+1	1.000319E+1	4.000696E-1	2.028412E+1	-1.937147E-7	-7.106704E-5	-8.813896E-2	-7.763504E-3
2.710010E+2	2.015069E+1	2.055218E+1	1.000423E+1	4.014912E-1	2.028452E+1	-7.801465E-6	-7.106704E-5	-8.925550E-2	-3.126593E-1
2.721180E+2	2.015093E+1	2.073060E+1	1.000444E+1	5.796743E-1	2.034415E+1	-6.781748E-6	-7.130713E-5	-9.072816E-2	-2.717921E-1
2.732330E+2	2.009771E+1	2.073123E+1	1.000430E+1	6.335211E-1	2.030889E+1	-1.054515E-5	-7.130713E-5	-9.154319E-2	-4.226180E-1
2.743480E+2	2.004511E+1	2.073135E+1	1.000445E+1	6.862440E-1	2.027385E+1	-7.912624E-6	-7.130713E-5	-9.220899E-2	-3.171142E-1
2.754660E+2	1.999027E+1	2.055256E+1	1.000331E+1	5.622892E-1	2.017770E+1	-5.699137E-6	-7.130713E-5	-9.133618E-2	-2.284043E-1
2.765830E+2	2.004507E+1	2.073144E+1	1.000431E+1	6.863744E-1	2.027386E+1	-1.209927E-5	-7.130713E-5	-9.226514E-2	-4.849024E-1
2.776960E+2	2.009775E+1	2.073046E+1	1.000321E+1	6.327151E-1	2.030865E+1	-1.726551E-6	-7.130713E-5	-9.325040E-2	-6.919497E-2
2.788150E+2	2.015083E+1	2.020426E+1	1.000433E+1	5.343435E-2	2.016864E+1	8.117964E-6	-7.106704E-5	-9.469662E-2	3.253436E-1
2.799310E+2	2.015068E+1	2.003200E+1	1.000448E+1	-1.186874E-1	2.011112E+1	1.432712E-5	-7.106704E-5	-9.580869E-2	5.741881E-1
2.810450E+2	2.009770E+1	2.055213E+1	1.000386E+1	4.544237E-1	2.024918E+1	7.774304E-6	-7.106704E-5	-9.628358E-2	3.115708E-1
2.821580E+2	2.004495E+1	2.037906E+1	1.000432E+1	3.341042E-1	2.015632E+1	5.744127E-6	-7.106704E-5	-9.660265E-2	2.302074E-1
2.832750E+2	1.999032E+1	2.020187E+1	1.000329E+1	2.115579E-1	2.006084E+1	8.591935E-6	-7.106704E-5	-9.572307E-2	3.443390E-1
2.843930E+2	2.004503E+1	2.055265E+1	1.000438E+1	5.076138E-1	2.021424E+1	5.174369E-6	-7.106704E-5	-9.665049E-2	2.073732E-1
2.855090E+2	2.009781E+1	2.073044E+1	1.000437E+1	6.326267E-1	2.030868E+1	1.041408E-6	-7.106704E-5	-9.763753E-2	4.173651E-2
2.866270E+2	2.015088E+1	2.073107E+1	1.000440E+1	5.801877E-1	2.034428E+1	-3.894106E-6	-7.130713E-5	-9.908461E-2	-1.560641E-1
2.877410E+2	2.015076E+1	2.089887E+1	1.000442E+1	7.481077E-1	2.040013E+1	-1.097564E-5	-7.130713E-5	-1.001955E-1	-4.398709E-1
2.888620E+2	2.015058E+1	2.089864E+1	1.000325E+1	7.480649E-1	2.039993E+1	-5.001158E-6	-7.130713E-5	-1.016608E-1	-2.004314E-1
2.899750E+2	2.015079E+1	2.055238E+1	1.000448E+1	4.015935E-1	2.028466E+1	1.549637E-6	-7.130713E-5	-1.034764E-1	6.210481E-2
2.910920E+2	2.004500E+1	2.055046E+1	1.000329E+1	5.054530E-1	2.021349E+1	-3.583714E-6	-7.130713E-5	-1.036527E-1	-1.436245E-1
2.922060E+2	1.999029E+1	2.073066E+1	1.000424E+1	7.403772E-1	2.023708E+1	-5.404014E-6	-7.130713E-5	-1.028038E-1	-2.165767E-1
2.933210E+2	2.004499E+1	2.003176E+1	1.000438E+1	-1.323008E-2	2.004058E+1	1.425031E-5	-7.130713E-5	-1.037310E-1	5.711097E-1
2.944400E+2	2.004488E+1	2.003283E+1	1.000426E+1	-1.205802E-2	2.004086E+1	1.220338E-5	-7.130713E-5	-1.037290E-1	4.890749E-1
2.955530E+2	2.004511E+1	2.073138E+1	1.000434E+1	6.862715E-1	2.027386E+1	-3.998357E-6	-7.130713E-5	-1.037331E-1	-1.602422E-1
2.966710E+2	2.009771E+1	2.073115E+1	1.000313E+1	6.334424E-1	2.030885E+1	1.911192E-6	-7.106704E-5	-1.047169E-1	7.659485E-2
2.977900E+2	2.015079E+1	2.106851E+1	1.000436E+1	9.177195E-1	2.045670E+1	-1.435322E-5	-7.106704E-5	-1.061616E-1	-5.752338E-1
2.989050E+2	2.020388E+1	2.106650E+1	1.000432E+1	8.626246E-1	2.049142E+1	-1.116281E-5	-7.106704E-5	-1.084416E-1	-4.473720E-1
3.000180E+2	2.020397E+1	2.073124E+1	1.000430E+1	5.272698E-1	2.037973E+1	-2.802920E-6	-7.106704E-5	-1.102252E-1	-1.123326E-1
3.011390E+2	2.015071E+1	2.073095E+1	1.000436E+1	5.802423E-1	2.034413E+1	2.214909E-7	-7.106704E-5	-1.111912E-1	8.876689E-3
3.022510E+2	2.009774E+1	2.073107E+1	1.000318E+1	6.333283E-1	2.030885E+1	1.297378E-6	-7.106704E-5	-1.123666E-1	5.199502E-2
3.033700E+2	1.999036E+1	2.073104E+1	1.000447E+1	7.406806E-1	2.023725E+1	-5.152753E-6	-7.106704E-5	-1.124442E-1	-2.065069E-1
3.044870E+2	1.999033E+1	2.073081E+1	1.000317E+1	7.404778E-1	2.023715E+1	3.443470E-7	-7.106704E-5	-1.125155E-1	1.380040E-2
3.056010E+2	1.999029E+1	2.003305E+1	1.000444E+1	4.276492E-2	2.000454E+1	1.068637E-5	-7.106704E-5	-1.125148E-1	4.282775E-1
3.067140E+2	1.999039E+1	2.003228E+1	1.000455E+1	4.188887E-2	2.000435E+1	1.518463E-5	-7.106704E-5	-1.125169E-1	6.085543E-1
3.078310E+2	1.999034E+1	2.037894E+1	1.000435E+1	3.885919E-1	2.011987E+1	8.936644E-6	-7.106704E-5	-1.125158E-1	3.581539E-1
3.089490E+2	2.004503E+1	2.037911E+1	1.000448E+1	3.340746E-1	2.015639E+1	4.328031E-6	-7.106704E-5	-1.134428E-1	1.734545E-1
3.100670E+2	2.009786E+1	2.055011E+1	1.000279E+1	4.522409E-1	2.024861E+1	-1.520953E-6	-7.106704E-5	-1.144308E-1	-6.095524E-2
3.111800E+2	2.009774E+1	2.055249E+1	1.000437E+1	4.547556E-1	2.024932E+1	-1.124135E-6	-7.106704E-5	-1.148839E-1	-4.505195E-2
3.123000E+2	2.015075E+1	2.073094E+1	1.000390E+1	5.801975E-1	2.034414E+1	2.169979E-7	-7.106704E-5	-1.164837E-1	8.696624E-3
3.134140E+2	2.015079E+1	2.089866E+1	1.000438E+1	7.478696E-1	2.040008E+1	-6.572817E-6	-7.130713E-5	-1.177438E-1	-2.634188E-1
3.145300E+2	2.015074E+1	2.073092E+1	1.000442E+1	5.801776E-1	2.034413E+1	5.484373E-7	-7.130713E-5	-1.193572E-1	2.197972E-2
3.156500E+2	2.009780E+1	2.089852E+1	1.000427E+1	8.007189E-1	2.036471E+1	-1.109809E-5	-7.130713E-5	-1.203205E-1	-4.447782E-1
3.167640E+2	2.009737E+1	2.106874E+1	1.000435E+1	9.713750E-1	2.042116E+1	-1.492616E-5	-7.130713E-5	-1.221073E-1	-5.981957E-1
3.178840E+2	2.004488E+1	2.020201E+1	1.000315E+1	1.571343E-1	2.009725E+1	1.146400E-5	-7.130713E-5	-1.230530E-1	4.594427E-1
3.189980E+2	1.999023E+1	1.985765E+1	1.000435E+1	-1.325744E-1	1.994604E+1	1.913605E-5	-7.130713E-5	-1.221951E-1	7.669155E-1
3.201120E+2	1.993623E+1	1.985354E+1	1.000436E+1	-8.269189E-2	1.990867E+1	1.595382E-5	-7.130713E-5	-1.211668E-1	6.393811E-1
3.212330E+2	1.999032E+1	2.055273E+1	1.000430E+1	5.624078E-1	2.017779E+1	3.352774E-6	-7.130713E-5	-1.218153E-1	1.343691E-1
3.223470E+2	2.004481E+1	2.073112E+1	1.000442E+1	6.863063E-1	2.027358E+1	1.046327E-6	-7.130713E-5	-1.227253E-1	4.193365E-2
3.234620E+2	2.009774E+1	2.073098E+1	1.000320E+1	6.332348E-1	2.030882E+1	-1.577636E-6	-7.130713E-5	-1.237150E-1	-6.322692E-2
3.245810E+2	2.015074E+1	2.089861E+1	1.000443E+1	7.478689E-1	2.040003E+1	-8.067460E-6	-7.106704E-5	-1.251607E-1	-3.233196E-1
3.256960E+2	2.020390E+1	2.106593E+1	1.000323E+1	8.620307E-1	2.049124E+1	-7.654479E-6	-7.106704E-5	-1.274413E-1	-3.067685E-1
3.268090E+2	2.020335E+1	2.089867E+1	1.000442E+1	6.953160E-1	2.043512E+1	-4.770313E-6	-7.106704E-5	-1.292169E-1	-1.911798E-1
3.279300E+2	2.020345E+1	2.089703E+1	1.000447E+1	6.935787E-1	2.043464E+1	-4.792188E-6	-7.106704E-5	-1.313538E-1	-1.920565E-1
3.290420E+2	2.015064E+1	2.089855E+1	1.000424E+1	7.479156E-1	2.039994E+1	-9.705445E-6	-7.106704E-5	-1.326710E-1	-3.889651E-1
3.301580E+2	2.004474E+1	2.003234E+1	1.000427E+1	-1.239774E-2	2.004060E+1	1.101194E-5	-7.106704E-5	-1.331979E-1	4.413256E-1
3.312790E+2	1.993591E+1	1.985576E+1	1.000311E+1	-8.014829E-2	1.990919E+1	1.666576E-5	-7.106704E-5	-1.313323E-1	6.679138E-1
3.323910E+2	1.993590E+1	2.031526E+1	1.000432E+1	3.793598E-1	2.006235E+1	8.097808E-6	-7.106704E-5	-1.306297E-1	3.245359E-1
3.335100E+2	1.998977E+1	2.055025E+1	9.950085E+0	5.604774E-1	2.017660E+1	4.567574E-6	-7.106704E-5	-1.308671E-1	1.830547E-1
3.346250E+2	2.009761E+1	2.168391E+1	1.000423E+1	1.586294E+0	2.062638E+1	-2.491798E-5	-7.106704E-5	-1.327607E-1	-9.986378E-1
3.357380E+2	2.015037E+1	2.346940E+1	1.005654E+1	3.319022E+0	2.125671E+1	-6.977130E-5	-7.106704E-5	-1.345268E-1	-2.796224E+0
3.368600E+2	2.015045E+1	2.312496E+1	1.016107E+1	2.974502E+0	2.114195E+1	-6.014060E-5	-4.729800E-5	-1.359815E-1	-2.410255E+0
3.379770E+2	2.004486E+1	2.295229E+1	1.016233E+1	2.907425E+0	2.101401E+1	-6.146568E-5	4.081553E-5	-1.358159E-1	-2.463360E+0
3.390930E+2	1.995753E+1	2.294726E+1	1.016103E+1	2.989731E+0	2.095410E+1	-6.251983E-5	1.536585E-4	-1.343175E-1	-2.505607E+0
3.402140E+2	1.993655E+1	2.278170E+1	1.010956E+1	2.845143E+0	2.088493E+1	-6.036240E-5	2.893101E-4	-1.339310E-1	-2.419144E+0
3.413370E+2	1.993649E+1	2.277778E+1	1.000316E+1	2.841292E+0	2.088359E+1	-5.911594E-5	4.170387E-4	-1.337476E-1	-2.369190E+0
3.424540E+2	1.993661E+1	2.278051E+1	9.950264E+0	2.843909E+0	2.088458E+1	-8.457564E-5	4.208801E-4	-1.335007E-1	-3.389538E+0
3.435700E+2	1.993593E+1	2.277787E+1	9.950574E+0	2.841937E+0	2.088324E+1	-8.344565E-5	4.208801E-4	-1.331785E-1	-3.344251E+0
3.446860E+2	1.993655E+1	2.278146E+1	9.950521E+0	2.844912E+0	2.088485E+1	-8.309945E-5	4.206400E-4	-1.328135E-1	-3.330377E+0
3.458040E+2	1.999033E+1	2.278207E+1	9.950468E+0	2.791742E+0	2.092091E+1	-8.140027E-5	4.208801E-4	-1.334032E-1	-3.262279E+0
3.469180E+2	1.999031E+1	2.278247E+1	9.949988E+0	2.792163E+0	2.092103E+1	-8.207858E-5	4.206400E-4	-1.333875E-1	-3.289463E+0
3.480400E+2	1.999038E+1	2.278308E+1	9.950540E+0	2.792695E+0	2.092128E+1	-8.182550E-5	4.182391E-4	-1.333891E-1	-3.279321E+0
3.491550E+2	2.004490E+1	2.277819E+1	9.949543E+0	2.733290E+0	2.095599E+1	-8.606571E-5	4.179990E-4	-1.343127E-1	-3.449255E+0
3.502740E+2	2.004497E+1	2.278224E+1	9.950441E+0	2.737269E+0	2.095740E+1	-8.740328E-5	4.151179E-4	-1.343142E-1	-3.502861E+0
3.513880E+2	2.004494E+1	2.277844E+1	9.950219E+0	2.733505E+0	2.095611E+1	-8.146488E-5	4.148779E-4	-1.343135E-1	-3.264868E+0
3.525070E+2	2.004523E+1	2.278190E+1	9.950281E+0	2.736664E+0	2.095745E+1	-8.178976E-5	4.148779E-4	-1.343190E-1	-3.277888E+0
3.536220E+2	2.004498E+1	2.278221E+1	9.950407E+0	2.737230E+0	2.095739E+1	-8.430034E-5	4.148779E-4	-1.343144E-1	-3.378505E+0
3.547380E+2	2.004493E+1	2.260788E+1	9.949543E+0	2.562947E+0	2.089925E+1	-8.074551E-5	4.146378E-4	-1.343136E-1	-3.236038E+0
3.558590E+2	1.999041E+1	2.037859E+1	9.950477E+0	3.881850E-1	2.011980E+1	-2.617739E-5	4.119968E-4	-1.333897E-1	-1.049111E+0
3.569720E+2	1.999026E+1	2.020287E+1	9.897219E+0	2.126183E-1	2.006113E+1	-2.193968E-5	4.117567E-4	-1.333870E-1	-8.792767E-1
3.580970E+2	1.999043E+1	2.037816E+1	9.845572E+0	3.877262E-1	2.011968E+1	-2.612986E-5	3.803047E-4	-1.333903E-1	-1.047206E+0
3.592140E+2	1.999029E+1	2.037660E+1	9.844725E+0	3.863147E-1	2.011906E+1	-2.158469E-5	3.051561E-4	-1.333876E-1	-8.650497E-1
3.603350E+2	1.999038E+1	2.037859E+1	9.898118E+0	3.882111E-1	2.011978E+1	-2.211695E-5	2.057583E-4	-1.333893E-1	-8.863809E-1
3.614570E+2	1.999033E+1	2.037672E+1	9.897442E+0	3.863943E-1	2.011913E+1	-2.233581E-5	1.166844E-4	-1.333883E-1	-8.951521E-1
3.625770E+2	1.999053E+1	2.037856E+1	9.950477E+0	3.880304E-1	2.011988E+1	-6.013711E-6	1.752667E-5	-1.333920E-1	-2.410115E-1
3.636900E+2	1.999037E+1	2.037681E+1	1.005638E+1	3.864367E-1	2.011918E+1	-4.017591E-6	1.416539E-5	-1.333891E-1	-1.610130E-1
3.648120E+2	1.999043E+1	2.037859E+1	1.005636E+1	3.881577E-1	2.011982E+1	-5.816674E-6	5.954266E-5	-1.333903E-1	-2.331148E-1
3.659290E+2	1.999031E+1	2.037862E+1	1.005647E+1	3.883111E-1	2.011975E+1	-5.665180E-6	1.094817E-4	-1.333882E-1	-2.270434E-1
3.670460E+2	1.999028E+1	2.037871E+1	1.005569E+1	3.884235E-1	2.011976E+1	-1.257219E-6	1.625418E-4	-1.333875E-1	-5.038559E-2
3.681660E+2	1.999026E+1	2.037853E+1	1.005646E+1	3.882700E-1	2.011969E+1	8.728496E-7	2.187232E-4	-1.333872E-1	3.498119E-2
3.692800E+2	1.999023E+1	2.037658E+1	1.000314E+1	3.863477E-1	2.011901E+1	4.402307E-6	2.780258E-4	-1.333868E-1	1.764313E-1
3.703990E+2	1.999031E+1	2.037868E+1	9.950478E+0	3.883693E-1	2.011977E+1	-1.885861E-6	2.799465E-4	-1.333883E-1	-7.557965E-2
3.715140E+2	1.999034E+1	2.037684E+1	9.949864E+0	3.865011E-1	2.011917E+1	-6.978591E-6	2.799465E-4	-1.333887E-1	-2.796810E-1
3.726360E+2	1.999034E+1	2.037854E+1	9.950434E+0	3.881988E-1	2.011974E+1	1.847306E-6	2.773055E-4	-1.333887E-1	7.403449E-2
3.737490E+2	1.999029E+1	2.037788E+1	9.950408E+0	3.875898E-1	2.011948E+1	-5.856405E-7	2.770654E-4	-1.333878E-1	-2.347071E-2
3.748670E+2	1.999019E+1	2.037865E+1	9.950470E+0	3.884639E-1	2.011968E+1	4.140214E-6	2.770654E-4	-1.333858E-1	1.659274E-1
3.759860E+2	1.999038E+1	2.037859E+1	9.950549E+0	3.882105E-1	2.011979E+1	-1.461994E-6	2.770654E-4	-1.333896E-1	-5.859232E-2
3.771000E+2	1.999026E+1	2.037788E+1	9.949562E+0	3.876165E-1	2.011946E+1	-1.623343E-6	2.770654E-4	-1.333871E-1	-6.505873E-2
3.782220E+2	1.999033E+1	2.037860E+1	9.950460E+0	3.882653E-1	2.011975E+1	4.284320E-7	2.741843E-4	-1.333884E-1	1.717027E-2
3.793420E+2	1.999033E+1	2.037635E+1	9.949180E+0	3.860209E-1	2.011900E+1	1.378849E-6	2.739442E-4	-1.333884E-1	5.526012E-2
3.804610E+2	1.999034E+1	2.073121E+1	9.950203E+0	7.408698E-1	2.023730E+1	-8.650284E-6	2.708230E-4	-1.333888E-1	-3.466774E-1
3.815770E+2	1.999030E+1	2.073075E+1	9.949597E+0	7.404450E-1	2.023712E+1	-6.491860E-6	2.708230E-4	-1.333881E-1	-2.601743E-1
3.826970E+2	1.999024E+1	2.073083E+1	9.950140E+0	7.405942E-1	2.023710E+1	-9.668445E-6	2.679419E-4	-1.333870E-1	-3.874823E-1
3.838130E+2	1.999039E+1	2.073075E+1	9.950212E+0	7.403656E-1	2.023717E+1	-1.209629E-5	2.679419E-4	-1.333896E-1	-4.847831E-1
3.849280E+2	1.999030E+1	2.073092E+1	9.950140E+0	7.406176E-1	2.023718E+1	6.654741E-5	2.679419E-4	-1.333881E-1	2.667020E+0
3.860460E+2	1.999027E+1	2.073127E+1	9.950230E+0	7.409986E-1	2.023727E+1	2.060473E-5	2.679419E-4	-1.333875E-1	8.257758E-1
3.871620E+2	1.999031E+1	2.073043E+1	9.949136E+0	7.401197E-1	2.023702E+1	2.495805E-5	2.677019E-4	-1.333883E-1	1.000244E+0
3.882850E+2	1.999024E+1	2.073121E+1	9.950222E+0	7.409685E-1	2.023723E+1	2.783900E-5	2.648208E-4	-1.333873E-1	1.115703E+0
3.894000E+2	1.999044E+1	2.073052E+1	9.949340E+0	7.400826E-1	2.023713E+1	2.982529E-5	2.648208E-4	-1.333905E-1	1.195308E+0
3.905190E+2	1.999046E+1	2.073109E+1	9.950203E+0	7.406390E-1	2.023734E+1	2.617542E-5	2.619397E-4	-1.333909E-1	1.049032E+0
3.916340E+2	1.999029E+1	2.073061E+1	9.950256E+0	7.403196E-1	2.023706E+1	2.725920E-5	2.616996E-4	-1.333878E-1	1.092467E+0
