Temps(s)	Pc(MPa)	Pax(MPa)	Ppam(MPa)	Q(MPa)	Pmoy(MPa)	Defaxcapt	Defvolfluide	Defvolconf	Deplct(µm)
1.875000E+0	4.968055E+0	4.559078E+0	1.393919E+0	-4.089770E-1	4.831730E+0	-4.541872E-6	-4.264591E-5	1.941422E-3	-1.816749E-1
2.992000E+0	5.021260E+0	4.560546E+0	1.393696E+0	-4.607146E-1	4.867689E+0	-8.525188E-6	-9.796374E-5	1.480930E-3	-3.410075E-1
4.113000E+0	5.074910E+0	4.559165E+0	1.394007E+0	-5.157456E-1	4.902995E+0	-6.996626E-6	-1.652224E-4	8.265953E-4	-2.798650E-1
5.232000E+0	5.075106E+0	4.390409E+0	1.393892E+0	-6.846974E-1	4.846874E+0	-2.044366E-7	-2.436909E-4	1.352411E-3	-8.177464E-3
6.352000E+0	5.127778E+0	4.389431E+0	1.393919E+0	-7.383469E-1	4.881662E+0	-2.426109E-6	-3.336128E-4	7.171279E-4	-9.704438E-2
7.471000E+0	5.127875E+0	4.390351E+0	1.393830E+0	-7.375239E-1	4.882034E+0	-1.265524E-6	-4.357193E-4	1.265404E-3	-5.062094E-2
8.591000E+0	5.181329E+0	4.560977E+0	1.393972E+0	-6.203520E-1	4.974545E+0	-6.575075E-6	-5.492793E-4	6.303660E-4	-2.630030E-1
9.711000E+0	5.181330E+0	4.560546E+0	1.393474E+0	-6.207835E-1	4.974402E+0	-6.957781E-6	-6.742927E-4	1.195717E-3	-2.783112E-1
1.083000E+1	5.234659E+0	4.560719E+0	1.393919E+0	-6.739403E-1	5.010012E+0	-9.637614E-6	-8.110033E-4	7.110493E-4	-3.855045E-1
1.195000E+1	5.288701E+0	4.560690E+0	1.393358E+0	-7.280108E-1	5.046030E+0	-1.761471E-5	-9.594110E-4	2.942816E-5	-7.045885E-1
1.306900E+1	5.288878E+0	4.560863E+0	1.393937E+0	-7.280157E-1	5.046207E+0	-1.710063E-5	-1.119516E-3	4.453744E-4	-6.840253E-1
1.418500E+1	5.288878E+0	4.558819E+0	1.393465E+0	-7.300587E-1	5.045525E+0	-1.961906E-5	-1.290587E-3	1.025857E-3	-7.847624E-1
1.530400E+1	5.342065E+0	4.560344E+0	1.393981E+0	-7.817212E-1	5.081491E+0	-1.851983E-5	-1.474330E-3	5.327552E-4	-7.407932E-1
1.642200E+1	5.342198E+0	4.558502E+0	1.393927E+0	-7.836960E-1	5.080966E+0	-1.365514E-5	-1.668552E-3	1.139346E-3	-5.462055E-1
1.754000E+1	5.395750E+0	4.560056E+0	1.393821E+0	-8.356944E-1	5.117185E+0	-2.128599E-5	-1.875201E-3	3.809971E-4	-8.514396E-1
1.865800E+1	5.449729E+0	4.560228E+0	1.393785E+0	-8.895007E-1	5.153229E+0	-2.747649E-5	-2.092817E-3	-1.910294E-4	-1.099060E+0
1.977400E+1	5.449641E+0	4.560372E+0	1.445406E+0	-8.892683E-1	5.153218E+0	-3.317340E-5	-2.321887E-3	2.722310E-4	-1.326936E+0
2.089300E+1	5.502000E+0	4.560143E+0	1.446145E+0	-9.418578E-1	5.188048E+0	-3.854073E-5	-2.542427E-3	-2.624724E-4	-1.541629E+0
2.201300E+1	5.501769E+0	4.559912E+0	1.445504E+0	-9.418567E-1	5.187817E+0	-3.871788E-5	-2.773933E-3	2.275940E-4	-1.548715E+0
2.313300E+1	5.554432E+0	4.560286E+0	1.446083E+0	-9.941455E-1	5.223050E+0	-3.201548E-5	-3.017868E-3	-3.618874E-4	-1.280619E+0
2.425300E+1	5.554512E+0	4.559106E+0	1.499377E+0	-9.954052E-1	5.222710E+0	-3.432018E-5	-3.270332E-3	1.431960E-4	-1.372807E+0
2.537200E+1	5.607752E+0	4.560459E+0	1.500035E+0	-1.047294E+0	5.258654E+0	-2.879692E-5	-3.516703E-3	-3.878248E-4	-1.151877E+0
2.649200E+1	5.607708E+0	4.558560E+0	1.499386E+0	-1.049148E+0	5.257992E+0	-3.044766E-5	-3.771848E-3	1.371095E-4	-1.217906E+0
2.761300E+1	5.661421E+0	4.560747E+0	1.500169E+0	-1.100674E+0	5.294530E+0	-3.600473E-5	-4.040151E-3	-2.111282E-4	-1.440189E+0
2.873300E+1	5.661447E+0	4.558675E+0	1.551763E+0	-1.102772E+0	5.293856E+0	-3.351607E-5	-4.318934E-3	3.261171E-4	-1.340643E+0
2.985100E+1	5.715373E+0	4.560690E+0	1.552333E+0	-1.154683E+0	5.330479E+0	-3.006496E-5	-4.587725E-3	-1.673946E-4	-1.202598E+0
3.097100E+1	5.715444E+0	4.559107E+0	1.552155E+0	-1.156337E+0	5.329998E+0	-2.948328E-5	-4.867725E-3	3.815305E-4	-1.179331E+0
3.209100E+1	5.768676E+0	4.560862E+0	1.605413E+0	-1.207814E+0	5.366071E+0	-3.016228E-5	-5.161617E-3	-2.342248E-4	-1.206491E+0
3.322000E+1	5.768471E+0	4.558934E+0	1.604764E+0	-1.209537E+0	5.365292E+0	-3.170466E-5	-5.445517E-3	3.416433E-4	-1.268186E+0
3.434600E+1	5.822316E+0	4.560833E+0	1.605395E+0	-1.261483E+0	5.401822E+0	-3.158361E-5	-5.740139E-3	-1.484627E-4	-1.263344E+0
3.546600E+1	5.822334E+0	4.557869E+0	1.657506E+0	-1.264465E+0	5.400845E+0	-2.727468E-5	-6.046702E-3	4.384316E-4	-1.090987E+0
3.659000E+1	5.875601E+0	4.560257E+0	1.658084E+0	-1.315344E+0	5.437153E+0	-2.412544E-5	-6.341812E-3	-6.606740E-5	-9.650176E-1
3.771000E+1	5.929269E+0	4.558444E+0	1.658218E+0	-1.370825E+0	5.472327E+0	-3.132193E-5	-6.647400E-3	-6.281243E-4	-1.252877E+0
3.882900E+1	5.929411E+0	4.560660E+0	1.712677E+0	-1.368751E+0	5.473161E+0	-3.224559E-5	-6.965417E-3	-2.079132E-4	-1.289824E+0
3.994600E+1	5.982047E+0	4.558818E+0	1.712722E+0	-1.423229E+0	5.507637E+0	-2.732606E-5	-7.272467E-3	-7.834268E-4	-1.093042E+0
4.106800E+1	5.982331E+0	4.560573E+0	1.764512E+0	-1.421758E+0	5.508412E+0	-2.812166E-5	-7.591215E-3	-7.703455E-4	-1.124866E+0
4.218500E+1	5.981975E+0	4.559739E+0	1.764530E+0	-1.422237E+0	5.507896E+0	-2.949771E-5	-7.898265E-3	-7.628686E-4	-1.179908E+0
4.330300E+1	5.982242E+0	4.560199E+0	1.816560E+0	-1.422043E+0	5.508227E+0	-3.309604E-5	-8.217013E-3	-7.686461E-4	-1.323842E+0
4.441900E+1	5.982268E+0	4.560544E+0	1.817388E+0	-1.421724E+0	5.508360E+0	-3.484587E-5	-8.527719E-3	-7.689812E-4	-1.393835E+0
4.554100E+1	5.982046E+0	4.560228E+0	1.816507E+0	-1.421818E+0	5.508107E+0	-3.489997E-5	-8.848903E-3	-7.641649E-4	-1.395999E+0
4.665700E+1	5.982234E+0	4.560228E+0	1.869926E+0	-1.422006E+0	5.508232E+0	-3.787763E-5	-9.181542E-3	-7.684808E-4	-1.515105E+0
4.777400E+1	5.982563E+0	4.558991E+0	1.924652E+0	-1.423572E+0	5.508039E+0	-3.105228E-5	-9.566329E-3	-7.756122E-4	-1.242091E+0
4.910600E+1	5.982554E+0	4.560660E+0	1.924581E+0	-1.421894E+0	5.508590E+0	-3.395486E-5	-9.877766E-3	-7.751825E-4	-1.358195E+0
5.027900E+1	5.982581E+0	4.561120E+0	1.977297E+0	-1.421460E+0	5.508761E+0	-3.702334E-5	-1.021723E-2	-7.757509E-4	-1.480934E+0
5.147000E+1	5.929598E+0	4.560602E+0	1.976363E+0	-1.368996E+0	5.473266E+0	-2.718711E-5	-1.055328E-2	3.726497E-4	-1.087484E+0
5.259800E+1	5.929482E+0	4.560861E+0	2.030893E+0	-1.368621E+0	5.473275E+0	-3.016877E-5	-1.088007E-2	8.203845E-4	-1.206751E+0
5.372300E+1	5.982091E+0	4.560285E+0	2.029692E+0	-1.421806E+0	5.508156E+0	-2.846311E-5	-1.119760E-2	3.007675E-4	-1.138525E+0
5.509400E+1	5.982046E+0	4.560889E+0	2.083324E+0	-1.421157E+0	5.508327E+0	-2.842191E-5	-1.159944E-2	3.258644E-4	-1.136876E+0
5.621900E+1	5.982046E+0	4.561091E+0	2.084205E+0	-1.420955E+0	5.508394E+0	-2.723140E-5	-1.191941E-2	3.258644E-4	-1.089256E+0
5.733700E+1	5.982233E+0	4.559566E+0	2.084161E+0	-1.422667E+0	5.508010E+0	-2.661828E-5	-1.225180E-2	3.218233E-4	-1.064731E+0
5.845400E+1	5.981984E+0	4.559882E+0	2.137980E+0	-1.422101E+0	5.507950E+0	-3.089729E-5	-1.259516E-2	3.272184E-4	-1.235891E+0
5.957500E+1	5.982456E+0	4.558933E+0	2.190091E+0	-1.423523E+0	5.507949E+0	-2.965848E-5	-1.292805E-2	3.169760E-4	-1.186339E+0
6.069500E+1	5.982625E+0	4.560660E+0	2.189992E+0	-1.421965E+0	5.508637E+0	-2.992606E-5	-1.325167E-2	3.133172E-4	-1.197042E+0
6.181000E+1	5.982500E+0	4.559019E+0	2.242877E+0	-1.423481E+0	5.508007E+0	-2.992070E-5	-1.358601E-2	3.160251E-4	-1.196828E+0
6.292900E+1	5.982545E+0	4.560890E+0	2.241890E+0	-1.421655E+0	5.508660E+0	-3.006925E-5	-1.390963E-2	3.150536E-4	-1.202770E+0
6.404800E+1	5.982580E+0	4.559278E+0	2.295370E+0	-1.423302E+0	5.508146E+0	-3.177293E-5	-1.424495E-2	3.140451E-4	-1.270917E+0
6.516900E+1	5.982571E+0	4.560861E+0	2.294356E+0	-1.421710E+0	5.508668E+0	-2.990005E-5	-1.457150E-2	3.142414E-4	-1.196002E+0
6.628700E+1	5.982616E+0	4.561091E+0	2.349474E+0	-1.421525E+0	5.508774E+0	-3.387384E-5	-1.490925E-2	3.132699E-4	-1.354953E+0
6.740400E+1	5.982482E+0	4.560919E+0	2.348522E+0	-1.421564E+0	5.508628E+0	-3.000193E-5	-1.523434E-2	3.161638E-4	-1.200077E+0
6.852400E+1	5.982580E+0	4.561091E+0	2.401736E+0	-1.421489E+0	5.508750E+0	-2.887184E-5	-1.557331E-2	3.140451E-4	-1.154873E+0
6.964300E+1	5.982571E+0	4.559940E+0	2.455163E+0	-1.422631E+0	5.508361E+0	-3.438642E-5	-1.590132E-2	3.142414E-4	-1.375457E+0
7.076000E+1	5.982624E+0	4.560889E+0	2.455137E+0	-1.421735E+0	5.508713E+0	-3.163126E-5	-1.621860E-2	3.130942E-4	-1.265250E+0
7.187800E+1	5.982624E+0	4.559019E+0	2.455137E+0	-1.423605E+0	5.508089E+0	-3.232675E-5	-1.654637E-2	3.130942E-4	-1.293070E+0
7.299700E+1	5.982500E+0	4.560918E+0	2.507452E+0	-1.421582E+0	5.508639E+0	-3.532515E-5	-1.688680E-2	3.157917E-4	-1.413006E+0
7.411700E+1	5.982589E+0	4.558041E+0	2.507888E+0	-1.424548E+0	5.507739E+0	-2.833643E-5	-1.721944E-2	3.138590E-4	-1.133457E+0
7.524200E+1	5.982642E+0	4.560860E+0	2.562125E+0	-1.421781E+0	5.508715E+0	-2.800313E-5	-1.756110E-2	3.124681E-4	-1.120125E+0
7.636200E+1	5.982482E+0	4.558817E+0	2.614779E+0	-1.423664E+0	5.507927E+0	-3.490994E-5	-1.789398E-2	3.161742E-4	-1.396398E+0
7.748200E+1	5.982037E+0	4.560314E+0	2.625873E+0	-1.421723E+0	5.508129E+0	-2.982846E-5	-1.821784E-2	3.258275E-4	-1.193138E+0
7.861300E+1	5.982028E+0	4.558501E+0	2.667904E+0	-1.423527E+0	5.507519E+0	-3.175074E-5	-1.854731E-2	3.260238E-4	-1.270030E+0
7.973300E+1	5.982010E+0	4.560601E+0	2.720023E+0	-1.421409E+0	5.508207E+0	-3.562948E-5	-1.886923E-2	3.263959E-4	-1.425179E+0
8.085100E+1	5.982010E+0	4.558443E+0	2.775417E+0	-1.423567E+0	5.507488E+0	-3.765228E-5	-1.918115E-2	3.261625E-4	-1.506091E+0
8.197300E+1	5.982552E+0	4.560802E+0	2.827652E+0	-1.421750E+0	5.508635E+0	-3.119292E-5	-1.948406E-2	3.144112E-4	-1.247717E+0
8.309500E+1	5.982481E+0	4.558731E+0	2.828168E+0	-1.423750E+0	5.507898E+0	-3.077960E-5	-1.977503E-2	3.159511E-4	-1.231184E+0
8.421000E+1	5.982597E+0	4.560860E+0	2.882201E+0	-1.421737E+0	5.508685E+0	-3.577945E-5	-2.007623E-2	3.134396E-4	-1.431178E+0
8.533100E+1	5.982464E+0	4.560573E+0	2.935193E+0	-1.421891E+0	5.508500E+0	-3.264089E-5	-2.036744E-2	3.163232E-4	-1.305636E+0
8.645100E+1	5.982562E+0	4.560659E+0	2.992259E+0	-1.421903E+0	5.508594E+0	-2.782063E-5	-2.064647E-2	3.141941E-4	-1.112825E+0
8.756200E+1	5.982562E+0	4.560458E+0	2.992161E+0	-1.422104E+0	5.508527E+0	-2.689574E-5	-2.065597E-2	3.139608E-4	-1.075830E+0
8.868000E+1	5.982420E+0	4.560372E+0	2.992224E+0	-1.422048E+0	5.508404E+0	-3.672425E-5	-2.065573E-2	3.170304E-4	-1.468970E+0
8.980400E+1	5.982500E+0	4.560803E+0	2.935531E+0	-1.421697E+0	5.508601E+0	-3.235713E-5	-2.065597E-2	3.155377E-4	-1.294285E+0
9.092300E+1	5.929508E+0	4.558703E+0	2.935673E+0	-1.370806E+0	5.472573E+0	-3.464932E-5	-2.068668E-2	1.464135E-3	-1.385973E+0
9.204200E+1	5.929420E+0	4.560429E+0	2.882210E+0	-1.368990E+0	5.473089E+0	-2.954960E-5	-2.072664E-2	1.932238E-3	-1.181984E+0
9.316100E+1	5.982535E+0	4.558645E+0	2.881454E+0	-1.423890E+0	5.507905E+0	-3.554615E-5	-2.079999E-2	1.414317E-3	-1.421846E+0
9.428100E+1	5.982552E+0	4.560543E+0	2.882103E+0	-1.422009E+0	5.508549E+0	-2.986285E-5	-2.088577E-2	1.436608E-3	-1.194514E+0
9.539600E+1	5.982686E+0	4.559192E+0	2.881489E+0	-1.423494E+0	5.508188E+0	-3.109792E-5	-2.098276E-2	1.433703E-3	-1.243917E+0
9.651300E+1	5.982606E+0	4.560803E+0	2.882103E+0	-1.421803E+0	5.508672E+0	-3.602720E-5	-2.109145E-2	1.435429E-3	-1.441088E+0
9.763000E+1	5.982465E+0	4.560688E+0	2.881632E+0	-1.421776E+0	5.508539E+0	-2.750447E-5	-2.121183E-2	1.438499E-3	-1.100179E+0
9.875000E+1	5.982473E+0	4.560458E+0	2.882077E+0	-1.422015E+0	5.508468E+0	-3.387706E-5	-2.134415E-2	1.438313E-3	-1.355082E+0
9.987000E+1	5.982509E+0	4.560976E+0	2.882121E+0	-1.421533E+0	5.508665E+0	-3.489745E-5	-2.148769E-2	1.437538E-3	-1.395898E+0
1.009910E+2	5.982544E+0	4.560458E+0	2.882166E+0	-1.422087E+0	5.508516E+0	-2.819877E-5	-2.164365E-2	1.436773E-3	-1.127951E+0
1.021100E+2	5.982544E+0	4.560630E+0	2.882138E+0	-1.421914E+0	5.508573E+0	-3.266076E-5	-2.181058E-2	1.436783E-3	-1.306430E+0
1.032260E+2	5.982491E+0	4.558559E+0	2.935655E+0	-1.423932E+0	5.507847E+0	-3.652943E-5	-2.198920E-2	1.437941E-3	-1.461177E+0
1.043420E+2	5.982562E+0	4.560631E+0	2.935762E+0	-1.421932E+0	5.508585E+0	-2.890427E-5	-2.215394E-2	1.436391E-3	-1.156171E+0
1.054610E+2	5.982420E+0	4.557926E+0	2.992037E+0	-1.424494E+0	5.507589E+0	-2.707753E-5	-2.232745E-2	1.439460E-3	-1.083101E+0
1.065750E+2	5.982660E+0	4.560458E+0	2.992348E+0	-1.422202E+0	5.508593E+0	-3.391205E-5	-2.233330E-2	1.434262E-3	-1.356482E+0
1.076910E+2	5.982624E+0	4.560602E+0	2.992170E+0	-1.422022E+0	5.508617E+0	-2.897707E-5	-2.233330E-2	1.435047E-3	-1.159083E+0
1.088070E+2	5.982562E+0	4.560544E+0	2.935762E+0	-1.422018E+0	5.508556E+0	-3.070156E-5	-2.233330E-2	1.436401E-3	-1.228062E+0
1.099290E+2	5.982624E+0	4.560774E+0	2.935682E+0	-1.421850E+0	5.508674E+0	-3.191868E-5	-2.236424E-2	1.434570E-3	-1.276747E+0
1.110480E+2	5.982508E+0	4.558385E+0	2.882023E+0	-1.424122E+0	5.507800E+0	-3.407225E-5	-2.240445E-2	1.437325E-3	-1.362890E+0
1.121640E+2	5.982650E+0	4.560428E+0	2.882138E+0	-1.422222E+0	5.508576E+0	-3.858120E-5	-2.247756E-2	1.434245E-3	-1.543248E+0
1.132860E+2	5.982285E+0	4.558385E+0	2.881489E+0	-1.423900E+0	5.507651E+0	-3.119612E-5	-2.256358E-2	1.441918E-3	-1.247845E+0
1.144070E+2	5.982250E+0	4.560572E+0	2.881978E+0	-1.421678E+0	5.508358E+0	-3.230621E-5	-2.266130E-2	1.442906E-3	-1.292248E+0
1.155220E+2	5.982268E+0	4.558645E+0	2.881275E+0	-1.423623E+0	5.507727E+0	-3.350324E-5	-2.276975E-2	1.442524E-3	-1.340130E+0
1.166390E+2	5.982063E+0	4.560256E+0	2.882032E+0	-1.421807E+0	5.508127E+0	-3.335642E-5	-2.289037E-2	1.446958E-3	-1.334257E+0
1.177610E+2	5.982268E+0	4.560515E+0	2.881356E+0	-1.421753E+0	5.508351E+0	-2.834813E-5	-2.302270E-2	1.442270E-3	-1.133925E+0
1.188790E+2	5.982206E+0	4.560371E+0	2.935522E+0	-1.421835E+0	5.508261E+0	-2.851556E-5	-2.316721E-2	1.443868E-3	-1.140622E+0
1.199980E+2	5.982046E+0	4.560112E+0	2.935344E+0	-1.421933E+0	5.508068E+0	-3.487816E-5	-2.329758E-2	1.447340E-3	-1.395126E+0
1.211170E+2	5.981984E+0	4.559076E+0	2.935495E+0	-1.422907E+0	5.507681E+0	-2.920644E-5	-2.343673E-2	1.448440E-3	-1.168258E+0
1.222350E+2	5.981992E+0	4.560227E+0	2.980007E+0	-1.421765E+0	5.508070E+0	-3.013458E-5	-2.358392E-2	1.448508E-3	-1.205383E+0
1.233480E+2	5.981930E+0	4.558271E+0	2.992178E+0	-1.423659E+0	5.507377E+0	-3.373698E-5	-2.358903E-2	1.449608E-3	-1.349479E+0
1.244660E+2	5.981929E+0	4.560169E+0	2.946830E+0	-1.421760E+0	5.508009E+0	-3.159207E-5	-2.358879E-2	1.449862E-3	-1.263683E+0
1.255850E+2	5.981955E+0	4.558557E+0	2.935031E+0	-1.423398E+0	5.507489E+0	-3.832379E-5	-2.361267E-2	1.449060E-3	-1.532951E+0
1.267010E+2	5.982061E+0	4.560140E+0	2.935512E+0	-1.421922E+0	5.508087E+0	-3.035318E-5	-2.365020E-2	1.446755E-3	-1.214127E+0
1.278180E+2	5.981946E+0	4.560140E+0	2.935129E+0	-1.421807E+0	5.508011E+0	-3.359481E-5	-2.369650E-2	1.449246E-3	-1.343792E+0
1.289380E+2	5.982053E+0	4.559967E+0	2.935414E+0	-1.422086E+0	5.508025E+0	-3.255838E-5	-2.375182E-2	1.446687E-3	-1.302335E+0
1.300540E+2	5.982045E+0	4.560399E+0	2.935450E+0	-1.421646E+0	5.508163E+0	-3.266244E-5	-2.381542E-2	1.447107E-3	-1.306498E+0
1.311740E+2	5.982330E+0	4.558529E+0	2.935530E+0	-1.423800E+0	5.507730E+0	-3.385198E-5	-2.388780E-2	1.440693E-3	-1.354079E+0
1.322910E+2	5.982223E+0	4.560515E+0	2.935619E+0	-1.421708E+0	5.508320E+0	-2.703268E-5	-2.396846E-2	1.443252E-3	-1.081307E+0
1.334120E+2	5.981921E+0	4.558616E+0	2.935219E+0	-1.423305E+0	5.507486E+0	-3.356421E-5	-2.405790E-2	1.449794E-3	-1.342568E+0
1.345280E+2	5.982527E+0	4.560343E+0	2.935602E+0	-1.422184E+0	5.508466E+0	-2.989925E-5	-2.415610E-2	1.436658E-3	-1.195970E+0
1.356450E+2	5.929430E+0	4.559480E+0	2.935220E+0	-1.369949E+0	5.472780E+0	-3.137250E-5	-2.426284E-2	2.587549E-3	-1.254900E+0
1.367620E+2	5.982537E+0	4.560459E+0	2.935593E+0	-1.422078E+0	5.508511E+0	-3.243126E-5	-2.437786E-2	1.904094E-3	-1.297250E+0
1.378780E+2	5.982527E+0	4.560487E+0	2.935602E+0	-1.422040E+0	5.508514E+0	-2.972503E-5	-2.450190E-2	1.923065E-3	-1.189001E+0
1.390000E+2	5.982500E+0	4.560314E+0	2.992286E+0	-1.422186E+0	5.508438E+0	-3.514170E-5	-2.463398E-2	1.923654E-3	-1.405668E+0
1.401130E+2	5.982536E+0	4.560458E+0	2.992206E+0	-1.422078E+0	5.508510E+0	-3.060298E-5	-2.463812E-2	1.922868E-3	-1.224119E+0
1.412280E+2	5.982597E+0	4.558070E+0	2.992259E+0	-1.424528E+0	5.507755E+0	-3.533484E-5	-2.463812E-2	1.921302E-3	-1.413394E+0
1.423440E+2	5.982517E+0	4.560515E+0	2.992241E+0	-1.422002E+0	5.508517E+0	-3.029954E-5	-2.463837E-2	1.923282E-3	-1.211981E+0
1.434640E+2	5.982473E+0	4.558501E+0	2.992090E+0	-1.423972E+0	5.507816E+0	-3.262747E-5	-2.463812E-2	1.923999E-3	-1.305099E+0
1.445850E+2	5.982419E+0	4.560429E+0	2.935646E+0	-1.421991E+0	5.508422E+0	-3.166105E-5	-2.463812E-2	1.925411E-3	-1.266442E+0
1.457050E+2	5.982632E+0	4.560744E+0	2.935290E+0	-1.421888E+0	5.508670E+0	-3.171924E-5	-2.466907E-2	1.920547E-3	-1.268770E+0
1.468230E+2	5.982552E+0	4.560428E+0	2.935637E+0	-1.422124E+0	5.508510E+0	-3.570766E-5	-2.470928E-2	1.922294E-3	-1.428306E+0
1.479430E+2	5.982533E+0	4.560399E+0	2.935281E+0	-1.422134E+0	5.508489E+0	-3.529505E-5	-2.475826E-2	1.922687E-3	-1.411802E+0
1.490580E+2	5.982605E+0	4.560226E+0	2.935646E+0	-1.422378E+0	5.508478E+0	-3.238176E-5	-2.481577E-2	1.921147E-3	-1.295270E+0
1.501800E+2	5.982454E+0	4.560514E+0	2.935583E+0	-1.421940E+0	5.508474E+0	-3.153732E-5	-2.488181E-2	1.924413E-3	-1.261493E+0
1.512990E+2	5.982428E+0	4.559824E+0	2.935566E+0	-1.422604E+0	5.508227E+0	-2.833727E-5	-2.495687E-2	1.924971E-3	-1.133491E+0
1.524250E+2	5.982535E+0	4.560630E+0	2.935699E+0	-1.421905E+0	5.508567E+0	-3.152957E-5	-2.504046E-2	1.922656E-3	-1.261183E+0
1.535440E+2	5.982526E+0	4.558616E+0	2.935673E+0	-1.423910E+0	5.507889E+0	-2.773585E-5	-2.513184E-2	1.922852E-3	-1.109434E+0
1.546590E+2	5.982535E+0	4.560572E+0	2.935664E+0	-1.421963E+0	5.508547E+0	-3.126673E-5	-2.523200E-2	1.922656E-3	-1.250669E+0
1.557760E+2	5.982428E+0	4.558760E+0	2.991805E+0	-1.423668E+0	5.507872E+0	-2.909086E-5	-2.534044E-2	1.924971E-3	-1.163635E+0
1.568890E+2	5.982579E+0	4.560659E+0	2.992241E+0	-1.421921E+0	5.508606E+0	-3.083059E-5	-2.534434E-2	1.921695E-3	-1.233224E+0
1.580100E+2	5.982642E+0	4.560572E+0	2.992152E+0	-1.422069E+0	5.508619E+0	-3.169707E-5	-2.534434E-2	1.920341E-3	-1.267883E+0
1.591260E+2	5.982534E+0	4.560630E+0	2.992294E+0	-1.421905E+0	5.508566E+0	-3.167192E-5	-2.534434E-2	1.922666E-3	-1.266877E+0
1.602450E+2	5.982632E+0	4.560716E+0	2.935699E+0	-1.421916E+0	5.508660E+0	-3.665088E-5	-2.534434E-2	1.920547E-3	-1.466035E+0
1.613620E+2	5.982516E+0	4.558356E+0	2.935583E+0	-1.424160E+0	5.507796E+0	-3.310530E-5	-2.537504E-2	1.922582E-3	-1.324212E+0
1.624830E+2	5.982471E+0	4.560399E+0	2.935583E+0	-1.422072E+0	5.508447E+0	-3.553852E-5	-2.541525E-2	1.923787E-3	-1.421541E+0
1.636000E+2	5.982525E+0	4.558759E+0	2.935503E+0	-1.423766E+0	5.507936E+0	-3.094922E-5	-2.546424E-2	1.922629E-3	-1.237969E+0
1.647170E+2	5.982480E+0	4.560600E+0	2.935690E+0	-1.421880E+0	5.508520E+0	-3.210505E-5	-2.552175E-2	1.923601E-3	-1.284202E+0
1.658370E+2	5.982578E+0	4.558788E+0	2.935201E+0	-1.423790E+0	5.507981E+0	-3.263379E-5	-2.558754E-2	1.921238E-3	-1.305352E+0
1.669560E+2	5.982516E+0	4.560802E+0	2.992249E+0	-1.421714E+0	5.508611E+0	-3.060953E-5	-2.566260E-2	1.922825E-3	-1.224381E+0
1.680710E+2	5.982560E+0	4.560629E+0	2.992098E+0	-1.421931E+0	5.508583E+0	-2.782356E-5	-2.566528E-2	1.921864E-3	-1.112942E+0
1.691850E+2	5.982595E+0	4.560313E+0	2.992223E+0	-1.422283E+0	5.508501E+0	-3.342364E-5	-2.566504E-2	1.921099E-3	-1.336945E+0
1.703050E+2	5.982418E+0	4.560514E+0	2.992134E+0	-1.421904E+0	5.508450E+0	-3.253746E-5	-2.566528E-2	1.924944E-3	-1.301498E+0
1.714220E+2	5.929542E+0	4.558212E+0	2.935459E+0	-1.371330E+0	5.472432E+0	-3.213483E-5	-2.566504E-2	3.071030E-3	-1.285393E+0
1.725430E+2	5.929408E+0	4.560140E+0	2.935476E+0	-1.369268E+0	5.472985E+0	-2.985738E-5	-2.569623E-2	3.537921E-3	-1.194295E+0
1.736610E+2	5.982036E+0	4.558270E+0	2.935352E+0	-1.423766E+0	5.507447E+0	-3.155505E-5	-2.574570E-2	3.173122E-3	-1.262202E+0
1.750300E+2	5.982018E+0	4.558298E+0	2.934952E+0	-1.423719E+0	5.507444E+0	-3.614639E-5	-2.579492E-2	3.199600E-3	-1.445855E+0
1.761510E+2	6.035490E+0	4.560226E+0	2.935485E+0	-1.475263E+0	5.543735E+0	-3.116978E-5	-2.585292E-2	2.002794E-3	-1.246791E+0
1.772680E+2	5.982223E+0	4.560399E+0	2.935067E+0	-1.421823E+0	5.508281E+0	-3.215236E-5	-2.591945E-2	3.195156E-3	-1.286094E+0
1.783860E+2	5.981937E+0	4.559795E+0	2.935414E+0	-1.422142E+0	5.507890E+0	-3.406073E-5	-2.599426E-2	3.201580E-3	-1.362429E+0
1.795060E+2	5.982462E+0	4.559737E+0	2.992009E+0	-1.422725E+0	5.508220E+0	-2.881863E-5	-2.607882E-2	3.189724E-3	-1.152745E+0
1.806280E+2	5.982525E+0	4.560284E+0	2.992178E+0	-1.422241E+0	5.508445E+0	-3.778320E-5	-2.608175E-2	3.188603E-3	-1.511328E+0
1.817500E+2	5.982409E+0	4.560025E+0	2.992107E+0	-1.422384E+0	5.508281E+0	-3.292859E-5	-2.608150E-2	3.191115E-3	-1.317144E+0
1.828640E+2	5.982614E+0	4.559939E+0	2.992187E+0	-1.422675E+0	5.508389E+0	-2.993003E-5	-2.608150E-2	3.186427E-3	-1.197201E+0
1.839800E+2	5.982294E+0	4.560342E+0	2.992223E+0	-1.421952E+0	5.508310E+0	-3.324451E-5	-2.608150E-2	3.193606E-3	-1.329781E+0
1.850960E+2	5.982410E+0	4.558127E+0	2.992081E+0	-1.424284E+0	5.507649E+0	-3.214179E-5	-2.608150E-2	3.191084E-3	-1.285672E+0
1.862120E+2	5.982401E+0	4.560486E+0	2.992161E+0	-1.421915E+0	5.508429E+0	-3.365625E-5	-2.608175E-2	3.191047E-3	-1.346250E+0
1.873290E+2	5.982374E+0	4.559450E+0	2.935139E+0	-1.422924E+0	5.508066E+0	-3.306227E-5	-2.608150E-2	3.191626E-3	-1.322491E+0
1.884500E+2	5.982525E+0	4.560140E+0	2.935494E+0	-1.422385E+0	5.508397E+0	-2.876219E-5	-2.611270E-2	3.188593E-3	-1.150488E+0
1.895690E+2	5.982445E+0	4.560169E+0	2.935138E+0	-1.422276E+0	5.508353E+0	-3.578224E-5	-2.615339E-2	3.190340E-3	-1.431290E+0
1.906910E+2	5.982445E+0	4.560140E+0	2.935539E+0	-1.422305E+0	5.508343E+0	-3.109939E-5	-2.620262E-2	3.190340E-3	-1.243975E+0
1.918070E+2	5.982507E+0	4.560255E+0	2.992187E+0	-1.422252E+0	5.508423E+0	-3.295321E-5	-2.626037E-2	3.188752E-3	-1.318128E+0
1.929210E+2	5.982461E+0	4.558643E+0	2.992169E+0	-1.423818E+0	5.507855E+0	-3.423046E-5	-2.626257E-2	3.189978E-3	-1.369219E+0
1.940360E+2	5.982533E+0	4.560283E+0	2.992142E+0	-1.422249E+0	5.508449E+0	-3.433471E-5	-2.626232E-2	3.188438E-3	-1.373388E+0
1.952030E+2	5.981980E+0	4.559995E+0	2.992160E+0	-1.421985E+0	5.507985E+0	-2.807471E-5	-2.626257E-2	3.200406E-3	-1.122988E+0
1.963150E+2	5.981963E+0	4.557578E+0	2.991955E+0	-1.424385E+0	5.507168E+0	-3.703247E-5	-2.626232E-2	3.200535E-3	-1.481299E+0
1.974300E+2	5.981884E+0	4.559852E+0	2.935396E+0	-1.422032E+0	5.507873E+0	-2.704805E-5	-2.626257E-2	3.202261E-3	-1.081922E+0
1.985550E+2	5.981937E+0	4.559075E+0	2.934952E+0	-1.422862E+0	5.507650E+0	-3.062596E-5	-2.629352E-2	3.201093E-3	-1.225038E+0
1.996740E+2	5.981911E+0	4.559392E+0	2.935192E+0	-1.422519E+0	5.507738E+0	-3.291332E-5	-2.633421E-2	3.201672E-3	-1.316533E+0
2.007950E+2	5.981831E+0	4.560140E+0	2.935085E+0	-1.421691E+0	5.507934E+0	-3.538854E-5	-2.638392E-2	3.203398E-3	-1.415542E+0
2.019130E+2	5.982428E+0	4.560112E+0	2.992089E+0	-1.422316E+0	5.508322E+0	-3.153418E-5	-2.644192E-2	3.190468E-3	-1.261367E+0
2.030280E+2	5.982480E+0	4.560284E+0	2.992036E+0	-1.422196E+0	5.508415E+0	-3.137414E-5	-2.644412E-2	3.353579E-3	-1.254966E+0
2.041530E+2	5.982489E+0	4.560226E+0	2.992115E+0	-1.422263E+0	5.508401E+0	-3.457147E-5	-2.645508E-2	3.692854E-3	-1.382859E+0
2.052790E+2	6.035996E+0	4.560428E+0	2.992000E+0	-1.475569E+0	5.544140E+0	-3.102414E-5	-2.647823E-2	3.014949E-3	-1.240966E+0
2.064000E+2	6.035881E+0	4.560111E+0	2.992178E+0	-1.475770E+0	5.543958E+0	-3.382410E-5	-2.651284E-2	3.382713E-3	-1.352964E+0
2.075170E+2	6.035881E+0	4.560082E+0	2.992178E+0	-1.475798E+0	5.543948E+0	-3.778934E-5	-2.655889E-2	3.913482E-3	-1.511574E+0
2.086360E+2	6.089468E+0	4.559017E+0	2.992080E+0	-1.530451E+0	5.579318E+0	-3.618425E-5	-2.661641E-2	3.546675E-3	-1.447370E+0
2.097540E+2	6.143768E+0	4.560313E+0	2.992098E+0	-1.583455E+0	5.615950E+0	-3.537821E-5	-2.668586E-2	2.899855E-3	-1.415128E+0
2.108750E+2	6.143706E+0	4.727975E+0	3.043266E+0	-1.415731E+0	5.671796E+0	-4.404297E-5	-2.676676E-2	3.294313E-3	-1.761719E+0
2.119930E+2	6.143563E+0	4.729759E+0	3.043719E+0	-1.413804E+0	5.672295E+0	-4.126053E-5	-2.683890E-2	3.853577E-3	-1.650421E+0
2.131110E+2	6.197088E+0	4.728349E+0	3.043265E+0	-1.468740E+0	5.707508E+0	-4.658741E-5	-2.692151E-2	3.397454E-3	-1.863496E+0
2.142310E+2	6.197115E+0	4.730593E+0	3.096221E+0	-1.466522E+0	5.708274E+0	-4.906253E-5	-2.701630E-2	3.980989E-3	-1.962501E+0
2.153480E+2	6.250988E+0	4.730708E+0	3.096444E+0	-1.520280E+0	5.744228E+0	-5.259530E-5	-2.710086E-2	3.327374E-3	-2.103812E+0
2.164650E+2	6.304877E+0	4.730650E+0	3.148546E+0	-1.574227E+0	5.780135E+0	-5.986075E-5	-2.719688E-2	2.774741E-3	-2.394430E+0
2.175850E+2	6.304985E+0	4.730680E+0	3.148635E+0	-1.574305E+0	5.780216E+0	-5.628020E-5	-2.728266E-2	3.205737E-3	-2.251208E+0
2.187070E+2	6.359426E+0	4.729874E+0	3.147736E+0	-1.629553E+0	5.816242E+0	-6.440730E-5	-2.738013E-2	2.786318E-3	-2.576292E+0
2.198270E+2	6.359373E+0	4.560140E+0	3.202125E+0	-1.799233E+0	5.759629E+0	-5.918209E-5	-2.748955E-2	3.232055E-3	-2.367284E+0
2.209450E+2	6.411955E+0	4.559507E+0	3.253746E+0	-1.852448E+0	5.794473E+0	-6.618115E-5	-2.758873E-2	2.611070E-3	-2.647246E+0
2.220630E+2	6.412088E+0	4.730046E+0	3.254297E+0	-1.682042E+0	5.851408E+0	-6.617965E-5	-2.767817E-2	3.071956E-3	-2.647186E+0
2.231810E+2	6.465231E+0	4.727629E+0	3.307333E+0	-1.737602E+0	5.886030E+0	-7.098300E-5	-2.777784E-2	2.466846E-3	-2.839320E+0
2.242980E+2	6.464964E+0	4.730219E+0	3.307333E+0	-1.734745E+0	5.886716E+0	-7.264195E-5	-2.786800E-2	2.953218E-3	-2.905678E+0
2.254160E+2	6.465134E+0	4.727802E+0	3.307333E+0	-1.737332E+0	5.886023E+0	-6.956230E-5	-2.796840E-2	3.593043E-3	-2.782492E+0
2.265370E+2	6.518080E+0	4.730161E+0	3.359417E+0	-1.787919E+0	5.922107E+0	-7.930675E-5	-2.808123E-2	3.162107E-3	-3.172270E+0
2.276550E+2	6.572175E+0	4.559132E+0	3.360289E+0	-2.013042E+0	5.901160E+0	-7.112000E-5	-2.818504E-2	2.569432E-3	-2.844800E+0
2.287740E+2	6.624856E+0	4.559794E+0	3.413912E+0	-2.065061E+0	5.936502E+0	-7.803510E-5	-2.829909E-2	1.820296E-3	-3.121404E+0
2.298930E+2	6.624856E+0	4.559909E+0	3.414633E+0	-2.064946E+0	5.936540E+0	-7.570252E-5	-2.840315E-2	2.178034E-3	-3.028101E+0
2.310120E+2	6.624945E+0	4.559708E+0	3.466575E+0	-2.065236E+0	5.936533E+0	-7.561301E-5	-2.851793E-2	2.696180E-3	-3.024520E+0
2.321300E+2	6.678150E+0	4.560226E+0	3.465605E+0	-2.117923E+0	5.972175E+0	-7.811335E-5	-2.862344E-2	2.132643E-3	-3.124534E+0
2.332500E+2	6.678746E+0	4.558730E+0	3.519540E+0	-2.120016E+0	5.972074E+0	-8.379712E-5	-2.874017E-2	2.666256E-3	-3.351885E+0
2.343700E+2	6.732067E+0	4.560255E+0	3.518472E+0	-2.171812E+0	6.008130E+0	-7.683531E-5	-2.884667E-2	2.081155E-3	-3.073412E+0
2.354860E+2	6.731747E+0	4.558356E+0	3.572033E+0	-2.173390E+0	6.007283E+0	-7.692115E-5	-2.896437E-2	2.649168E-3	-3.076846E+0
2.366030E+2	6.785486E+0	4.560111E+0	3.625443E+0	-2.225374E+0	6.043694E+0	-8.047419E-5	-2.907232E-2	2.083177E-3	-3.218968E+0
2.377220E+2	6.838228E+0	4.558414E+0	3.626342E+0	-2.279814E+0	6.078290E+0	-8.728408E-5	-2.917004E-2	1.367055E-3	-3.491363E+0
2.388410E+2	6.891673E+0	4.560198E+0	3.679013E+0	-2.331475E+0	6.114515E+0	-8.867346E-5	-2.927824E-2	5.082134E-4	-3.546939E+0
2.399590E+2	6.891575E+0	4.560284E+0	3.679022E+0	-2.331291E+0	6.114478E+0	-8.381989E-5	-2.937621E-2	7.731086E-4	-3.352796E+0
2.410800E+2	6.891388E+0	4.560083E+0	3.732431E+0	-2.331306E+0	6.114286E+0	-9.190754E-5	-2.948635E-2	1.206448E-3	-3.676302E+0
2.422050E+2	6.891628E+0	4.560342E+0	3.732494E+0	-2.331287E+0	6.114533E+0	-8.479121E-5	-2.958602E-2	1.803707E-3	-3.391648E+0
2.433220E+2	6.944869E+0	4.559536E+0	3.786028E+0	-2.385333E+0	6.149758E+0	-8.445334E-5	-2.969617E-2	1.382098E-3	-3.378134E+0
2.444400E+2	6.998964E+0	4.560197E+0	3.784969E+0	-2.438766E+0	6.186042E+0	-8.422957E-5	-2.979633E-2	6.933816E-4	-3.369183E+0
2.455590E+2	6.999106E+0	4.560255E+0	3.839820E+0	-2.438851E+0	6.186156E+0	-8.184126E-5	-2.990818E-2	1.156761E-3	-3.273651E+0
2.466770E+2	7.052186E+0	4.560715E+0	3.890534E+0	-2.491471E+0	6.221696E+0	-8.822311E-5	-3.000956E-2	6.499858E-4	-3.528924E+0
2.477940E+2	7.052257E+0	4.558442E+0	3.891557E+0	-2.493815E+0	6.220985E+0	-8.395611E-5	-3.010143E-2	1.129514E-3	-3.358244E+0
2.489110E+2	7.105773E+0	4.560139E+0	3.944316E+0	-2.545634E+0	6.257228E+0	-9.570898E-5	-3.020354E-2	5.027375E-4	-3.828359E+0
2.500300E+2	7.105711E+0	4.558585E+0	3.943204E+0	-2.547125E+0	6.256669E+0	-9.927217E-5	-3.029638E-2	1.000440E-3	-3.970887E+0
2.511480E+2	7.159449E+0	4.560254E+0	3.996667E+0	-2.599195E+0	6.293050E+0	-9.310486E-5	-3.040019E-2	5.376602E-4	-3.724194E+0
2.522680E+2	7.159369E+0	4.560311E+0	3.995582E+0	-2.599058E+0	6.293016E+0	-9.044028E-5	-3.049450E-2	1.049855E-3	-3.617611E+0
2.533850E+2	7.212156E+0	4.560139E+0	4.050655E+0	-2.652017E+0	6.328151E+0	-9.762829E-5	-3.059978E-2	6.195986E-4	-3.905131E+0
2.545020E+2	7.212157E+0	4.560341E+0	4.050673E+0	-2.651816E+0	6.328218E+0	-1.017728E-4	-3.069482E-2	1.148398E-3	-4.070912E+0
2.556180E+2	7.264953E+0	4.558298E+0	4.102633E+0	-2.706655E+0	6.362735E+0	-1.033897E-4	-3.080058E-2	6.644093E-4	-4.135587E+0
2.567370E+2	7.264998E+0	4.560313E+0	4.103230E+0	-2.704685E+0	6.363436E+0	-1.032589E-4	-3.089684E-2	1.211763E-3	-4.130356E+0
2.578530E+2	7.317963E+0	4.558212E+0	4.155252E+0	-2.759751E+0	6.398046E+0	-1.031344E-4	-3.100406E-2	7.975459E-4	-4.125375E+0
2.589690E+2	7.371195E+0	4.560083E+0	4.209622E+0	-2.811112E+0	6.434157E+0	-1.049625E-4	-3.110202E-2	3.662390E-4	-4.198501E+0
2.600900E+2	7.371159E+0	4.558529E+0	4.209524E+0	-2.812630E+0	6.433615E+0	-1.045468E-4	-3.118927E-2	7.754993E-4	-4.181874E+0
2.612090E+2	7.371017E+0	4.560054E+0	4.263859E+0	-2.810963E+0	6.434029E+0	-1.083556E-4	-3.128674E-2	1.348520E-3	-4.334222E+0
2.623290E+2	7.425191E+0	4.560399E+0	4.263681E+0	-2.864792E+0	6.470260E+0	-1.134632E-4	-3.137423E-2	8.473515E-4	-4.538527E+0
2.634450E+2	7.478219E+0	4.559938E+0	4.314546E+0	-2.918280E+0	6.505459E+0	-1.107726E-4	-3.147268E-2	2.270948E-4	-4.430905E+0
2.645620E+2	7.478406E+0	4.560111E+0	4.320721E+0	-2.918295E+0	6.505641E+0	-1.127538E-4	-3.156236E-2	6.591780E-4	-4.510151E+0
2.656780E+2	7.478477E+0	4.558356E+0	4.368988E+0	-2.920120E+0	6.505103E+0	-1.175270E-4	-3.166056E-2	1.255794E-3	-4.701079E+0
2.667960E+2	7.531886E+0	4.559938E+0	4.421544E+0	-2.971948E+0	6.541237E+0	-1.141091E-4	-3.175073E-2	7.838537E-4	-4.564364E+0
2.679140E+2	7.584646E+0	4.558125E+0	4.421534E+0	-3.026520E+0	6.575806E+0	-1.204697E-4	-3.183066E-2	1.943379E-4	-4.818787E+0
2.690320E+2	7.584574E+0	4.559794E+0	4.475682E+0	-3.024780E+0	6.576314E+0	-1.177173E-4	-3.192156E-2	6.661178E-4	-4.708694E+0
2.701490E+2	7.638535E+0	4.560024E+0	4.476153E+0	-3.078511E+0	6.612364E+0	-1.162581E-4	-3.200222E-2	2.599984E-5	-4.650325E+0
2.712680E+2	7.638535E+0	4.559535E+0	4.528264E+0	-3.079000E+0	6.612201E+0	-1.169185E-4	-3.209360E-2	5.087515E-4	-4.676738E+0
2.723880E+2	7.691224E+0	4.559995E+0	4.528940E+0	-3.131229E+0	6.647481E+0	-1.203712E-4	-3.217573E-2	-7.995287E-5	-4.814850E+0
2.735070E+2	7.691411E+0	4.559736E+0	4.582839E+0	-3.131675E+0	6.647520E+0	-1.148687E-4	-3.226882E-2	4.195267E-4	-4.594747E+0
2.746280E+2	7.744520E+0	4.559967E+0	4.582725E+0	-3.184552E+0	6.683002E+0	-1.168790E-4	-3.235167E-2	-1.819058E-4	-4.675161E+0
2.757480E+2	7.744689E+0	4.559536E+0	4.636277E+0	-3.185153E+0	6.682971E+0	-1.216293E-4	-3.244549E-2	3.355634E-4	-4.865170E+0
2.768660E+2	7.798070E+0	4.559679E+0	4.636249E+0	-3.238391E+0	6.718607E+0	-1.146826E-4	-3.252932E-2	-2.266719E-4	-4.587302E+0
2.779860E+2	7.798488E+0	4.558096E+0	4.691767E+0	-3.240392E+0	6.718357E+0	-1.206675E-4	-3.262387E-2	3.006113E-4	-4.826701E+0
2.791020E+2	7.852823E+0	4.560024E+0	4.691207E+0	-3.292799E+0	6.755223E+0	-1.199932E-4	-3.270795E-2	-1.871534E-4	-4.799729E+0
2.802200E+2	7.905574E+0	4.558384E+0	4.743531E+0	-3.347190E+0	6.789844E+0	-1.231837E-4	-3.280299E-2	-8.981943E-4	-4.927350E+0
2.813400E+2	7.906268E+0	4.560081E+0	4.795197E+0	-3.346187E+0	6.790872E+0	-1.189014E-4	-3.288877E-2	-5.248322E-4	-4.756055E+0
2.824560E+2	7.959999E+0	4.559132E+0	4.796140E+0	-3.400867E+0	6.826377E+0	-1.242901E-4	-3.296480E-2	-1.090025E-3	-4.971604E+0
2.835750E+2	7.959830E+0	4.560398E+0	4.848393E+0	-3.399432E+0	6.826686E+0	-1.177601E-4	-3.305082E-2	-6.910257E-4	-4.710405E+0
2.846950E+2	8.013790E+0	4.559995E+0	4.848499E+0	-3.453795E+0	6.862525E+0	-1.312277E-4	-3.312831E-2	-1.377392E-3	-5.249108E+0
2.858150E+2	8.013638E+0	4.560398E+0	4.902283E+0	-3.453241E+0	6.862558E+0	-1.233697E-4	-3.321629E-2	-9.641923E-4	-4.934786E+0
2.869330E+2	8.013693E+0	4.560311E+0	4.901758E+0	-3.453381E+0	6.862566E+0	-1.277568E-4	-3.329402E-2	-3.928622E-4	-5.110271E+0
2.880530E+2	8.067956E+0	4.560024E+0	4.954731E+0	-3.507932E+0	6.898645E+0	-1.276971E-4	-3.338321E-2	-7.416677E-4	-5.107886E+0
2.891720E+2	8.067867E+0	4.560398E+0	4.953442E+0	-3.507470E+0	6.898711E+0	-1.213885E-4	-3.346290E-2	-1.435616E-4	-4.855539E+0
2.902940E+2	8.120744E+0	4.557923E+0	5.007759E+0	-3.562820E+0	6.933137E+0	-1.308395E-4	-3.355404E-2	-4.531011E-4	-5.233579E+0
2.914130E+2	8.173913E+0	4.559995E+0	5.059869E+0	-3.613918E+0	6.969274E+0	-1.309533E-4	-3.363470E-2	-9.849697E-4	-5.238131E+0
2.925320E+2	8.173805E+0	4.558384E+0	5.060795E+0	-3.615422E+0	6.968665E+0	-1.287397E-4	-3.370537E-2	-5.241277E-4	-5.149588E+0
2.936490E+2	8.226966E+0	4.560081E+0	5.115263E+0	-3.666885E+0	7.004671E+0	-1.342009E-4	-3.378628E-2	-9.957498E-4	-5.368036E+0
2.947680E+2	8.226895E+0	4.558614E+0	5.114302E+0	-3.668282E+0	7.004135E+0	-1.316497E-4	-3.385744E-2	-5.171520E-4	-5.265988E+0
2.958860E+2	8.281070E+0	4.560282E+0	5.167418E+0	-3.720787E+0	7.040807E+0	-1.302811E-4	-3.393932E-2	-8.496312E-4	-5.211242E+0
2.970040E+2	8.280981E+0	4.560225E+0	5.218950E+0	-3.720756E+0	7.040729E+0	-1.356055E-4	-3.401194E-2	-3.592838E-4	-5.424221E+0
2.981260E+2	8.333892E+0	4.560110E+0	5.220179E+0	-3.773782E+0	7.075965E+0	-1.321922E-4	-3.407432E-2	-8.948838E-4	-5.287686E+0
2.992420E+2	8.333963E+0	4.560340E+0	5.220117E+0	-3.773623E+0	7.076089E+0	-1.348234E-4	-3.414743E-2	-3.883939E-4	-5.392936E+0
3.003580E+2	8.387489E+0	4.559074E+0	5.272770E+0	-3.828415E+0	7.111351E+0	-1.428604E-4	-3.423175E-2	-9.181473E-4	-5.714416E+0
3.014770E+2	8.387420E+0	4.560025E+0	5.272877E+0	-3.827395E+0	7.111621E+0	-1.372598E-4	-3.430705E-2	-3.945880E-4	-5.490391E+0
3.025950E+2	8.440856E+0	4.558356E+0	5.326199E+0	-3.882500E+0	7.146689E+0	-1.421350E-4	-3.439283E-2	-9.177348E-4	-5.685401E+0
3.037150E+2	8.440678E+0	4.560053E+0	5.379768E+0	-3.880624E+0	7.147136E+0	-1.434188E-4	-3.446886E-2	-3.746601E-4	-5.736752E+0
3.048340E+2	8.494007E+0	4.558327E+0	5.379758E+0	-3.935681E+0	7.182114E+0	-1.445792E-4	-3.453441E-2	-8.727118E-4	-5.783170E+0
3.059550E+2	8.546741E+0	4.559995E+0	5.433533E+0	-3.986745E+0	7.217826E+0	-1.475275E-4	-3.461117E-2	-1.521752E-3	-5.901101E+0
3.070710E+2	8.546732E+0	4.559420E+0	5.433551E+0	-3.987312E+0	7.217628E+0	-1.456403E-4	-3.467746E-2	-1.121415E-3	-5.825612E+0
3.081880E+2	8.599990E+0	4.559909E+0	5.486098E+0	-4.040081E+0	7.253296E+0	-1.513943E-4	-3.475471E-2	-1.765488E-3	-6.055774E+0
3.093050E+2	8.599981E+0	4.559823E+0	5.486996E+0	-4.040158E+0	7.253262E+0	-1.469156E-4	-3.483342E-2	-1.347846E-3	-5.876623E+0
3.104250E+2	8.600079E+0	4.559967E+0	5.539961E+0	-4.040112E+0	7.253375E+0	-1.499077E-4	-3.493479E-2	-7.686559E-4	-5.996306E+0
3.115430E+2	8.653133E+0	4.559679E+0	5.592570E+0	-4.093454E+0	7.288649E+0	-1.563330E-4	-3.503763E-2	-1.079307E-3	-6.253319E+0
3.126590E+2	8.707602E+0	4.557780E+0	5.645678E+0	-4.149821E+0	7.324328E+0	-1.557404E-4	-3.514144E-2	-1.378561E-3	-6.229617E+0
3.137780E+2	8.760753E+0	4.560111E+0	5.644271E+0	-4.200642E+0	7.360539E+0	-1.561914E-4	-3.524769E-2	-1.673212E-3	-6.247658E+0
3.148960E+2	8.814296E+0	4.558125E+0	5.705733E+0	-4.256171E+0	7.395572E+0	-1.523297E-4	-3.537612E-2	-1.937574E-3	-6.093187E+0
3.160150E+2	8.868185E+0	4.559765E+0	5.751206E+0	-4.308420E+0	7.432045E+0	-1.569127E-4	-3.550308E-2	-2.231478E-3	-6.276506E+0
3.171350E+2	8.920954E+0	4.558527E+0	5.826672E+0	-4.362426E+0	7.466812E+0	-1.580482E-4	-3.563516E-2	-2.455546E-3	-6.321927E+0
3.182560E+2	8.974016E+0	4.560023E+0	5.910278E+0	-4.413993E+0	7.502685E+0	-1.592035E-4	-3.575993E-2	-2.578323E-3	-6.368140E+0
3.193790E+2	9.027365E+0	4.558384E+0	5.965895E+0	-4.468981E+0	7.537704E+0	-1.609516E-4	-3.587227E-2	-2.803701E-3	-6.438063E+0
3.205000E+2	9.080525E+0	4.560197E+0	6.018246E+0	-4.520329E+0	7.573749E+0	-1.716542E-4	-3.598486E-2	-2.837102E-3	-6.866169E+0
3.216180E+2	9.134851E+0	4.560427E+0	6.071584E+0	-4.574424E+0	7.610043E+0	-1.746638E-4	-3.609866E-2	-3.013631E-3	-6.986553E+0
3.227380E+2	9.187772E+0	4.559851E+0	6.124460E+0	-4.627920E+0	7.645132E+0	-1.744535E-4	-3.621320E-2	-2.985402E-3	-6.978141E+0
3.238550E+2	9.241378E+0	4.559909E+0	6.179035E+0	-4.681469E+0	7.680888E+0	-1.824019E-4	-3.632919E-2	-2.954600E-3	-7.296074E+0
3.249720E+2	9.295012E+0	4.559564E+0	6.232339E+0	-4.735447E+0	7.716529E+0	-1.776311E-4	-3.644592E-2	-2.983666E-3	-7.105245E+0
3.260940E+2	9.348946E+0	4.560025E+0	6.285518E+0	-4.788921E+0	7.752639E+0	-1.756229E-4	-3.656387E-2	-2.941055E-3	-7.024917E+0
3.272110E+2	9.401794E+0	4.558241E+0	6.339879E+0	-4.843554E+0	7.787276E+0	-1.854304E-4	-3.668255E-2	-2.731768E-3	-7.417216E+0
3.284700E+2	9.454714E+0	4.559564E+0	6.395646E+0	-4.895150E+0	7.822997E+0	-1.819642E-4	-3.683802E-2	-2.378069E-3	-7.278567E+0
3.297860E+2	9.508184E+0	4.559650E+0	6.446457E+0	-4.948535E+0	7.858673E+0	-1.811615E-4	-3.696011E-2	-2.332848E-3	-7.246461E+0
3.309040E+2	9.615786E+0	4.557664E+0	6.499493E+0	-5.058122E+0	7.929745E+0	-1.910490E-4	-3.708780E-2	-3.434705E-3	-7.641960E+0
3.320230E+2	9.669908E+0	4.559707E+0	6.605048E+0	-5.110201E+0	7.966507E+0	-1.867369E-4	-3.721598E-2	-3.676083E-3	-7.469474E+0
3.331400E+2	9.723709E+0	4.557750E+0	6.616197E+0	-5.165959E+0	8.001723E+0	-1.877790E-4	-3.732467E-2	-3.901785E-3	-7.511160E+0
3.342560E+2	9.779726E+0	4.559649E+0	6.710525E+0	-5.220077E+0	8.039700E+0	-1.964124E-4	-3.745066E-2	-4.192990E-3	-7.856497E+0
3.353760E+2	9.814611E+0	4.559045E+0	6.763258E+0	-5.255566E+0	8.062756E+0	-1.918293E-4	-3.756178E-2	-4.000473E-3	-7.673171E+0
3.364920E+2	9.885307E+0	4.559419E+0	6.817486E+0	-5.325888E+0	8.110011E+0	-1.978914E-4	-3.767364E-2	-4.503851E-3	-7.915655E+0
3.376110E+2	9.938494E+0	4.559793E+0	6.868288E+0	-5.378701E+0	8.145593E+0	-1.965973E-4	-3.778622E-2	-4.675517E-3	-7.863891E+0
3.387300E+2	9.992269E+0	4.559390E+0	6.921947E+0	-5.432879E+0	8.181309E+0	-2.048189E-4	-3.790100E-2	-4.771333E-3	-8.192758E+0
3.398460E+2	1.004533E+1	4.559361E+0	6.973372E+0	-5.485971E+0	8.216675E+0	-2.042548E-4	-3.801675E-2	-4.939261E-3	-8.170193E+0
3.409660E+2	1.004577E+1	4.557491E+0	7.028775E+0	-5.488277E+0	8.216342E+0	-2.098039E-4	-3.813421E-2	-3.870413E-3	-8.392156E+0
3.420860E+2	1.015223E+1	4.559793E+0	7.080727E+0	-5.592440E+0	8.288087E+0	-2.075204E-4	-3.825216E-2	-4.728627E-3	-8.300815E+0
3.432040E+2	1.020604E+1	4.558067E+0	7.134750E+0	-5.647975E+0	8.323384E+0	-2.187697E-4	-3.837205E-2	-4.661156E-3	-8.750787E+0
3.443230E+2	1.025886E+1	4.559851E+0	7.187920E+0	-5.699005E+0	8.359187E+0	-2.241100E-4	-3.849195E-2	-4.572992E-3	-8.964398E+0
3.454410E+2	1.031233E+1	4.559103E+0	7.241943E+0	-5.753225E+0	8.394587E+0	-2.299487E-4	-3.861331E-2	-4.554826E-3	-9.197947E+0
3.465590E+2	1.036555E+1	4.560081E+0	7.346387E+0	-5.805470E+0	8.430394E+0	-2.230062E-4	-3.873540E-2	-4.455302E-3	-8.920246E+0
3.476790E+2	1.041956E+1	4.560110E+0	7.397617E+0	-5.859448E+0	8.466408E+0	-2.362604E-4	-3.883872E-2	-4.225985E-3	-9.450418E+0
3.487950E+2	1.047285E+1	4.560196E+0	7.452967E+0	-5.912655E+0	8.501966E+0	-2.271874E-4	-3.894229E-2	-4.194618E-3	-9.087496E+0
3.499130E+2	1.052641E+1	4.559880E+0	7.503822E+0	-5.966531E+0	8.537567E+0	-2.323867E-4	-3.904635E-2	-4.142994E-3	-9.295469E+0
3.510340E+2	1.063234E+1	4.559045E+0	7.558486E+0	-6.073296E+0	8.607909E+0	-2.370905E-4	-3.915260E-2	-5.229677E-3	-9.483619E+0
3.521530E+2	1.068537E+1	4.560195E+0	7.611619E+0	-6.125171E+0	8.643643E+0	-2.333132E-4	-3.926006E-2	-5.488549E-3	-9.332528E+0
3.532680E+2	1.073856E+1	4.558353E+0	7.665944E+0	-6.180208E+0	8.678492E+0	-2.355530E-4	-3.936729E-2	-5.738980E-3	-9.422122E+0
3.543880E+2	1.073867E+1	4.560195E+0	7.718046E+0	-6.178474E+0	8.679177E+0	-2.429758E-4	-3.947597E-2	-4.803161E-3	-9.719030E+0
3.555060E+2	1.079174E+1	4.558382E+0	7.769908E+0	-6.233357E+0	8.713954E+0	-2.428867E-4	-3.958661E-2	-4.715967E-3	-9.715467E+0
3.566260E+2	1.084588E+1	4.559964E+0	7.823833E+0	-6.285914E+0	8.750574E+0	-2.407962E-4	-3.969822E-2	-4.617438E-3	-9.631847E+0
3.577430E+2	1.095253E+1	4.560022E+0	7.878079E+0	-6.392507E+0	8.821693E+0	-2.450143E-4	-3.981081E-2	-5.691396E-3	-9.800571E+0
3.588610E+2	1.100593E+1	4.559821E+0	7.931071E+0	-6.446110E+0	8.857228E+0	-2.536916E-4	-3.992437E-2	-5.787507E-3	-1.014767E+1
3.599780E+2	1.105994E+1	4.559907E+0	7.984765E+0	-6.500037E+0	8.893265E+0	-2.462750E-4	-4.003866E-2	-6.031889E-3	-9.850999E+0
3.610960E+2	1.111296E+1	4.559274E+0	8.093444E+0	-6.553689E+0	8.928400E+0	-2.486914E-4	-4.015417E-2	-6.135815E-3	-9.947658E+0
3.622120E+2	1.116631E+1	4.560080E+0	8.145217E+0	-6.606230E+0	8.964234E+0	-2.581527E-4	-4.024847E-2	-6.273218E-3	-1.032611E+1
3.633310E+2	1.121977E+1	4.558095E+0	8.196670E+0	-6.661679E+0	8.999214E+0	-2.610075E-4	-4.034376E-2	-6.295236E-3	-1.044030E+1
3.644490E+2	1.127404E+1	4.559966E+0	8.250009E+0	-6.714073E+0	9.036014E+0	-2.596502E-4	-4.044075E-2	-6.318854E-3	-1.038601E+1
3.655670E+2	1.132749E+1	4.557923E+0	8.303882E+0	-6.769562E+0	9.070964E+0	-2.654896E-4	-4.053895E-2	-6.356287E-3	-1.061959E+1
3.666850E+2	1.138129E+1	4.560282E+0	8.354907E+0	-6.821012E+0	9.107624E+0	-2.661142E-4	-4.063814E-2	-6.258335E-3	-1.064457E+1
3.678050E+2	1.143511E+1	4.559563E+0	8.409056E+0	-6.875543E+0	9.143259E+0	-2.604050E-4	-4.073927E-2	-6.247753E-3	-1.041620E+1
3.689210E+2	1.148971E+1	4.559908E+0	8.460863E+0	-6.929799E+0	9.179774E+0	-2.588492E-4	-4.084089E-2	-6.242871E-3	-1.035397E+1
3.700390E+2	1.154235E+1	4.560167E+0	8.516560E+0	-6.982184E+0	9.214956E+0	-2.602453E-4	-4.094421E-2	-6.379974E-3	-1.040981E+1
3.711580E+2	1.159557E+1	4.558210E+0	8.567113E+0	-7.037363E+0	9.249786E+0	-2.644221E-4	-4.104778E-2	-6.274611E-3	-1.057689E+1
3.722730E+2	1.164882E+1	4.560109E+0	8.621296E+0	-7.088713E+0	9.285918E+0	-2.652997E-4	-4.115354E-2	-6.018544E-3	-1.061199E+1
3.733940E+2	1.170261E+1	4.558037E+0	8.674136E+0	-7.144577E+0	9.321089E+0	-2.743354E-4	-4.125979E-2	-5.989010E-3	-1.097342E+1
3.745140E+2	1.180920E+1	4.560022E+0	8.728497E+0	-7.249180E+0	9.392809E+0	-2.833115E-4	-4.136799E-2	-7.091847E-3	-1.133246E+1
3.756310E+2	1.186262E+1	4.558325E+0	8.781124E+0	-7.304296E+0	9.427856E+0	-2.835165E-4	-4.147668E-2	-7.346875E-3	-1.134066E+1
3.767480E+2	1.191633E+1	4.560081E+0	8.887002E+0	-7.356246E+0	9.464245E+0	-2.855145E-4	-4.158634E-2	-7.635106E-3	-1.142058E+1
3.778660E+2	1.191638E+1	4.560052E+0	8.941986E+0	-7.356327E+0	9.464270E+0	-2.833906E-4	-4.167602E-2	-6.723400E-3	-1.133562E+1
3.789860E+2	1.202264E+1	4.559419E+0	8.992558E+0	-7.463219E+0	9.534899E+0	-2.831079E-4	-4.176545E-2	-7.827163E-3	-1.132432E+1
3.801060E+2	1.207543E+1	4.559535E+0	9.046795E+0	-7.515891E+0	9.570128E+0	-2.854728E-4	-4.185732E-2	-8.039800E-3	-1.141891E+1
3.812230E+2	1.212970E+1	4.558613E+0	9.099180E+0	-7.571084E+0	9.606002E+0	-2.875260E-4	-4.194968E-2	-8.302379E-3	-1.150104E+1
3.823400E+2	1.212976E+1	4.559850E+0	9.153622E+0	-7.569907E+0	9.606455E+0	-2.918152E-4	-4.204326E-2	-7.323618E-3	-1.167261E+1
3.834590E+2	1.223678E+1	4.557778E+0	9.206098E+0	-7.679004E+0	9.677114E+0	-2.951261E-4	-4.213757E-2	-8.304115E-3	-1.180504E+1
3.845740E+2	1.229043E+1	4.559850E+0	9.258191E+0	-7.730583E+0	9.713573E+0	-2.971832E-4	-4.223334E-2	-8.491848E-3	-1.188733E+1
3.856920E+2	1.234357E+1	4.557836E+0	9.312793E+0	-7.785739E+0	9.748328E+0	-2.979392E-4	-4.233081E-2	-8.519778E-3	-1.191757E+1
3.868090E+2	1.239649E+1	4.559447E+0	9.367296E+0	-7.837040E+0	9.784141E+0	-2.969723E-4	-4.242829E-2	-8.653950E-3	-1.187889E+1
3.879280E+2	1.244989E+1	4.559764E+0	9.419442E+0	-7.890123E+0	9.819845E+0	-2.975803E-4	-4.252698E-2	-8.623132E-3	-1.190321E+1
3.890480E+2	1.250307E+1	4.559361E+0	9.472790E+0	-7.943705E+0	9.855164E+0	-2.982413E-4	-4.262714E-2	-8.568841E-3	-1.192965E+1
3.901690E+2	1.255744E+1	4.559476E+0	9.524411E+0	-7.997960E+0	9.891449E+0	-3.018567E-4	-4.272876E-2	-8.591686E-3	-1.207427E+1
3.912850E+2	1.261061E+1	4.559361E+0	9.580481E+0	-8.051254E+0	9.926864E+0	-3.072971E-4	-4.283135E-2	-8.526422E-3	-1.229188E+1
3.924030E+2	1.266410E+1	4.559620E+0	9.632147E+0	-8.104485E+0	9.962610E+0	-3.115221E-4	-4.293444E-2	-8.378250E-3	-1.246089E+1
3.935210E+2	1.271792E+1	4.557692E+0	9.740987E+0	-8.160232E+0	9.997847E+0	-3.111529E-4	-4.303898E-2	-8.494883E-3	-1.244612E+1
3.946410E+2	1.277220E+1	4.559706E+0	9.740656E+0	-8.212490E+0	1.003470E+1	-3.128635E-4	-4.312256E-2	-8.511648E-3	-1.251454E+1
3.957580E+2	1.282542E+1	4.558037E+0	9.848811E+0	-8.267381E+0	1.006962E+1	-3.170778E-4	-4.322784E-2	-8.554509E-3	-1.268311E+1
3.968780E+2	1.287916E+1	4.558929E+0	9.901028E+0	-8.320228E+0	1.010575E+1	-3.169918E-4	-4.331289E-2	-8.568855E-3	-1.267967E+1
3.979980E+2	1.298689E+1	4.558268E+0	9.952525E+0	-8.428626E+0	1.017735E+1	-3.161759E-4	-4.338599E-2	-9.960929E-3	-1.264704E+1
3.991110E+2	1.298697E+1	4.560051E+0	9.953600E+0	-8.426922E+0	1.017800E+1	-3.195257E-4	-4.338868E-2	-9.924130E-3	-1.278103E+1
4.002300E+2	1.298699E+1	4.560195E+0	1.000747E+1	-8.426796E+0	1.017806E+1	-3.164031E-4	-4.338843E-2	-9.924540E-3	-1.265612E+1
4.013460E+2	1.304042E+1	4.558239E+0	9.953690E+0	-8.482179E+0	1.021302E+1	-3.236752E-4	-4.338843E-2	-1.107482E-2	-1.294701E+1
4.024600E+2	1.298700E+1	4.559907E+0	9.953930E+0	-8.427092E+0	1.017797E+1	-3.154261E-4	-4.338843E-2	-9.925192E-3	-1.261704E+1
4.035760E+2	1.298692E+1	4.558325E+0	9.952648E+0	-8.428594E+0	1.017739E+1	-3.181193E-4	-4.338843E-2	-9.923203E-3	-1.272477E+1
4.046950E+2	1.298700E+1	4.560022E+0	9.953787E+0	-8.426976E+0	1.017801E+1	-3.212434E-4	-4.338843E-2	-9.924928E-3	-1.284973E+1
4.058100E+2	1.298657E+1	4.560166E+0	9.952630E+0	-8.426406E+0	1.017777E+1	-3.156902E-4	-4.338843E-2	-9.915993E-3	-1.262761E+1
4.069280E+2	1.298699E+1	4.560022E+0	9.953573E+0	-8.426968E+0	1.017800E+1	-3.164499E-4	-4.338843E-2	-9.924743E-3	-1.265800E+1
4.080440E+2	1.298696E+1	4.559965E+0	9.953503E+0	-8.426999E+0	1.017796E+1	-3.227821E-4	-4.338843E-2	-9.924168E-3	-1.291129E+1
4.091590E+2	1.298688E+1	4.559504E+0	9.953529E+0	-8.427379E+0	1.017776E+1	-3.213632E-4	-4.338843E-2	-9.922687E-3	-1.285453E+1
4.102800E+2	1.298694E+1	4.559763E+0	9.953644E+0	-8.427181E+0	1.017788E+1	-3.150898E-4	-4.338868E-2	-9.923757E-3	-1.260359E+1
4.113950E+2	1.298698E+1	4.557806E+0	9.952639E+0	-8.429173E+0	1.017726E+1	-3.206455E-4	-4.338843E-2	-9.924517E-3	-1.282582E+1
4.125140E+2	1.293258E+1	4.559763E+0	9.953583E+0	-8.372812E+0	1.014164E+1	-3.224345E-4	-4.338843E-2	-8.753167E-3	-1.289738E+1
4.136300E+2	1.293201E+1	4.559964E+0	9.952612E+0	-8.372049E+0	1.014133E+1	-3.176251E-4	-4.338843E-2	-8.347025E-3	-1.270500E+1
4.147450E+2	1.298700E+1	4.559734E+0	9.953538E+0	-8.427264E+0	1.017791E+1	-3.160479E-4	-4.338843E-2	-9.049590E-3	-1.264192E+1
4.158610E+2	1.298695E+1	4.559964E+0	9.953564E+0	-8.426989E+0	1.017796E+1	-3.170078E-4	-4.338843E-2	-9.032298E-3	-1.268031E+1
4.169790E+2	1.298689E+1	4.557461E+0	9.953341E+0	-8.429430E+0	1.017708E+1	-3.205306E-4	-4.338843E-2	-9.030699E-3	-1.282123E+1
4.180960E+2	1.298698E+1	4.559475E+0	9.953616E+0	-8.427504E+0	1.017781E+1	-3.187872E-4	-4.338868E-2	-9.032588E-3	-1.275149E+1
