Temps(s)	Pc(MPa)	Pax(MPa)	Ppam(MPa)	Q(MPa)	Pmoy(MPa)	Defaxcapt	Defvolfluide	Defvolconf	Deplct(µm)
1.398800E+1	0.000000E+0	0.000000E+0	0.000000E+0	0.000000E+0	0.000000E+0	0.000000E+0	0.000000E+0	9.016563E-6	0.000000E+0
1.972300E+1	3.952868E+0	4.048550E+0	1.294985E+0	9.568190E-2	3.984762E+0	6.809268E-2	0.000000E+0	-1.077162E-1	2.723707E+3
2.084900E+1	3.952833E+0	4.047947E+0	1.295190E+0	9.511323E-2	3.984538E+0	6.810049E-2	0.000000E+0	-1.073762E-1	2.724019E+3
2.196600E+1	3.952408E+0	4.049819E+0	1.295209E+0	9.741107E-2	3.984878E+0	6.809725E-2	0.000000E+0	-1.066789E-1	2.723890E+3
2.309000E+1	4.007728E+0	4.048209E+0	1.295521E+0	4.048062E-2	4.021222E+0	6.809246E-2	0.000000E+0	-1.070044E-1	2.723699E+3
2.421200E+1	4.060859E+0	4.230564E+0	1.295361E+0	1.697046E-1	4.117427E+0	6.808643E-2	0.000000E+0	-1.071391E-1	2.723457E+3
2.533000E+1	4.114471E+0	4.230306E+0	1.295254E+0	1.158352E-1	4.153083E+0	6.808076E-2	0.000000E+0	-1.074950E-1	2.723231E+3
2.644800E+1	4.167735E+0	4.231285E+0	1.295326E+0	6.355029E-2	4.188919E+0	6.807554E-2	0.000000E+0	-1.077789E-1	2.723022E+3
2.756900E+1	4.221604E+0	4.399309E+0	1.295183E+0	1.777048E-1	4.280839E+0	6.807054E-2	0.000000E+0	-1.079796E-1	2.722822E+3
2.868600E+1	4.221676E+0	4.399310E+0	1.295397E+0	1.776336E-1	4.280888E+0	6.807347E-2	0.000000E+0	-1.068633E-1	2.722939E+3
2.980300E+1	4.274549E+0	4.399569E+0	1.295166E+0	1.250210E-1	4.316222E+0	6.807026E-2	0.000000E+0	-1.068031E-1	2.722811E+3
3.092200E+1	4.381361E+0	4.569147E+0	1.295300E+0	1.877867E-1	4.443956E+0	6.806779E-2	0.000000E+0	-1.079302E-1	2.722712E+3
3.204300E+1	4.381458E+0	4.569636E+0	1.295140E+0	1.881781E-1	4.444184E+0	6.806370E-2	0.000000E+0	-1.067431E-1	2.722548E+3
3.316600E+1	4.488813E+0	4.569550E+0	1.295193E+0	8.073694E-2	4.515726E+0	6.805968E-2	0.000000E+0	-1.076357E-1	2.722387E+3
3.428800E+1	4.542726E+0	4.740106E+0	1.295077E+0	1.973798E-1	4.608519E+0	6.805390E-2	0.000000E+0	-1.077119E-1	2.722156E+3
3.540800E+1	4.596470E+0	4.737544E+0	1.295380E+0	1.410746E-1	4.643495E+0	6.805898E-2	0.000000E+0	-1.077225E-1	2.722359E+3
3.652500E+1	4.650952E+0	4.739961E+0	1.295380E+0	8.900951E-2	4.680622E+0	6.805448E-2	0.000000E+0	-1.075865E-1	2.722179E+3
3.767300E+1	4.703673E+0	4.913079E+0	1.295380E+0	2.094055E-1	4.773475E+0	6.804714E-2	0.000000E+0	-1.075789E-1	2.721886E+3
3.884100E+1	4.756616E+0	4.912676E+0	1.295353E+0	1.560596E-1	4.808636E+0	6.804748E-2	0.000000E+0	-1.076198E-1	2.721899E+3
3.995900E+1	4.809505E+0	4.910201E+0	1.295317E+0	1.006952E-1	4.843071E+0	6.805319E-2	0.000000E+0	-1.076514E-1	2.722128E+3
4.110100E+1	4.863926E+0	5.082569E+0	1.295219E+0	2.186434E-1	4.936807E+0	6.804369E-2	0.000000E+0	-1.075881E-1	2.721748E+3
4.234700E+1	4.916914E+0	5.079749E+0	1.295246E+0	1.628357E-1	4.971192E+0	6.804258E-2	0.000000E+0	-1.074306E-1	2.721703E+3
4.347000E+1	4.970381E+0	5.082914E+0	1.295210E+0	1.125330E-1	5.007892E+0	6.804243E-2	0.000000E+0	-1.074173E-1	2.721697E+3
4.458900E+1	5.077531E+0	5.252032E+0	1.295291E+0	1.745002E-1	5.135698E+0	6.803052E-2	0.000000E+0	-1.084674E-1	2.721221E+3
4.586200E+1	5.130349E+0	5.254966E+0	1.295282E+0	1.246172E-1	5.171888E+0	6.802326E-2	0.000000E+0	-1.087146E-1	2.720931E+3
4.697700E+1	5.183336E+0	5.254678E+0	1.295361E+0	7.134138E-2	5.207117E+0	6.802951E-2	0.000000E+0	-1.088719E-1	2.721180E+3
4.815900E+1	5.236955E+0	5.426442E+0	1.295281E+0	1.894865E-1	5.300117E+0	6.802876E-2	0.000000E+0	-1.089113E-1	2.721151E+3
4.927600E+1	5.291242E+0	5.426758E+0	1.295254E+0	1.355157E-1	5.336414E+0	6.802276E-2	0.000000E+0	-1.089943E-1	2.720911E+3
5.039800E+1	5.344656E+0	5.426383E+0	1.295343E+0	8.172752E-2	5.371898E+0	6.801657E-2	0.000000E+0	-1.090411E-1	2.720663E+3
5.152200E+1	5.398435E+0	5.601399E+0	1.295228E+0	2.029635E-1	5.466090E+0	6.800656E-2	0.000000E+0	-1.093548E-1	2.720262E+3
5.264100E+1	5.452089E+0	5.601197E+0	1.295343E+0	1.491076E-1	5.501792E+0	6.800120E-2	0.000000E+0	-1.093119E-1	2.720048E+3
5.375800E+1	5.504517E+0	5.601340E+0	1.295263E+0	9.682378E-2	5.536791E+0	6.799200E-2	0.000000E+0	-1.092308E-1	2.719680E+3
5.487600E+1	5.504560E+0	5.766917E+0	1.295201E+0	2.623571E-1	5.592012E+0	6.798056E-2	0.000000E+0	-1.079626E-1	2.719222E+3
5.599900E+1	5.610811E+0	5.770572E+0	1.295245E+0	1.597604E-1	5.664065E+0	6.797953E-2	0.000000E+0	-1.087962E-1	2.719181E+3
5.712400E+1	5.663843E+0	5.767664E+0	1.347013E+0	1.038218E-1	5.698450E+0	6.798536E-2	0.000000E+0	-1.084996E-1	2.719414E+3
5.824300E+1	5.717986E+0	5.941672E+0	1.346951E+0	2.236864E-1	5.792548E+0	6.798018E-2	0.000000E+0	-1.083756E-1	2.719207E+3
5.936100E+1	5.771231E+0	5.938737E+0	1.346986E+0	1.675054E-1	5.827066E+0	6.797832E-2	0.000000E+0	-1.083770E-1	2.719133E+3
6.048300E+1	5.824805E+0	5.941757E+0	1.347057E+0	1.169525E-1	5.863789E+0	6.797255E-2	0.000000E+0	-1.082378E-1	2.718902E+3
6.160100E+1	5.877782E+0	6.109865E+0	1.346995E+0	2.320835E-1	5.955143E+0	6.797320E-2	0.000000E+0	-1.081143E-1	2.718928E+3
6.272200E+1	5.984611E+0	6.112023E+0	1.346977E+0	1.274121E-1	6.027082E+0	6.796989E-2	0.000000E+0	-1.091546E-1	2.718795E+3
6.384300E+1	5.984636E+0	6.108626E+0	1.346914E+0	1.239901E-1	6.025966E+0	6.796462E-2	0.000000E+0	-1.091117E-1	2.718585E+3
6.496200E+1	5.984635E+0	6.111819E+0	1.347065E+0	1.271840E-1	6.027030E+0	6.796548E-2	0.000000E+0	-1.091122E-1	2.718619E+3
6.608300E+1	5.984688E+0	6.108855E+0	1.346985E+0	1.241668E-1	6.026077E+0	6.796778E-2	0.000000E+0	-1.091133E-1	2.718711E+3
6.721200E+1	5.985079E+0	6.113027E+0	1.347012E+0	1.279475E-1	6.027728E+0	6.796472E-2	0.000000E+0	-1.091218E-1	2.718589E+3
6.833500E+1	5.985006E+0	6.109687E+0	1.346976E+0	1.246805E-1	6.026566E+0	6.796995E-2	0.000000E+0	-1.091202E-1	2.718798E+3
6.945600E+1	5.985051E+0	6.112881E+0	1.347038E+0	1.278303E-1	6.027661E+0	6.796231E-2	0.000000E+0	-1.091212E-1	2.718492E+3
7.057700E+1	5.985113E+0	6.110003E+0	1.347011E+0	1.248903E-1	6.026743E+0	6.796834E-2	0.000000E+0	-1.091225E-1	2.718734E+3
7.169800E+1	5.985112E+0	6.113138E+0	1.347055E+0	1.280267E-1	6.027787E+0	6.796451E-2	0.000000E+0	-1.091225E-1	2.718580E+3
7.282300E+1	5.985022E+0	6.109713E+0	1.347046E+0	1.246913E-1	6.026585E+0	6.796749E-2	0.000000E+0	-1.091206E-1	2.718700E+3
7.394600E+1	5.984984E+0	6.113222E+0	1.347064E+0	1.282380E-1	6.027730E+0	6.796888E-2	0.000000E+0	-1.091198E-1	2.718755E+3
7.506500E+1	5.984645E+0	6.109854E+0	1.347019E+0	1.252091E-1	6.026381E+0	6.796307E-2	0.000000E+0	-1.091126E-1	2.718523E+3
7.618500E+1	5.931683E+0	6.112040E+0	1.346974E+0	1.803568E-1	5.991802E+0	6.795918E-2	0.000000E+0	-1.079645E-1	2.718367E+3
7.730300E+1	5.931833E+0	6.112960E+0	1.346716E+0	1.811266E-1	5.992209E+0	6.796074E-2	0.000000E+0	-1.075798E-1	2.718430E+3
7.842300E+1	5.984714E+0	6.111923E+0	1.347116E+0	1.272096E-1	6.027117E+0	6.796794E-2	0.000000E+0	-1.082546E-1	2.718718E+3
7.954600E+1	5.984642E+0	6.109621E+0	1.347089E+0	1.249787E-1	6.026302E+0	6.796346E-2	0.000000E+0	-1.082372E-1	2.718538E+3
8.067100E+1	5.985050E+0	6.111116E+0	1.347285E+0	1.260661E-1	6.027072E+0	6.796065E-2	0.000000E+0	-1.082461E-1	2.718426E+3
8.179200E+1	5.985076E+0	6.109647E+0	1.346831E+0	1.245712E-1	6.026600E+0	6.796407E-2	0.000000E+0	-1.082467E-1	2.718563E+3
8.291800E+1	5.985065E+0	6.113013E+0	1.346973E+0	1.279477E-1	6.027715E+0	6.796721E-2	0.000000E+0	-1.082464E-1	2.718688E+3
8.404100E+1	5.985021E+0	6.109674E+0	1.346866E+0	1.246537E-1	6.026572E+0	6.796448E-2	0.000000E+0	-1.082455E-1	2.718579E+3
8.516200E+1	5.985108E+0	6.113154E+0	1.347053E+0	1.280464E-1	6.027790E+0	6.796338E-2	0.000000E+0	-1.082473E-1	2.718535E+3
8.627800E+1	5.985124E+0	6.113872E+0	1.346536E+0	1.287480E-1	6.028040E+0	6.796296E-2	0.000000E+0	-1.082477E-1	2.718518E+3
8.739900E+1	5.985114E+0	6.112950E+0	1.346918E+0	1.278360E-1	6.027726E+0	6.796786E-2	0.000000E+0	-1.082475E-1	2.718714E+3
8.852200E+1	5.931983E+0	6.110560E+0	1.346847E+0	1.785772E-1	5.991509E+0	6.796028E-2	0.000000E+0	-1.070959E-1	2.718411E+3
8.964400E+1	5.931991E+0	6.113523E+0	1.347060E+0	1.815327E-1	5.992502E+0	6.796385E-2	0.000000E+0	-1.067078E-1	2.718554E+3
9.076700E+1	5.984755E+0	6.110069E+0	1.347087E+0	1.253145E-1	6.026526E+0	6.796902E-2	0.000000E+0	-1.073773E-1	2.718761E+3
1.158390E+2	5.931611E+0	6.112569E+0	1.347035E+0	1.809575E-1	5.991930E+0	6.795405E-2	-1.657098E-5	-1.062083E-1	2.718162E+3
1.169630E+2	5.931503E+0	6.112539E+0	1.346581E+0	1.810353E-1	5.991848E+0	6.795647E-2	-3.899054E-5	-1.061346E-1	2.718259E+3
1.180790E+2	5.931484E+0	6.109372E+0	1.346955E+0	1.778879E-1	5.990780E+0	6.794635E-2	-8.480443E-5	-1.059897E-1	2.717854E+3
1.192010E+2	5.931509E+0	6.112507E+0	1.346625E+0	1.809977E-1	5.991842E+0	6.795535E-2	-1.540126E-4	-1.057721E-1	2.718214E+3
1.203200E+2	5.931810E+0	6.108534E+0	1.347043E+0	1.767241E-1	5.990718E+0	6.795536E-2	-2.458841E-4	-1.054889E-1	2.718215E+3
1.214370E+2	5.931818E+0	6.112217E+0	1.347043E+0	1.803985E-1	5.991951E+0	6.795017E-2	-3.613936E-4	-1.051286E-1	2.718007E+3
1.225520E+2	5.984697E+0	6.108618E+0	1.346758E+0	1.239211E-1	6.026004E+0	6.795345E-2	-5.000537E-4	-1.058430E-1	2.718138E+3
1.236740E+2	5.984695E+0	6.112990E+0	1.346766E+0	1.282955E-1	6.027460E+0	6.795744E-2	-6.616208E-4	-1.058283E-1	2.718298E+3
1.247920E+2	5.984792E+0	6.109853E+0	1.399432E+0	1.250609E-1	6.026479E+0	6.795531E-2	-8.482880E-4	-1.058304E-1	2.718213E+3
1.259180E+2	5.984684E+0	6.113362E+0	1.399441E+0	1.286783E-1	6.027576E+0	6.795595E-2	-1.036661E-3	-1.058280E-1	2.718238E+3
1.270450E+2	5.984931E+0	6.109591E+0	1.399325E+0	1.246595E-1	6.026485E+0	6.795260E-2	-1.247210E-3	-1.058334E-1	2.718104E+3
1.281620E+2	5.984922E+0	6.113130E+0	1.399360E+0	1.282077E-1	6.027658E+0	6.794831E-2	-1.480178E-3	-1.058332E-1	2.717932E+3
1.292800E+2	5.984734E+0	6.112841E+0	1.399120E+0	1.281071E-1	6.027436E+0	6.795512E-2	-1.735810E-3	-1.058291E-1	2.718205E+3
1.303980E+2	5.984573E+0	6.113329E+0	1.451635E+0	1.287562E-1	6.027492E+0	6.795477E-2	-2.014349E-3	-1.058254E-1	2.718191E+3
1.315150E+2	5.984554E+0	6.113155E+0	1.451074E+0	1.286010E-1	6.027421E+0	6.794839E-2	-2.296787E-3	-1.058252E-1	2.717936E+3
1.326330E+2	5.984695E+0	6.111399E+0	1.451679E+0	1.267034E-1	6.026930E+0	6.795618E-2	-2.601400E-3	-1.058281E-1	2.718247E+3
1.337510E+2	5.984703E+0	6.113153E+0	1.504870E+0	1.284499E-1	6.027520E+0	6.795046E-2	-2.928433E-3	-1.058285E-1	2.718018E+3
1.348700E+2	5.984684E+0	6.109353E+0	1.505493E+0	1.246694E-1	6.026240E+0	6.794985E-2	-3.258391E-3	-1.058281E-1	2.717994E+3
1.359890E+2	5.984621E+0	6.113007E+0	1.557438E+0	1.283862E-1	6.027416E+0	6.795658E-2	-3.608331E-3	-1.058267E-1	2.718263E+3
1.371940E+2	5.984245E+0	6.111164E+0	1.557909E+0	1.269182E-1	6.026551E+0	6.795707E-2	-3.991657E-3	-1.058185E-1	2.718283E+3
1.383120E+2	5.984049E+0	6.111997E+0	1.557215E+0	1.279480E-1	6.026698E+0	6.795422E-2	-4.365479E-3	-1.058145E-1	2.718169E+3
1.394330E+2	5.931726E+0	6.108484E+0	1.611145E+0	1.767574E-1	5.990646E+0	6.794742E-2	-4.769274E-3	-1.046804E-1	2.717897E+3
1.405530E+2	5.931707E+0	6.112856E+0	1.664086E+0	1.811489E-1	5.992090E+0	6.795490E-2	-5.169658E-3	-1.042962E-1	2.718196E+3
1.416740E+2	5.984684E+0	6.109143E+0	1.663908E+0	1.244591E-1	6.026170E+0	6.795493E-2	-5.574429E-3	-1.049732E-1	2.718197E+3
1.428010E+2	5.984717E+0	6.112795E+0	1.717553E+0	1.280778E-1	6.027410E+0	6.795025E-2	-6.005031E-3	-1.049549E-1	2.718010E+3
1.439280E+2	5.984645E+0	6.112679E+0	1.770344E+0	1.280339E-1	6.027323E+0	6.795072E-2	-6.433196E-3	-1.049533E-1	2.718029E+3
1.450470E+2	5.984662E+0	6.113196E+0	1.769311E+0	1.285340E-1	6.027507E+0	6.795514E-2	-6.862579E-3	-1.049537E-1	2.718206E+3
1.461660E+2	5.984706E+0	6.108937E+0	1.823054E+0	1.242306E-1	6.026116E+0	6.795065E-2	-7.314382E-3	-1.049547E-1	2.718026E+3
1.472860E+2	5.984838E+0	6.113079E+0	1.875951E+0	1.282410E-1	6.027585E+0	6.795459E-2	-7.766429E-3	-1.049575E-1	2.718184E+3
1.484060E+2	5.984596E+0	6.109566E+0	1.930290E+0	1.249702E-1	6.026253E+0	6.795761E-2	-8.222131E-3	-1.049523E-1	2.718305E+3
1.495270E+2	5.984335E+0	6.113219E+0	1.930369E+0	1.288832E-1	6.027296E+0	6.795604E-2	-8.679538E-3	-1.049466E-1	2.718242E+3
1.506440E+2	5.984273E+0	6.107405E+0	1.982786E+0	1.231322E-1	6.025317E+0	6.795295E-2	-9.156685E-3	-1.049455E-1	2.718118E+3
1.517650E+2	5.984324E+0	6.112237E+0	2.036164E+0	1.279136E-1	6.026961E+0	6.795124E-2	-9.637244E-3	-1.049466E-1	2.718050E+3
1.528850E+2	5.984161E+0	6.109616E+0	2.090128E+0	1.254548E-1	6.025980E+0	6.794934E-2	-1.011926E-2	-1.049431E-1	2.717973E+3
1.540050E+2	5.984133E+0	6.112060E+0	2.144146E+0	1.279274E-1	6.026775E+0	6.794717E-2	-1.060128E-2	-1.049425E-1	2.717887E+3
1.551250E+2	5.984514E+0	6.111166E+0	2.195646E+0	1.266524E-1	6.026731E+0	6.795095E-2	-1.108525E-2	-1.049507E-1	2.718038E+3
1.562460E+2	5.985036E+0	6.112027E+0	2.301147E+0	1.269908E-1	6.027366E+0	6.795012E-2	-1.157044E-2	-1.049620E-1	2.718005E+3
1.573650E+2	5.984954E+0	6.112083E+0	2.354533E+0	1.271284E-1	6.027330E+0	6.795339E-2	-1.203492E-2	-1.049603E-1	2.718136E+3
1.584830E+2	5.984998E+0	6.112110E+0	2.407697E+0	1.271126E-1	6.027369E+0	6.795733E-2	-1.250012E-2	-1.049612E-1	2.718293E+3
1.596010E+2	5.985050E+0	6.113145E+0	2.461137E+0	1.280950E-1	6.027748E+0	6.795456E-2	-1.296557E-2	-1.049623E-1	2.718182E+3
1.607220E+2	5.985110E+0	6.111964E+0	2.514221E+0	1.268534E-1	6.027395E+0	6.794859E-2	-1.343419E-2	-1.049637E-1	2.717944E+3
1.618400E+2	5.985012E+0	6.113056E+0	2.620861E+0	1.280443E-1	6.027694E+0	6.795059E-2	-1.390183E-2	-1.049615E-1	2.718024E+3
1.629590E+2	5.985002E+0	6.109170E+0	2.673696E+0	1.241686E-1	6.026391E+0	6.795404E-2	-1.435071E-2	-1.049613E-1	2.718161E+3
1.640790E+2	5.931978E+0	6.112938E+0	2.726539E+0	1.809604E-1	5.992298E+0	6.795416E-2	-1.479837E-2	-1.038120E-1	2.718166E+3
1.651970E+2	5.931986E+0	6.109340E+0	2.833624E+0	1.773546E-1	5.991104E+0	6.794840E-2	-1.524920E-2	-1.031613E-1	2.717936E+3
1.663170E+2	5.984927E+0	6.111641E+0	2.887927E+0	1.267146E-1	6.027165E+0	6.795137E-2	-1.567932E-2	-1.032928E-1	2.718055E+3
1.674350E+2	6.038472E+0	6.109827E+0	2.998036E+0	7.135436E-2	6.062257E+0	6.795478E-2	-1.610870E-2	-1.034458E-1	2.718191E+3
1.685530E+2	6.091991E+0	6.287687E+0	3.049724E+0	1.956957E-1	6.157223E+0	6.795021E-2	-1.651591E-2	-1.034580E-1	2.718009E+3
1.696730E+2	6.146125E+0	6.287772E+0	3.154014E+0	1.416470E-1	6.193341E+0	6.794678E-2	-1.692506E-2	-1.035815E-1	2.717871E+3
1.707900E+2	6.199723E+0	6.287482E+0	3.208432E+0	8.775923E-2	6.228976E+0	6.793674E-2	-1.731424E-2	-1.036832E-1	2.717470E+3
1.719070E+2	6.253500E+0	6.458321E+0	3.260430E+0	2.048205E-1	6.321773E+0	6.792388E-2	-1.770317E-2	-1.039773E-1	2.716955E+3
1.730250E+2	6.307490E+0	6.454434E+0	3.366446E+0	1.469438E-1	6.356472E+0	6.792734E-2	-1.809332E-2	-1.040154E-1	2.717094E+3
1.741440E+2	6.361998E+0	6.458088E+0	3.420901E+0	9.609022E-2	6.394028E+0	6.792024E-2	-1.846495E-2	-1.039101E-1	2.716810E+3
1.752650E+2	6.414769E+0	6.628523E+0	3.525627E+0	2.137541E-1	6.486021E+0	6.791639E-2	-1.883633E-2	-1.040028E-1	2.716655E+3
1.763860E+2	6.467817E+0	6.631659E+0	3.632818E+0	1.638421E-1	6.522431E+0	6.791056E-2	-1.918749E-2	-1.040742E-1	2.716423E+3
1.775060E+2	6.520829E+0	6.628722E+0	3.684291E+0	1.078934E-1	6.556793E+0	6.790548E-2	-1.951818E-2	-1.041495E-1	2.716219E+3
1.786240E+2	6.574525E+0	6.804625E+0	3.792230E+0	2.300995E-1	6.651225E+0	6.789655E-2	-1.984911E-2	-1.042159E-1	2.715862E+3
1.797430E+2	6.627501E+0	6.801860E+0	3.845553E+0	1.743597E-1	6.685620E+0	6.789360E-2	-2.015933E-2	-1.042781E-1	2.715744E+3
1.808620E+2	6.681269E+0	6.804938E+0	3.950929E+0	1.236692E-1	6.722492E+0	6.789659E-2	-2.047028E-2	-1.043270E-1	2.715864E+3
1.819820E+2	6.734299E+0	6.976150E+0	4.002740E+0	2.418513E-1	6.814916E+0	6.789221E-2	-2.076149E-2	-1.043716E-1	2.715688E+3
1.831000E+2	6.840368E+0	6.976495E+0	4.108516E+0	1.361265E-1	6.885744E+0	6.788787E-2	-2.105221E-2	-1.056901E-1	2.715515E+3
1.842140E+2	6.893720E+0	6.976524E+0	4.163042E+0	8.280385E-2	6.921321E+0	6.788335E-2	-2.132417E-2	-1.060103E-1	2.715334E+3
1.853380E+2	6.946911E+0	7.144198E+0	4.215076E+0	1.972867E-1	7.012674E+0	6.788336E-2	-2.159759E-2	-1.062400E-1	2.715335E+3
1.864630E+2	7.001143E+0	7.144226E+0	4.322650E+0	1.430839E-1	7.048837E+0	6.787927E-2	-2.187077E-2	-1.065770E-1	2.715171E+3
1.875840E+2	7.001400E+0	7.144917E+0	4.374489E+0	1.435165E-1	7.049239E+0	6.788026E-2	-2.212543E-2	-1.055851E-1	2.715211E+3
1.887080E+2	7.054626E+0	7.144886E+0	4.483032E+0	9.026087E-2	7.084712E+0	6.787700E-2	-2.237838E-2	-1.053970E-1	2.715080E+3
1.898280E+2	7.108145E+0	7.315120E+0	4.534763E+0	2.069756E-1	7.177137E+0	6.786575E-2	-2.261208E-2	-1.053106E-1	2.714630E+3
1.909480E+2	7.214489E+0	7.315262E+0	4.589305E+0	1.007734E-1	7.248080E+0	6.786310E-2	-2.284675E-2	-1.061585E-1	2.714524E+3
1.920670E+2	7.267181E+0	7.483022E+0	4.697885E+0	2.158408E-1	7.339128E+0	6.785723E-2	-2.308118E-2	-1.062633E-1	2.714289E+3
1.931870E+2	7.320264E+0	7.485812E+0	4.749927E+0	1.655481E-1	7.375447E+0	6.785416E-2	-2.329587E-2	-1.063057E-1	2.714166E+3
1.943080E+2	7.373524E+0	7.482414E+0	4.802494E+0	1.088903E-1	7.409820E+0	6.785019E-2	-2.350837E-2	-1.062106E-1	2.714008E+3
1.954270E+2	7.427488E+0	7.659468E+0	4.908741E+0	2.319798E-1	7.504814E+0	6.784344E-2	-2.372574E-2	-1.063404E-1	2.713738E+3
1.965470E+2	7.480767E+0	7.656273E+0	4.960998E+0	1.755058E-1	7.539269E+0	6.784015E-2	-2.392118E-2	-1.064342E-1	2.713606E+3
1.976650E+2	7.534134E+0	7.659292E+0	5.014365E+0	1.251581E-1	7.575853E+0	6.783362E-2	-2.411784E-2	-1.065352E-1	2.713345E+3
1.987870E+2	7.587545E+0	7.656355E+0	5.067403E+0	6.880967E-2	7.610482E+0	6.783432E-2	-2.431572E-2	-1.066047E-1	2.713373E+3
1.999040E+2	7.641242E+0	7.829379E+0	5.172948E+0	1.881379E-1	7.703954E+0	6.783023E-2	-2.451408E-2	-1.066998E-1	2.713209E+3
2.010250E+2	7.694164E+0	7.827220E+0	5.226805E+0	1.330560E-1	7.738516E+0	6.782681E-2	-2.469247E-2	-1.067520E-1	2.713072E+3
2.021420E+2	7.747629E+0	7.829060E+0	5.278375E+0	8.143075E-2	7.774773E+0	6.782814E-2	-2.487158E-2	-1.068205E-1	2.713126E+3
2.032570E+2	7.800311E+0	8.002112E+0	5.333940E+0	2.018008E-1	7.867578E+0	6.783127E-2	-2.505191E-2	-1.068220E-1	2.713251E+3
2.043800E+2	7.907786E+0	8.001334E+0	5.385573E+0	9.354810E-2	7.938969E+0	6.781604E-2	-2.523322E-2	-1.080179E-1	2.712641E+3
2.054990E+2	7.961908E+0	8.001735E+0	5.493875E+0	3.982641E-2	7.975184E+0	6.782529E-2	-2.541623E-2	-1.082005E-1	2.713012E+3
2.066180E+2	8.015453E+0	8.170558E+0	5.547332E+0	1.551044E-1	8.067155E+0	6.781021E-2	-2.557731E-2	-1.085057E-1	2.712409E+3
2.077340E+2	8.015364E+0	8.173175E+0	5.599365E+0	1.578115E-1	8.067968E+0	6.781377E-2	-2.573912E-2	-1.075557E-1	2.712551E+3
2.088500E+2	8.070164E+0	8.170210E+0	5.652644E+0	1.000461E-1	8.103512E+0	6.781110E-2	-2.590166E-2	-1.073797E-1	2.712444E+3
2.099690E+2	8.175858E+0	8.348413E+0	5.704081E+0	1.725542E-1	8.233377E+0	6.779857E-2	-2.606713E-2	-1.082834E-1	2.711943E+3
2.110900E+2	8.228868E+0	8.346166E+0	5.759360E+0	1.172972E-1	8.267968E+0	6.780225E-2	-2.623406E-2	-1.083652E-1	2.712090E+3
2.122130E+2	8.229327E+0	8.347975E+0	5.810813E+0	1.186475E-1	8.268876E+0	6.780239E-2	-2.640171E-2	-1.073526E-1	2.712096E+3
2.133380E+2	8.336348E+0	8.515244E+0	5.918627E+0	1.788964E-1	8.395980E+0	6.779328E-2	-2.657035E-2	-1.081668E-1	2.711731E+3
2.144580E+2	8.389776E+0	8.518090E+0	5.972242E+0	1.283138E-1	8.432548E+0	6.779295E-2	-2.671924E-2	-1.083043E-1	2.711718E+3
2.155760E+2	8.443232E+0	8.515929E+0	6.025315E+0	7.269759E-2	8.467464E+0	6.778449E-2	-2.686741E-2	-1.084526E-1	2.711380E+3
2.166940E+2	8.496758E+0	8.689902E+0	6.078603E+0	1.931439E-1	8.561140E+0	6.778169E-2	-2.701679E-2	-1.085798E-1	2.711268E+3
2.178100E+2	8.549592E+0	8.690131E+0	6.130733E+0	1.405389E-1	8.596438E+0	6.777620E-2	-2.716666E-2	-1.086974E-1	2.711048E+3
2.189280E+2	8.602824E+0	8.689725E+0	6.186494E+0	8.690109E-2	8.631791E+0	6.777569E-2	-2.731848E-2	-1.087955E-1	2.711028E+3
2.200490E+2	8.656361E+0	8.690185E+0	6.292420E+0	3.382455E-2	8.667635E+0	6.777537E-2	-2.747176E-2	-1.089092E-1	2.711015E+3
2.211710E+2	8.710520E+0	8.861338E+0	6.346793E+0	1.508178E-1	8.760792E+0	6.776449E-2	-2.760433E-2	-1.090112E-1	2.710579E+3
2.222890E+2	8.763460E+0	8.861624E+0	6.402332E+0	9.816407E-2	8.796182E+0	6.776307E-2	-2.773714E-2	-1.091018E-1	2.710523E+3
2.234110E+2	8.817494E+0	8.858487E+0	6.454044E+0	4.099222E-2	8.831158E+0	6.776405E-2	-2.786946E-2	-1.091840E-1	2.710562E+3
2.245260E+2	8.871030E+0	9.036372E+0	6.506576E+0	1.653425E-1	8.926144E+0	6.775880E-2	-2.800349E-2	-1.092806E-1	2.710352E+3
2.256420E+2	8.923668E+0	9.034242E+0	6.558332E+0	1.105740E-1	8.960526E+0	6.775688E-2	-2.813899E-2	-1.093023E-1	2.710275E+3
2.267640E+2	8.976519E+0	9.036054E+0	6.612546E+0	5.953494E-2	8.996364E+0	6.775049E-2	-2.827667E-2	-1.092299E-1	2.710020E+3
2.278850E+2	9.029610E+0	9.204933E+0	6.663599E+0	1.753234E-1	9.088051E+0	6.773975E-2	-2.841484E-2	-1.092496E-1	2.709590E+3
2.290040E+2	9.083040E+0	9.207522E+0	6.717875E+0	1.244815E-1	9.124534E+0	6.774119E-2	-2.855472E-2	-1.090929E-1	2.709648E+3
2.301240E+2	9.137162E+0	9.380890E+0	6.824050E+0	2.437279E-1	9.218405E+0	6.773132E-2	-2.869582E-2	-1.090680E-1	2.709253E+3
2.312430E+2	9.243710E+0	9.381290E+0	6.876579E+0	1.375804E-1	9.289570E+0	6.772643E-2	-2.881669E-2	-1.099211E-1	2.709057E+3
2.323620E+2	9.296712E+0	9.381432E+0	6.876623E+0	8.472017E-2	9.324952E+0	6.773127E-2	-2.893805E-2	-1.100783E-1	2.709251E+3
2.334790E+2	9.350648E+0	9.554772E+0	6.982041E+0	2.041236E-1	9.418689E+0	6.772611E-2	-2.908085E-2	-1.101878E-1	2.709044E+3
2.345970E+2	9.403633E+0	9.554914E+0	7.036477E+0	1.512811E-1	9.454060E+0	6.772044E-2	-2.920611E-2	-1.101324E-1	2.708818E+3
2.357150E+2	9.457071E+0	9.553273E+0	7.087567E+0	9.620151E-2	9.489138E+0	6.771980E-2	-2.933039E-2	-1.102946E-1	2.708792E+3
2.368320E+2	9.510385E+0	9.554653E+0	7.142287E+0	4.426820E-2	9.525141E+0	6.771586E-2	-2.945711E-2	-1.104354E-1	2.708634E+3
2.379500E+2	9.565024E+0	9.736625E+0	7.194462E+0	1.716003E-1	9.622224E+0	6.771062E-2	-2.958359E-2	-1.105964E-1	2.708425E+3
2.390690E+2	9.583441E+0	9.737313E+0	7.249475E+0	1.538726E-1	9.634732E+0	6.771282E-2	-2.971226E-2	-1.099552E-1	2.708513E+3
2.401870E+2	9.618219E+0	9.737484E+0	7.300003E+0	1.192642E-1	9.657974E+0	6.771209E-2	-2.984165E-2	-1.094413E-1	2.708484E+3
2.413070E+2	9.725951E+0	9.904953E+0	7.353825E+0	1.790021E-1	9.785619E+0	6.769938E-2	-2.997325E-2	-1.104394E-1	2.707975E+3
2.424270E+2	9.782032E+0	9.904952E+0	7.460355E+0	1.229200E-1	9.823005E+0	6.769779E-2	-3.010557E-2	-1.106076E-1	2.707912E+3
2.435470E+2	9.834642E+0	9.905036E+0	7.512592E+0	7.039405E-2	9.858107E+0	6.769529E-2	-3.021718E-2	-1.106932E-1	2.707812E+3
2.446650E+2	9.888054E+0	1.007510E+1	7.566120E+0	1.870419E-1	9.950401E+0	6.769199E-2	-3.033001E-2	-1.108107E-1	2.707680E+3
2.457830E+2	9.941101E+0	1.007486E+1	7.617156E+0	1.337633E-1	9.985689E+0	6.768308E-2	-3.044382E-2	-1.108695E-1	2.707323E+3
2.469010E+2	9.995198E+0	1.007547E+1	7.673442E+0	8.026975E-2	1.002195E+1	6.768696E-2	-3.055932E-2	-1.108637E-1	2.707478E+3
2.480200E+2	1.004790E+1	1.024262E+1	7.724335E+0	1.947147E-1	1.011281E+1	6.767212E-2	-3.067483E-2	-1.109117E-1	2.706885E+3
2.491370E+2	1.010155E+1	1.024561E+1	7.778512E+0	1.440622E-1	1.014957E+1	6.767381E-2	-3.079278E-2	-1.108014E-1	2.706953E+3
2.502580E+2	1.015497E+1	1.024305E+1	7.830873E+0	8.807981E-2	1.018433E+1	6.766586E-2	-3.091048E-2	-1.108014E-1	2.706634E+3
2.513800E+2	1.026114E+1	1.024564E+1	7.886021E+0	-1.550719E-2	1.025597E+1	6.765958E-2	-3.103160E-2	-1.116590E-1	2.706383E+3
2.525020E+2	1.031457E+1	1.041670E+1	7.937066E+0	1.021295E-1	1.034862E+1	6.764848E-2	-3.115271E-2	-1.118563E-1	2.705939E+3
2.536250E+2	1.031462E+1	1.041929E+1	7.992149E+0	1.046657E-1	1.034951E+1	6.765692E-2	-3.127529E-2	-1.109345E-1	2.706277E+3
2.547460E+2	1.036780E+1	1.041679E+1	8.045437E+0	4.898222E-2	1.038413E+1	6.765865E-2	-3.139786E-2	-1.107320E-1	2.706346E+3
2.558630E+2	1.047514E+1	1.058834E+1	8.152644E+0	1.132053E-1	1.051287E+1	6.764213E-2	-3.152166E-2	-1.115458E-1	2.705685E+3
2.569820E+2	1.052878E+1	1.058782E+1	8.205273E+0	5.904311E-2	1.054846E+1	6.763903E-2	-3.162523E-2	-1.117149E-1	2.705561E+3
2.581000E+2	1.058267E+1	1.058842E+1	8.257376E+0	5.754473E-3	1.058459E+1	6.764164E-2	-3.172880E-2	-1.119127E-1	2.705666E+3
2.592190E+2	1.058260E+1	1.076084E+1	8.311419E+0	1.782449E-1	1.064201E+1	6.763332E-2	-3.183480E-2	-1.109181E-1	2.705333E+3
2.603390E+2	1.063475E+1	1.076047E+1	8.362028E+0	1.257130E-1	1.067666E+1	6.763544E-2	-3.194081E-2	-1.107032E-1	2.705417E+3
2.614630E+2	1.068736E+1	1.076084E+1	8.363913E+0	7.347583E-2	1.071185E+1	6.763518E-2	-3.205096E-2	-1.105005E-1	2.705407E+3
2.625880E+2	1.074048E+1	1.093101E+1	8.468674E+0	1.905318E-1	1.080399E+1	6.762294E-2	-3.218133E-2	-1.102796E-1	2.704918E+3
2.637070E+2	1.084764E+1	1.093118E+1	8.524300E+0	8.353985E-2	1.087549E+1	6.761914E-2	-3.229343E-2	-1.112626E-1	2.704766E+3
2.648270E+2	1.090083E+1	1.110570E+1	8.574776E+0	2.048704E-1	1.096912E+1	6.761924E-2	-3.240480E-2	-1.113700E-1	2.704769E+3
2.659470E+2	1.095450E+1	1.110593E+1	8.629192E+0	1.514305E-1	1.100498E+1	6.761440E-2	-3.251811E-2	-1.114425E-1	2.704576E+3
2.670660E+2	1.100790E+1	1.110389E+1	8.681891E+0	9.598414E-2	1.103990E+1	6.761003E-2	-3.263192E-2	-1.114297E-1	2.704401E+3
2.681850E+2	1.111548E+1	1.110613E+1	8.788823E+0	-9.353967E-3	1.111237E+1	6.760747E-2	-3.274767E-2	-1.126895E-1	2.704299E+3
2.693040E+2	1.111548E+1	1.127086E+1	8.789000E+0	1.553822E-1	1.116728E+1	6.759832E-2	-3.284295E-2	-1.118617E-1	2.703933E+3
2.704250E+2	1.116883E+1	1.127506E+1	8.842419E+0	1.062339E-1	1.120424E+1	6.760155E-2	-3.296017E-2	-1.118811E-1	2.704062E+3
2.715450E+2	1.122240E+1	1.127129E+1	8.950142E+0	4.889125E-2	1.123870E+1	6.759857E-2	-3.307884E-2	-1.117835E-1	2.703943E+3
2.726650E+2	1.127650E+1	1.144572E+1	9.000360E+0	1.692265E-1	1.133291E+1	6.759105E-2	-3.317656E-2	-1.116792E-1	2.703642E+3
2.737830E+2	1.138380E+1	1.144264E+1	9.054517E+0	5.884193E-2	1.140341E+1	6.759113E-2	-3.327623E-2	-1.125946E-1	2.703645E+3
2.749050E+2	1.143757E+1	1.144650E+1	9.106202E+0	8.929120E-3	1.144054E+1	6.758724E-2	-3.337639E-2	-1.127995E-1	2.703490E+3
2.760260E+2	1.143757E+1	1.161365E+1	9.161321E+0	1.760741E-1	1.149626E+1	6.757938E-2	-3.347874E-2	-1.118958E-1	2.703175E+3
2.771430E+2	1.154484E+1	1.161747E+1	9.213718E+0	7.263110E-2	1.156905E+1	6.758055E-2	-3.358085E-2	-1.130466E-1	2.703222E+3
2.782610E+2	1.159806E+1	1.161779E+1	9.265760E+0	1.973095E-2	1.160464E+1	6.757756E-2	-3.368442E-2	-1.131555E-1	2.703102E+3
2.793810E+2	1.159811E+1	1.179130E+1	9.320409E+0	1.931898E-1	1.166251E+1	6.757169E-2	-3.379042E-2	-1.122081E-1	2.702868E+3
2.804990E+2	1.165126E+1	1.179159E+1	9.373732E+0	1.403314E-1	1.169803E+1	6.757424E-2	-3.389643E-2	-1.118412E-1	2.702970E+3
2.816200E+2	1.175813E+1	1.179101E+1	9.426974E+0	3.287803E-2	1.176909E+1	6.757031E-2	-3.400292E-2	-1.128247E-1	2.702812E+3
2.827570E+2	1.181105E+1	1.195701E+1	9.480778E+0	1.459664E-1	1.185970E+1	6.755663E-2	-3.411331E-2	-1.129530E-1	2.702265E+3
2.838770E+2	1.181117E+1	1.196110E+1	9.533752E+0	1.499269E-1	1.186115E+1	6.755567E-2	-3.422273E-2	-1.119364E-1	2.702227E+3
2.849980E+2	1.191829E+1	1.195867E+1	9.641383E+0	4.038300E-2	1.193175E+1	6.755216E-2	-3.433410E-2	-1.129219E-1	2.702086E+3
2.861170E+2	1.197176E+1	1.213460E+1	9.695273E+0	1.628383E-1	1.202604E+1	6.754705E-2	-3.442426E-2	-1.132720E-1	2.701882E+3
2.872350E+2	1.202508E+1	1.213443E+1	9.694337E+0	1.093415E-1	1.206153E+1	6.754734E-2	-3.449591E-2	-1.144397E-1	2.701894E+3
2.883510E+2	1.202518E+1	1.213390E+1	9.749063E+0	1.087264E-1	1.206142E+1	6.754529E-2	-3.457267E-2	-1.144418E-1	2.701811E+3
2.894720E+2	1.197183E+1	1.213427E+1	9.805321E+0	1.624400E-1	1.202598E+1	6.754312E-2	-3.463213E-2	-1.132468E-1	2.701725E+3
2.905890E+2	1.197165E+1	1.213062E+1	9.805230E+0	1.589643E-1	1.202464E+1	6.754061E-2	-3.467258E-2	-1.132426E-1	2.701624E+3
2.917100E+2	1.197172E+1	1.213519E+1	9.805407E+0	1.634693E-1	1.202621E+1	6.754466E-2	-3.471718E-2	-1.132441E-1	2.701787E+3
2.928380E+2	1.197173E+1	1.213315E+1	9.805219E+0	1.614163E-1	1.202554E+1	6.754719E-2	-3.476640E-2	-1.132443E-1	2.701888E+3
2.939580E+2	1.197184E+1	1.213510E+1	9.856646E+0	1.632664E-1	1.202626E+1	6.754013E-2	-3.482002E-2	-1.132469E-1	2.701605E+3
2.950920E+2	1.197129E+1	1.213510E+1	9.856850E+0	1.638094E-1	1.202589E+1	6.754865E-2	-3.485852E-2	-1.132347E-1	2.701946E+3
2.962150E+2	1.197133E+1	1.213590E+1	9.909557E+0	1.645699E-1	1.202619E+1	6.754430E-2	-3.490019E-2	-1.132356E-1	2.701772E+3
2.973340E+2	1.197122E+1	1.213443E+1	9.909546E+0	1.632097E-1	1.202563E+1	6.753766E-2	-3.492553E-2	-1.132332E-1	2.701506E+3
2.984640E+2	1.197164E+1	1.213101E+1	9.908495E+0	1.593672E-1	1.202476E+1	6.754684E-2	-3.495453E-2	-1.132425E-1	2.701873E+3
2.995910E+2	1.197189E+1	1.213506E+1	9.909348E+0	1.631751E-1	1.202628E+1	6.754396E-2	-3.498889E-2	-1.132481E-1	2.701758E+3
3.007090E+2	1.197184E+1	1.213175E+1	9.909577E+0	1.599112E-1	1.202515E+1	6.753843E-2	-3.502740E-2	-1.132470E-1	2.701537E+3
3.018280E+2	1.197165E+1	1.213515E+1	9.961699E+0	1.634935E-1	1.202615E+1	6.754173E-2	-3.507029E-2	-1.132428E-1	2.701669E+3
3.029440E+2	1.197189E+1	1.213569E+1	9.961707E+0	1.637995E-1	1.202649E+1	6.754701E-2	-3.507175E-2	-1.132482E-1	2.701880E+3
3.040610E+2	1.191870E+1	1.213491E+1	9.960825E+0	2.162122E-1	1.199077E+1	6.754920E-2	-3.507175E-2	-1.120808E-1	2.701968E+3
3.051800E+2	1.191878E+1	1.213578E+1	9.961820E+0	2.169948E-1	1.199111E+1	6.754206E-2	-3.507151E-2	-1.116958E-1	2.701682E+3
3.062950E+2	1.197186E+1	1.213172E+1	9.961836E+0	1.598544E-1	1.202515E+1	6.754251E-2	-3.507175E-2	-1.123929E-1	2.701700E+3
3.074120E+2	1.197170E+1	1.213566E+1	9.961853E+0	1.639572E-1	1.202635E+1	6.754767E-2	-3.507175E-2	-1.123724E-1	2.701907E+3
3.085300E+2	1.197175E+1	1.213163E+1	9.961781E+0	1.598764E-1	1.202504E+1	6.755010E-2	-3.507151E-2	-1.123736E-1	2.702004E+3
3.096450E+2	1.197158E+1	1.213522E+1	9.960952E+0	1.636407E-1	1.202613E+1	6.754228E-2	-3.507175E-2	-1.123698E-1	2.701691E+3
3.107620E+2	1.197172E+1	1.213571E+1	9.961590E+0	1.639883E-1	1.202638E+1	6.754224E-2	-3.507175E-2	-1.123729E-1	2.701689E+3
3.118790E+2	1.197180E+1	1.213487E+1	9.960566E+0	1.630743E-1	1.202616E+1	6.754674E-2	-3.507151E-2	-1.123746E-1	2.701870E+3
3.129980E+2	1.197168E+1	1.213574E+1	9.961633E+0	1.640529E-1	1.202637E+1	6.754598E-2	-3.507151E-2	-1.123720E-1	2.701839E+3
3.141110E+2	1.191871E+1	1.213148E+1	9.961800E+0	2.127609E-1	1.198963E+1	6.754443E-2	-3.507175E-2	-1.112096E-1	2.701777E+3
3.152290E+2	1.191869E+1	1.213565E+1	9.961764E+0	2.169602E-1	1.199101E+1	6.753881E-2	-3.507151E-2	-1.108230E-1	2.701552E+3
3.163480E+2	1.197179E+1	1.213214E+1	9.961711E+0	1.603490E-1	1.202524E+1	6.754481E-2	-3.507175E-2	-1.115205E-1	2.701792E+3
3.174660E+2	1.197181E+1	1.213527E+1	9.908697E+0	1.634591E-1	1.202630E+1	6.754273E-2	-3.507175E-2	-1.115044E-1	2.701709E+3
3.185870E+2	1.197177E+1	1.213582E+1	9.909576E+0	1.640491E-1	1.202645E+1	6.754618E-2	-3.509734E-2	-1.115034E-1	2.701847E+3
3.197060E+2	1.197187E+1	1.213478E+1	9.908410E+0	1.629068E-1	1.202617E+1	6.754553E-2	-3.512829E-2	-1.115058E-1	2.701821E+3
3.208250E+2	1.197155E+1	1.213535E+1	9.961723E+0	1.638031E-1	1.202615E+1	6.754539E-2	-3.516386E-2	-1.114986E-1	2.701815E+3
3.219370E+2	1.197176E+1	1.213334E+1	9.960386E+0	1.615758E-1	1.202562E+1	6.754006E-2	-3.516533E-2	-1.115033E-1	2.701603E+3
3.230550E+2	1.197162E+1	1.213567E+1	9.961685E+0	1.640488E-1	1.202630E+1	6.754454E-2	-3.516508E-2	-1.115001E-1	2.701782E+3
3.241730E+2	1.197184E+1	1.213161E+1	9.961640E+0	1.597686E-1	1.202510E+1	6.754884E-2	-3.516533E-2	-1.115051E-1	2.701953E+3
3.252880E+2	1.191869E+1	1.213532E+1	9.960367E+0	2.166337E-1	1.199090E+1	6.754014E-2	-3.516508E-2	-1.103385E-1	2.701606E+3
3.264030E+2	1.191860E+1	1.213543E+1	9.961425E+0	2.168303E-1	1.199088E+1	6.754789E-2	-3.516533E-2	-1.099494E-1	2.701916E+3
3.275220E+2	1.197187E+1	1.213520E+1	9.960498E+0	1.633291E-1	1.202632E+1	6.754123E-2	-3.516508E-2	-1.106487E-1	2.701649E+3
3.286400E+2	1.197175E+1	1.213540E+1	9.961432E+0	1.636558E-1	1.202630E+1	6.754346E-2	-3.516533E-2	-1.106288E-1	2.701739E+3
3.297540E+2	1.197178E+1	1.213169E+1	9.961688E+0	1.599080E-1	1.202508E+1	6.754731E-2	-3.516508E-2	-1.106298E-1	2.701893E+3
3.308700E+2	1.197165E+1	1.213531E+1	9.961339E+0	1.636580E-1	1.202621E+1	6.754089E-2	-3.516533E-2	-1.106270E-1	2.701635E+3
3.319880E+2	1.197173E+1	1.213137E+1	9.961384E+0	1.596368E-1	1.202494E+1	6.754878E-2	-3.516508E-2	-1.106288E-1	2.701951E+3
3.331050E+2	1.197175E+1	1.213542E+1	9.960447E+0	1.636754E-1	1.202631E+1	6.754573E-2	-3.516508E-2	-1.106296E-1	2.701829E+3
3.342240E+2	1.197165E+1	1.213387E+1	9.961577E+0	1.622198E-1	1.202572E+1	6.754136E-2	-3.516533E-2	-1.105599E-1	2.701654E+3
3.353400E+2	1.197183E+1	1.213542E+1	9.960445E+0	1.635958E-1	1.202636E+1	6.755007E-2	-3.516508E-2	-1.104264E-1	2.702003E+3
3.364570E+2	1.197167E+1	1.213536E+1	9.961556E+0	1.636893E-1	1.202624E+1	6.753947E-2	-3.516533E-2	-1.102173E-1	2.701579E+3
3.375720E+2	1.197176E+1	1.213214E+1	9.961565E+0	1.603772E-1	1.202522E+1	6.754995E-2	-3.516508E-2	-1.099434E-1	2.701998E+3
3.386900E+2	1.197169E+1	1.213545E+1	9.961394E+0	1.637573E-1	1.202627E+1	6.754085E-2	-3.516533E-2	-1.095960E-1	2.701634E+3
3.398040E+2	1.202522E+1	1.213133E+1	9.961428E+0	1.061057E-1	1.206059E+1	6.754305E-2	-3.516508E-2	-1.103801E-1	2.701722E+3
3.409220E+2	1.202527E+1	1.213544E+1	9.960315E+0	1.101768E-1	1.206199E+1	6.754367E-2	-3.516533E-2	-1.102187E-1	2.701747E+3
3.420430E+2	1.202488E+1	1.213314E+1	9.961382E+0	1.082564E-1	1.206097E+1	6.753797E-2	-3.516508E-2	-1.099896E-1	2.701519E+3
3.431560E+2	1.202499E+1	1.213521E+1	9.960393E+0	1.102219E-1	1.206173E+1	6.754280E-2	-3.516508E-2	-1.097003E-1	2.701712E+3
3.442710E+2	1.207845E+1	1.213561E+1	9.961345E+0	5.715797E-2	1.209751E+1	6.754059E-2	-3.516533E-2	-1.105321E-1	2.701624E+3
3.453880E+2	1.207846E+1	1.213121E+1	9.961379E+0	5.274802E-2	1.209604E+1	6.754200E-2	-3.516508E-2	-1.104243E-1	2.701680E+3
3.465080E+2	1.207850E+1	1.213524E+1	9.961308E+0	5.673201E-2	1.209742E+1	6.754334E-2	-3.516533E-2	-1.102591E-1	2.701734E+3
3.476220E+2	1.207833E+1	1.213109E+1	9.961315E+0	5.276694E-2	1.209591E+1	6.754700E-2	-3.516508E-2	-1.100201E-1	2.701880E+3
3.487400E+2	1.207856E+1	1.213503E+1	9.960370E+0	5.647599E-2	1.209738E+1	6.754435E-2	-3.516533E-2	-1.097193E-1	2.701774E+3
3.498540E+2	1.207832E+1	1.213546E+1	9.961311E+0	5.713892E-2	1.209737E+1	6.754789E-2	-3.516533E-2	-1.093394E-1	2.701916E+3
3.509680E+2	1.213271E+1	1.213466E+1	9.961516E+0	1.943249E-3	1.213336E+1	6.754204E-2	-3.516508E-2	-1.101284E-1	2.701682E+3
3.520900E+2	1.213272E+1	1.230759E+1	9.960483E+0	1.748700E-1	1.219101E+1	6.753436E-2	-3.516533E-2	-1.099412E-1	2.701375E+3
3.532050E+2	1.213278E+1	1.230431E+1	9.961460E+0	1.715280E-1	1.218996E+1	6.753619E-2	-3.516508E-2	-1.096979E-1	2.701447E+3
3.543190E+2	1.213270E+1	1.230635E+1	1.001417E+1	1.736501E-1	1.219058E+1	6.754160E-2	-3.516533E-2	-1.093822E-1	2.701664E+3
3.554350E+2	1.218597E+1	1.230523E+1	1.001505E+1	1.192587E-1	1.222572E+1	6.753823E-2	-3.516508E-2	-1.101715E-1	2.701529E+3
3.565520E+2	1.218591E+1	1.230730E+1	1.001524E+1	1.213919E-1	1.222637E+1	6.753591E-2	-3.516533E-2	-1.100369E-1	2.701436E+3
3.576710E+2	1.218583E+1	1.230761E+1	1.001411E+1	1.217806E-1	1.222642E+1	6.753014E-2	-3.516508E-2	-1.098438E-1	2.701206E+3
4.782140E+2	1.339833E+1	1.350370E+1	1.001448E+1	1.053752E-1	1.343345E+1	6.746508E-2	-3.475178E-2	-1.075222E-1	2.698603E+3
5.987650E+2	1.464526E+1	1.470450E+1	1.001374E+1	5.924519E-2	1.466501E+1	6.738513E-2	-3.430607E-2	-1.069622E-1	2.695405E+3
7.193810E+2	1.582173E+1	1.591754E+1	1.006540E+1	9.581294E-2	1.585367E+1	6.729602E-2	-3.351310E-2	-1.056596E-1	2.691841E+3
8.399640E+2	1.699893E+1	1.711294E+1	1.001277E+1	1.140126E-1	1.703694E+1	6.724165E-2	-3.276838E-2	-1.051227E-1	2.689666E+3
9.605540E+2	1.817426E+1	1.831974E+1	1.001221E+1	1.454730E-1	1.822276E+1	6.715412E-2	-3.212285E-2	-1.043078E-1	2.686165E+3
1.081082E+3	1.940275E+1	1.935408E+1	1.001150E+1	-4.867050E-2	1.938653E+1	6.709144E-2	-3.154457E-2	-1.057593E-1	2.683658E+3
1.201604E+3	1.999287E+1	2.004200E+1	1.001004E+1	4.912425E-2	2.000925E+1	6.705334E-2	-3.127773E-2	-1.051803E-1	2.682134E+3
1.322151E+3	1.999223E+1	2.004263E+1	1.001107E+1	5.040131E-2	2.000903E+1	6.705155E-2	-3.122046E-2	-1.030088E-1	2.682062E+3
1.442674E+3	1.999284E+1	2.004157E+1	1.000953E+1	4.872384E-2	2.000908E+1	6.705970E-2	-3.122046E-2	-1.017352E-1	2.682388E+3
1.563195E+3	1.999255E+1	2.004152E+1	1.000919E+1	4.896134E-2	2.000887E+1	6.705140E-2	-3.122070E-2	-1.017316E-1	2.682056E+3
1.683732E+3	1.999264E+1	2.004072E+1	1.000859E+1	4.807881E-2	2.000867E+1	6.705718E-2	-3.122046E-2	-1.008590E-1	2.682287E+3
1.804264E+3	1.999244E+1	2.004075E+1	1.000861E+1	4.831424E-2	2.000854E+1	6.704802E-2	-3.122070E-2	-1.004518E-1	2.681921E+3
1.924779E+3	1.999178E+1	2.003852E+1	1.000960E+1	4.673820E-2	2.000736E+1	6.704928E-2	-3.122070E-2	-1.000337E-1	2.681971E+3
2.045501E+3	1.999232E+1	2.004029E+1	1.000940E+1	4.796253E-2	2.000831E+1	6.705575E-2	-3.122070E-2	-1.000456E-1	2.682230E+3
2.166049E+3	1.999225E+1	2.003742E+1	1.000860E+1	4.516662E-2	2.000731E+1	6.705174E-2	-3.122070E-2	-9.963785E-2	2.682070E+3
2.286589E+3	1.999152E+1	2.003688E+1	1.000867E+1	4.536010E-2	2.000664E+1	6.705690E-2	-3.122070E-2	-9.962634E-2	2.682276E+3
2.407119E+3	1.999221E+1	2.003723E+1	1.000854E+1	4.502188E-2	2.000721E+1	6.705075E-2	-3.122070E-2	-9.964038E-2	2.682030E+3
2.527633E+3	1.999196E+1	2.003883E+1	1.000823E+1	4.686588E-2	2.000758E+1	6.705537E-2	-3.122070E-2	-9.923501E-2	2.682215E+3
2.648173E+3	1.999182E+1	2.003922E+1	1.000780E+1	4.740147E-2	2.000762E+1	6.704846E-2	-3.122046E-2	-9.923401E-2	2.681939E+3
2.768698E+3	1.999178E+1	2.003819E+1	1.000774E+1	4.641280E-2	2.000725E+1	6.705466E-2	-3.122070E-2	-9.923505E-2	2.682186E+3
2.889240E+3	1.999166E+1	2.003884E+1	1.000745E+1	4.718196E-2	2.000739E+1	6.704945E-2	-3.122070E-2	-9.882813E-2	2.681978E+3
3.009771E+3	1.999172E+1	2.003826E+1	1.000760E+1	4.653395E-2	2.000724E+1	6.705761E-2	-3.122070E-2	-9.883072E-2	2.682304E+3
3.130300E+3	1.999166E+1	2.003922E+1	1.000713E+1	4.756557E-2	2.000751E+1	6.705048E-2	-3.122070E-2	-9.842573E-2	2.682019E+3
3.250819E+3	1.999176E+1	2.003866E+1	1.000674E+1	4.690377E-2	2.000739E+1	6.704966E-2	-3.122046E-2	-9.842954E-2	2.681986E+3
3.371347E+3	1.999122E+1	2.003791E+1	1.000706E+1	4.668900E-2	2.000678E+1	6.704905E-2	-3.122070E-2	-9.842155E-2	2.681962E+3
3.491887E+3	1.999149E+1	2.003753E+1	1.000684E+1	4.603900E-2	2.000683E+1	6.704960E-2	-3.122070E-2	-9.842793E-2	2.681984E+3
3.612449E+3	1.999167E+1	2.003850E+1	1.000574E+1	4.683036E-2	2.000728E+1	6.705573E-2	-3.122046E-2	-9.843318E-2	2.682229E+3
3.733012E+3	1.999163E+1	2.003766E+1	1.000676E+1	4.602256E-2	2.000697E+1	6.705445E-2	-3.122070E-2	-9.843425E-2	2.682178E+3
3.853558E+3	1.999166E+1	2.003805E+1	1.000630E+1	4.639037E-2	2.000712E+1	6.705343E-2	-3.122070E-2	-9.843673E-2	2.682137E+3
3.974116E+3	1.999097E+1	2.003732E+1	1.000512E+1	4.634681E-2	2.000642E+1	6.704888E-2	-3.122070E-2	-9.842599E-2	2.681955E+3
4.094681E+3	1.999143E+1	2.003452E+1	1.000611E+1	4.309356E-2	2.000579E+1	6.705326E-2	-3.122046E-2	-9.843585E-2	2.682130E+3
4.215258E+3	1.999143E+1	2.003765E+1	1.000510E+1	4.621966E-2	2.000684E+1	6.705145E-2	-3.122070E-2	-9.803335E-2	2.682058E+3
4.335817E+3	1.999135E+1	2.003465E+1	1.000591E+1	4.329966E-2	2.000579E+1	6.704881E-2	-3.122046E-2	-9.803358E-2	2.681953E+3
4.456367E+3	1.999092E+1	2.003637E+1	1.000560E+1	4.544503E-2	2.000607E+1	6.705541E-2	-3.122046E-2	-9.802762E-2	2.682217E+3
4.576931E+3	1.999129E+1	2.003593E+1	1.000426E+1	4.464019E-2	2.000617E+1	6.705686E-2	-3.122070E-2	-9.803604E-2	2.682274E+3
4.697480E+3	1.999072E+1	2.003593E+1	1.000539E+1	4.520729E-2	2.000579E+1	6.704981E-2	-3.122070E-2	-9.802751E-2	2.681993E+3
4.818055E+3	1.999051E+1	2.003575E+1	1.000511E+1	4.523936E-2	2.000559E+1	6.705177E-2	-3.122046E-2	-9.802511E-2	2.682071E+3
4.938623E+3	1.999038E+1	2.003362E+1	1.000484E+1	4.323537E-2	2.000479E+1	6.705488E-2	-3.122046E-2	-9.802471E-2	2.682195E+3
5.059173E+3	1.999050E+1	2.003566E+1	1.000484E+1	4.515362E-2	2.000555E+1	6.704848E-2	-3.122070E-2	-9.802866E-2	2.681939E+3
5.179724E+3	1.999112E+1	2.003683E+1	1.000400E+1	4.570961E-2	2.000636E+1	6.704845E-2	-3.122070E-2	-9.804203E-2	2.681938E+3
5.300289E+3	1.999112E+1	2.003607E+1	1.000487E+1	4.495321E-2	2.000611E+1	6.704973E-2	-3.122046E-2	-9.804395E-2	2.681989E+3
5.420832E+3	1.999098E+1	2.003313E+1	1.000494E+1	4.215243E-2	2.000503E+1	6.705362E-2	-3.122046E-2	-9.804284E-2	2.682145E+3
5.541390E+3	1.999101E+1	2.003540E+1	1.000493E+1	4.438923E-2	2.000581E+1	6.705644E-2	-3.122070E-2	-9.804508E-2	2.682258E+3
5.661957E+3	1.999111E+1	2.003507E+1	1.000457E+1	4.395695E-2	2.000577E+1	6.705070E-2	-3.122070E-2	-9.804892E-2	2.682028E+3
5.782528E+3	1.999092E+1	2.003521E+1	1.000439E+1	4.428070E-2	2.000569E+1	6.705002E-2	-3.122070E-2	-9.764384E-2	2.682001E+3
5.903098E+3	1.999111E+1	2.003589E+1	1.000466E+1	4.478368E-2	2.000604E+1	6.705438E-2	-3.122046E-2	-9.764920E-2	2.682175E+3
6.023647E+3	1.999088E+1	2.003264E+1	1.000448E+1	4.175484E-2	2.000480E+1	6.705062E-2	-3.122070E-2	-9.764693E-2	2.682025E+3
6.144225E+3	1.999084E+1	2.003563E+1	1.000443E+1	4.478983E-2	2.000577E+1	6.704831E-2	-3.122046E-2	-9.764790E-2	2.681932E+3
6.264816E+3	1.999054E+1	2.003580E+1	1.000307E+1	4.525809E-2	2.000563E+1	6.705344E-2	-3.122046E-2	-9.764409E-2	2.682138E+3
6.385398E+3	1.999083E+1	2.003119E+1	1.000452E+1	4.036003E-2	2.000428E+1	6.704652E-2	-3.122070E-2	-9.765110E-2	2.681861E+3
6.505983E+3	1.999089E+1	2.003559E+1	1.000427E+1	4.470001E-2	2.000579E+1	6.705241E-2	-3.124800E-2	-9.765425E-2	2.682096E+3
6.626572E+3	1.999126E+1	2.003536E+1	1.000459E+1	4.409658E-2	2.000596E+1	6.705401E-2	-3.124775E-2	-9.766273E-2	2.682160E+3
6.747208E+3	1.999099E+1	2.003299E+1	1.000451E+1	4.200292E-2	2.000499E+1	6.705280E-2	-3.133840E-2	-9.765938E-2	2.682112E+3
6.867798E+3	1.999092E+1	2.003454E+1	1.000422E+1	4.362022E-2	2.000546E+1	6.705117E-2	-3.133816E-2	-9.766013E-2	2.682047E+3
6.988383E+3	1.999093E+1	2.003544E+1	1.000438E+1	4.450268E-2	2.000577E+1	6.705704E-2	-3.133816E-2	-9.766226E-2	2.682282E+3
7.108922E+3	2.004572E+1	2.003500E+1	1.000410E+1	-1.071820E-2	2.004215E+1	6.704670E-2	-3.136545E-2	-9.772700E-2	2.681868E+3
7.229494E+3	1.999028E+1	2.003264E+1	1.000402E+1	4.236018E-2	2.000440E+1	6.705207E-2	-3.136545E-2	-9.677375E-2	2.682083E+3
7.350057E+3	1.999045E+1	2.003480E+1	1.000399E+1	4.435092E-2	2.000523E+1	6.705396E-2	-3.136545E-2	-9.677869E-2	2.682159E+3
7.470621E+3	1.999044E+1	2.003456E+1	1.000390E+1	4.411875E-2	2.000515E+1	6.705554E-2	-3.136570E-2	-9.678029E-2	2.682222E+3
7.591173E+3	1.999094E+1	2.003243E+1	1.000264E+1	4.149174E-2	2.000477E+1	6.705049E-2	-3.136545E-2	-9.679148E-2	2.682020E+3
7.711748E+3	1.999036E+1	2.003441E+1	1.000379E+1	4.404738E-2	2.000505E+1	6.705142E-2	-3.136545E-2	-9.678254E-2	2.682057E+3
7.832341E+3	1.999080E+1	2.003533E+1	1.000400E+1	4.453132E-2	2.000564E+1	6.704973E-2	-3.136545E-2	-9.679229E-2	2.681989E+3
7.952902E+3	1.999084E+1	2.003608E+1	1.000373E+1	4.523554E-2	2.000592E+1	6.705254E-2	-3.136545E-2	-9.679481E-2	2.682102E+3
8.073478E+3	1.999070E+1	2.003412E+1	1.000368E+1	4.342202E-2	2.000517E+1	6.705438E-2	-3.136545E-2	-9.679430E-2	2.682175E+3
8.194055E+3	1.999026E+1	2.003119E+1	1.000315E+1	4.093097E-2	2.000390E+1	6.704885E-2	-3.136545E-2	-9.678760E-2	2.681954E+3
8.314633E+3	1.999020E+1	2.003377E+1	1.000375E+1	4.357519E-2	2.000472E+1	6.704890E-2	-3.136545E-2	-9.678826E-2	2.681956E+3
8.435192E+3	1.999020E+1	2.003444E+1	1.000229E+1	4.423700E-2	2.000494E+1	6.705175E-2	-3.136570E-2	-9.679045E-2	2.682070E+3
8.555750E+3	1.999015E+1	2.003430E+1	1.000345E+1	4.414588E-2	2.000487E+1	6.705118E-2	-3.136570E-2	-9.679103E-2	2.682047E+3
8.676327E+3	1.999017E+1	2.003380E+1	1.000251E+1	4.363892E-2	2.000471E+1	6.705059E-2	-3.136545E-2	-9.679302E-2	2.682024E+3
8.796904E+3	1.999073E+1	2.003498E+1	1.000374E+1	4.425023E-2	2.000548E+1	6.705229E-2	-3.136570E-2	-9.680544E-2	2.682092E+3
8.917468E+3	1.999080E+1	2.003492E+1	1.000378E+1	4.411895E-2	2.000551E+1	6.705551E-2	-3.136545E-2	-9.680841E-2	2.682220E+3
9.038039E+3	1.999060E+1	2.003409E+1	1.000375E+1	4.349181E-2	2.000510E+1	6.705271E-2	-3.136570E-2	-9.680664E-2	2.682109E+3
9.158610E+3	1.999070E+1	2.003432E+1	1.000344E+1	4.362343E-2	2.000524E+1	6.705325E-2	-3.136545E-2	-9.681014E-2	2.682130E+3
9.279171E+3	1.999068E+1	2.003484E+1	1.000346E+1	4.415917E-2	2.000540E+1	6.705191E-2	-3.139275E-2	-9.640721E-2	2.682076E+3
9.399739E+3	1.999076E+1	2.003489E+1	1.000334E+1	4.413595E-2	2.000547E+1	6.705626E-2	-3.139250E-2	-9.641035E-2	2.682251E+3
9.520315E+3	1.999025E+1	2.003501E+1	1.000385E+1	4.475775E-2	2.000517E+1	6.705508E-2	-3.139250E-2	-9.640275E-2	2.682203E+3
9.640879E+3	1.999016E+1	2.003481E+1	1.000374E+1	4.464531E-2	2.000504E+1	6.704849E-2	-3.139275E-2	-9.640301E-2	2.681940E+3
9.761452E+3	1.999026E+1	2.003449E+1	1.000375E+1	4.423217E-2	2.000500E+1	6.705306E-2	-3.139250E-2	-9.640623E-2	2.682122E+3
9.882024E+3	1.999061E+1	2.003449E+1	1.000367E+1	4.387549E-2	2.000524E+1	6.705512E-2	-3.139275E-2	-9.641499E-2	2.682205E+3
1.000258E+4	1.999076E+1	2.003068E+1	1.000365E+1	3.992552E-2	2.000407E+1	6.705018E-2	-3.139250E-2	-9.641916E-2	2.682007E+3
1.012317E+4	1.999069E+1	2.003325E+1	1.000333E+1	4.255880E-2	2.000488E+1	6.705525E-2	-3.139250E-2	-9.641985E-2	2.682210E+3
1.024373E+4	1.999064E+1	2.003365E+1	1.000249E+1	4.301374E-2	2.000497E+1	6.704738E-2	-3.139250E-2	-9.642057E-2	2.681895E+3
1.036430E+4	1.999060E+1	2.003371E+1	1.000342E+1	4.310816E-2	2.000497E+1	6.704902E-2	-3.139250E-2	-9.642157E-2	2.681961E+3
1.048487E+4	1.999078E+1	2.003103E+1	1.000243E+1	4.025232E-2	2.000420E+1	6.704878E-2	-3.139250E-2	-9.642710E-2	2.681951E+3
1.060542E+4	1.999075E+1	2.003397E+1	1.000333E+1	4.321646E-2	2.000516E+1	6.704748E-2	-3.139250E-2	-9.642807E-2	2.681899E+3
1.072599E+4	1.999074E+1	2.003167E+1	1.000342E+1	4.093180E-2	2.000438E+1	6.705199E-2	-3.139250E-2	-9.602567E-2	2.682080E+3
1.084656E+4	1.999069E+1	2.003402E+1	1.000344E+1	4.333376E-2	2.000513E+1	6.705333E-2	-3.139250E-2	-9.602649E-2	2.682133E+3
1.096712E+4	1.999059E+1	2.003365E+1	1.000340E+1	4.305761E-2	2.000495E+1	6.705274E-2	-3.139250E-2	-9.602669E-2	2.682110E+3
1.108769E+4	1.999073E+1	2.003328E+1	1.000329E+1	4.254304E-2	2.000491E+1	6.704596E-2	-3.139250E-2	-9.603096E-2	2.681838E+3
1.120823E+4	1.999069E+1	2.003451E+1	1.000337E+1	4.381524E-2	2.000530E+1	6.705257E-2	-3.139250E-2	-9.603217E-2	2.682103E+3
1.132878E+4	1.999005E+1	2.003457E+1	1.000367E+1	4.451300E-2	2.000489E+1	6.704835E-2	-3.139250E-2	-9.602186E-2	2.681934E+3
1.144933E+4	1.999024E+1	2.003451E+1	1.000254E+1	4.426858E-2	2.000500E+1	6.705092E-2	-3.139250E-2	-9.602725E-2	2.682037E+3
1.156989E+4	1.999058E+1	2.003134E+1	1.000362E+1	4.075762E-2	2.000417E+1	6.705496E-2	-3.136643E-2	-9.603553E-2	2.682199E+3
1.169045E+4	1.998999E+1	2.003379E+1	1.000362E+1	4.379778E-2	2.000459E+1	6.705199E-2	-3.133962E-2	-9.602630E-2	2.682080E+3
1.181100E+4	1.999070E+1	2.003462E+1	1.000249E+1	4.392138E-2	2.000534E+1	6.705076E-2	-3.133987E-2	-9.604133E-2	2.682030E+3
1.193153E+4	1.999016E+1	2.003433E+1	1.000250E+1	4.417667E-2	2.000488E+1	6.705091E-2	-3.133962E-2	-9.603281E-2	2.682036E+3
1.205208E+4	1.999025E+1	2.003465E+1	1.000248E+1	4.440411E-2	2.000505E+1	6.705597E-2	-3.133987E-2	-9.603613E-2	2.682239E+3
1.217261E+4	1.999058E+1	2.003453E+1	1.000221E+1	4.395145E-2	2.000523E+1	6.704932E-2	-3.133987E-2	-9.604430E-2	2.681973E+3
1.229315E+4	1.999016E+1	2.003129E+1	1.000280E+1	4.112737E-2	2.000387E+1	6.705178E-2	-3.133962E-2	-9.603820E-2	2.682071E+3
1.241370E+4	1.999058E+1	2.003192E+1	1.000341E+1	4.134200E-2	2.000436E+1	6.705043E-2	-3.133987E-2	-9.604806E-2	2.682017E+3
1.253424E+4	1.999061E+1	2.003453E+1	1.000319E+1	4.392345E-2	2.000525E+1	6.705057E-2	-3.133987E-2	-9.605040E-2	2.682023E+3
1.265478E+4	1.999016E+1	2.003358E+1	1.000368E+1	4.341959E-2	2.000464E+1	6.704979E-2	-3.133962E-2	-9.604360E-2	2.681992E+3
1.277532E+4	1.999067E+1	2.003460E+1	1.000346E+1	4.392700E-2	2.000531E+1	6.704820E-2	-3.133962E-2	-9.605490E-2	2.681928E+3
1.289584E+4	1.999014E+1	2.003396E+1	1.000355E+1	4.381979E-2	2.000475E+1	6.705103E-2	-3.133987E-2	-9.516641E-2	2.682041E+3
1.301635E+4	2.004519E+1	2.003425E+1	1.000320E+1	-1.093730E-2	2.004154E+1	6.704938E-2	-3.133962E-2	-9.611561E-2	2.681975E+3
1.313684E+4	2.004516E+1	2.020585E+1	1.000329E+1	1.606913E-1	2.009872E+1	6.704409E-2	-3.133962E-2	-9.611702E-2	2.681764E+3
1.325735E+4	2.004527E+1	2.020369E+1	1.000356E+1	1.584175E-1	2.009807E+1	6.704589E-2	-3.124653E-2	-9.612106E-2	2.681836E+3
1.337789E+4	2.004537E+1	2.003261E+1	1.000329E+1	-1.275668E-2	2.004111E+1	6.704740E-2	-3.124653E-2	-9.612437E-2	2.681896E+3
1.349841E+4	1.999006E+1	2.003442E+1	1.000325E+1	4.436022E-2	2.000484E+1	6.705772E-2	-3.138129E-2	-9.517388E-2	2.682309E+3
1.361890E+4	2.004517E+1	2.003447E+1	1.000328E+1	-1.069764E-2	2.004160E+1	6.704848E-2	-3.138129E-2	-9.612430E-2	2.681939E+3
1.373942E+4	2.004536E+1	2.003208E+1	1.000319E+1	-1.328288E-2	2.004094E+1	6.705252E-2	-3.138129E-2	-9.613019E-2	2.682101E+3
1.385994E+4	2.004530E+1	2.003361E+1	1.000326E+1	-1.168926E-2	2.004140E+1	6.704977E-2	-3.138129E-2	-9.613034E-2	2.681991E+3
1.398046E+4	1.999056E+1	2.003386E+1	1.000256E+1	4.330742E-2	2.000499E+1	6.704824E-2	-3.138129E-2	-9.519040E-2	2.681930E+3
1.410100E+4	1.999031E+1	2.003248E+1	1.000265E+1	4.217488E-2	2.000437E+1	6.705397E-2	-3.138105E-2	-9.518750E-2	2.682159E+3
1.422155E+4	1.999008E+1	2.003266E+1	1.000308E+1	4.257898E-2	2.000427E+1	6.705040E-2	-3.138129E-2	-9.518524E-2	2.682016E+3
1.434208E+4	1.999047E+1	2.003341E+1	1.000314E+1	4.294369E-2	2.000478E+1	6.705185E-2	-3.138105E-2	-9.519383E-2	2.682074E+3
1.446262E+4	1.999058E+1	2.003249E+1	1.000294E+1	4.190921E-2	2.000455E+1	6.705063E-2	-3.138105E-2	-9.519817E-2	2.682025E+3
1.458318E+4	1.999052E+1	2.003370E+1	1.000197E+1	4.317103E-2	2.000491E+1	6.705183E-2	-3.138105E-2	-9.519882E-2	2.682073E+3
1.470372E+4	1.999037E+1	2.003309E+1	1.000215E+1	4.272578E-2	2.000461E+1	6.705503E-2	-3.138105E-2	-9.519740E-2	2.682201E+3
1.482426E+4	1.999040E+1	2.003396E+1	1.000288E+1	4.356100E-2	2.000492E+1	6.704993E-2	-3.138105E-2	-9.519991E-2	2.681997E+3
1.494479E+4	1.998987E+1	2.003373E+1	1.000319E+1	4.385724E-2	2.000449E+1	6.705326E-2	-3.138105E-2	-9.519192E-2	2.682131E+3
1.506533E+4	1.999062E+1	2.003346E+1	1.000329E+1	4.284295E-2	2.000490E+1	6.704964E-2	-3.138105E-2	-9.520765E-2	2.681986E+3
1.518589E+4	1.999053E+1	2.003422E+1	1.000328E+1	4.368708E-2	2.000509E+1	6.705320E-2	-3.138105E-2	-9.520770E-2	2.682128E+3
1.530645E+4	1.999054E+1	2.003284E+1	1.000213E+1	4.229834E-2	2.000464E+1	6.705208E-2	-3.138105E-2	-9.520979E-2	2.682083E+3
1.542699E+4	1.999002E+1	2.003422E+1	1.000314E+1	4.420336E-2	2.000475E+1	6.705248E-2	-3.138105E-2	-9.520169E-2	2.682099E+3
1.554755E+4	1.999002E+1	2.003345E+1	1.000336E+1	4.342581E-2	2.000450E+1	6.705165E-2	-3.138105E-2	-9.520368E-2	2.682066E+3
1.566810E+4	1.999047E+1	2.003309E+1	1.000263E+1	4.261768E-2	2.000468E+1	6.705729E-2	-3.138105E-2	-9.521375E-2	2.682292E+3
1.578865E+4	1.999047E+1	2.003177E+1	1.000229E+1	4.130429E-2	2.000424E+1	6.705027E-2	-3.138129E-2	-9.521556E-2	2.682011E+3
1.590919E+4	1.999011E+1	2.003293E+1	1.000300E+1	4.281957E-2	2.000438E+1	6.705560E-2	-3.138105E-2	-9.521062E-2	2.682224E+3
1.602975E+4	1.998990E+1	2.003324E+1	1.000324E+1	4.334013E-2	2.000435E+1	6.705240E-2	-3.138105E-2	-9.520857E-2	2.682096E+3
1.615030E+4	1.999003E+1	2.003370E+1	1.000270E+1	4.366824E-2	2.000458E+1	6.705085E-2	-3.138105E-2	-9.521283E-2	2.682034E+3
1.627084E+4	1.999046E+1	2.003229E+1	1.000231E+1	4.182987E-2	2.000440E+1	6.704985E-2	-3.138105E-2	-9.522248E-2	2.681994E+3
1.639139E+4	1.999050E+1	2.003157E+1	1.000330E+1	4.107556E-2	2.000419E+1	6.705057E-2	-3.138129E-2	-9.522486E-2	2.682023E+3
1.651194E+4	1.998996E+1	2.003353E+1	1.000324E+1	4.357449E-2	2.000448E+1	6.704651E-2	-3.138105E-2	-9.521686E-2	2.681860E+3
1.663249E+4	1.998994E+1	2.003350E+1	1.000281E+1	4.355586E-2	2.000446E+1	6.705353E-2	-3.138105E-2	-9.521836E-2	2.682141E+3
1.675307E+4	1.999051E+1	2.003200E+1	1.000317E+1	4.149000E-2	2.000434E+1	6.704968E-2	-3.138129E-2	-9.523078E-2	2.681987E+3
1.687362E+4	1.998996E+1	2.003413E+1	1.000313E+1	4.417042E-2	2.000469E+1	6.705435E-2	-3.138105E-2	-9.522233E-2	2.682174E+3
1.699418E+4	1.999013E+1	2.003456E+1	1.000255E+1	4.443350E-2	2.000494E+1	6.705471E-2	-3.138129E-2	-9.522733E-2	2.682189E+3
1.711473E+4	2.004523E+1	2.003226E+1	1.000339E+1	-1.297674E-2	2.004091E+1	6.704692E-2	-3.138105E-2	-9.529942E-2	2.681877E+3
1.723526E+4	2.004534E+1	2.003445E+1	1.000318E+1	-1.088977E-2	2.004171E+1	6.705015E-2	-3.138105E-2	-9.530329E-2	2.682006E+3
1.735578E+4	2.004533E+1	2.003393E+1	1.000261E+1	-1.140705E-2	2.004153E+1	6.704896E-2	-3.138105E-2	-9.530496E-2	2.681959E+3
1.747630E+4	2.004532E+1	2.003450E+1	1.000239E+1	-1.081443E-2	2.004171E+1	6.705514E-2	-3.138105E-2	-9.530634E-2	2.682206E+3
1.759684E+4	2.004525E+1	2.003387E+1	1.000234E+1	-1.138260E-2	2.004146E+1	6.705151E-2	-3.138105E-2	-9.530681E-2	2.682060E+3
1.771738E+4	1.998995E+1	2.003352E+1	1.000276E+1	4.357571E-2	2.000447E+1	6.705447E-2	-3.138105E-2	-9.435673E-2	2.682179E+3
1.783792E+4	1.999054E+1	2.003384E+1	1.000326E+1	4.329581E-2	2.000498E+1	6.704884E-2	-3.138129E-2	-9.436916E-2	2.681954E+3
1.795850E+4	1.999009E+1	2.003391E+1	1.000216E+1	4.381625E-2	2.000469E+1	6.705616E-2	-3.138105E-2	-9.436250E-2	2.682247E+3
1.807905E+4	2.004506E+1	2.003396E+1	1.000318E+1	-1.110108E-2	2.004136E+1	6.705607E-2	-3.138105E-2	-9.531078E-2	2.682243E+3
1.819960E+4	2.004519E+1	2.003356E+1	1.000339E+1	-1.163675E-2	2.004132E+1	6.705184E-2	-3.138105E-2	-9.531499E-2	2.682073E+3
1.832015E+4	1.999043E+1	2.003071E+1	1.000337E+1	4.027405E-2	2.000386E+1	6.704717E-2	-3.138105E-2	-9.437419E-2	2.681887E+3
1.844068E+4	1.998998E+1	2.003192E+1	1.000285E+1	4.193839E-2	2.000396E+1	6.704772E-2	-3.138105E-2	-9.436788E-2	2.681909E+3
1.856123E+4	1.999045E+1	2.003342E+1	1.000242E+1	4.297176E-2	2.000477E+1	6.705472E-2	-3.138105E-2	-9.437834E-2	2.682189E+3
1.868180E+4	1.999049E+1	2.003362E+1	1.000367E+1	4.312739E-2	2.000487E+1	6.705320E-2	-3.138105E-2	-9.438064E-2	2.682128E+3
1.880234E+4	1.999046E+1	2.003423E+1	1.000365E+1	4.376658E-2	2.000505E+1	6.704751E-2	-3.138105E-2	-9.438224E-2	2.681900E+3
1.892289E+4	1.999007E+1	2.003201E+1	1.000239E+1	4.194334E-2	2.000405E+1	6.705254E-2	-3.138105E-2	-9.437649E-2	2.682102E+3
1.904343E+4	1.999035E+1	2.003103E+1	1.000220E+1	4.068978E-2	2.000391E+1	6.705235E-2	-3.138105E-2	-9.438330E-2	2.682094E+3
1.916397E+4	1.999040E+1	2.003238E+1	1.000315E+1	4.197978E-2	2.000440E+1	6.705261E-2	-3.138105E-2	-9.438630E-2	2.682105E+3
1.928452E+4	1.999051E+1	2.003411E+1	1.000374E+1	4.359934E-2	2.000504E+1	6.705292E-2	-3.138105E-2	-9.438997E-2	2.682117E+3
1.940507E+4	1.999001E+1	2.003359E+1	1.000331E+1	4.357926E-2	2.000454E+1	6.705497E-2	-3.138105E-2	-9.438251E-2	2.682199E+3
1.952563E+4	1.998998E+1	2.003187E+1	1.000248E+1	4.188913E-2	2.000394E+1	6.705083E-2	-3.138105E-2	-9.438410E-2	2.682033E+3
1.964618E+4	1.999072E+1	2.003330E+1	1.000377E+1	4.258006E-2	2.000492E+1	6.704929E-2	-3.138129E-2	-9.439952E-2	2.681972E+3
1.976672E+4	1.999056E+1	2.003417E+1	1.000370E+1	4.360479E-2	2.000510E+1	6.705749E-2	-3.138105E-2	-9.439827E-2	2.682300E+3
1.988725E+4	1.999049E+1	2.003394E+1	1.000331E+1	4.344455E-2	2.000498E+1	6.705275E-2	-3.138129E-2	-9.439871E-2	2.682110E+3
2.000780E+4	1.999061E+1	2.003448E+1	1.000375E+1	4.387549E-2	2.000523E+1	6.705441E-2	-3.138129E-2	-9.440252E-2	2.682176E+3
2.012832E+4	1.999005E+1	2.003342E+1	1.000333E+1	4.337039E-2	2.000451E+1	6.705110E-2	-3.138129E-2	-9.439445E-2	2.682044E+3
2.024887E+4	1.999061E+1	2.003451E+1	1.000384E+1	4.390298E-2	2.000524E+1	6.704836E-2	-3.138105E-2	-9.440642E-2	2.681934E+3
2.036943E+4	1.999071E+1	2.003261E+1	1.000341E+1	4.189778E-2	2.000468E+1	6.705315E-2	-3.138105E-2	-9.440982E-2	2.682126E+3
2.049000E+4	1.999057E+1	2.003439E+1	1.000340E+1	4.382477E-2	2.000518E+1	6.705309E-2	-3.138105E-2	-9.440913E-2	2.682124E+3
2.061056E+4	1.999067E+1	2.003439E+1	1.000263E+1	4.372559E-2	2.000524E+1	6.704967E-2	-3.138105E-2	-9.441267E-2	2.681987E+3
2.073112E+4	1.999075E+1	2.003203E+1	1.000341E+1	4.128731E-2	2.000451E+1	6.704558E-2	-3.138105E-2	-9.441578E-2	2.681823E+3
2.085167E+4	1.999080E+1	2.003450E+1	1.000369E+1	4.370843E-2	2.000536E+1	6.705402E-2	-3.138105E-2	-9.441888E-2	2.682161E+3
2.097223E+4	1.999070E+1	2.003453E+1	1.000369E+1	4.383571E-2	2.000531E+1	6.705446E-2	-3.138105E-2	-9.441880E-2	2.682178E+3
2.109280E+4	1.999066E+1	2.003355E+1	1.000375E+1	4.289238E-2	2.000496E+1	6.704802E-2	-3.138105E-2	-9.441959E-2	2.681921E+3
2.121339E+4	1.999014E+1	2.003212E+1	1.000327E+1	4.197829E-2	2.000413E+1	6.705439E-2	-3.138105E-2	-9.441188E-2	2.682176E+3
2.133395E+4	1.999016E+1	2.003407E+1	1.000220E+1	4.391701E-2	2.000480E+1	6.704921E-2	-3.138105E-2	-9.441393E-2	2.681969E+3
2.145454E+4	1.999056E+1	2.003203E+1	1.000346E+1	4.147362E-2	2.000439E+1	6.704948E-2	-3.138105E-2	-9.442333E-2	2.681979E+3
2.157510E+4	1.999069E+1	2.003407E+1	1.000251E+1	4.338234E-2	2.000515E+1	6.705589E-2	-3.138105E-2	-9.442739E-2	2.682236E+3
2.169568E+4	1.999043E+1	2.003158E+1	1.000369E+1	4.114872E-2	2.000415E+1	6.705495E-2	-3.138105E-2	-9.442456E-2	2.682198E+3
2.181625E+4	1.999056E+1	2.003402E+1	1.000318E+1	4.346026E-2	2.000504E+1	6.705065E-2	-3.140786E-2	-9.442887E-2	2.682026E+3
2.193679E+4	1.999050E+1	2.003419E+1	1.000363E+1	4.368630E-2	2.000507E+1	6.705324E-2	-3.140786E-2	-9.442935E-2	2.682129E+3
2.205734E+4	1.999010E+1	2.003451E+1	1.000366E+1	4.441095E-2	2.000490E+1	6.705172E-2	-3.140786E-2	-9.442353E-2	2.682069E+3
2.217792E+4	1.999061E+1	2.003474E+1	1.000376E+1	4.413317E-2	2.000532E+1	6.704995E-2	-3.140761E-2	-9.443493E-2	2.681998E+3
2.229847E+4	1.999015E+1	2.003483E+1	1.000366E+1	4.467470E-2	2.000504E+1	6.705000E-2	-3.140786E-2	-9.442845E-2	2.682000E+3
2.241903E+4	1.999016E+1	2.003200E+1	1.000247E+1	4.183646E-2	2.000411E+1	6.704732E-2	-3.140761E-2	-9.443040E-2	2.681893E+3
2.253958E+4	1.999058E+1	2.003448E+1	1.000340E+1	4.389388E-2	2.000521E+1	6.705199E-2	-3.140786E-2	-9.443984E-2	2.682080E+3
2.266015E+4	1.999017E+1	2.003399E+1	1.000347E+1	4.381227E-2	2.000478E+1	6.705463E-2	-3.140786E-2	-9.443399E-2	2.682185E+3
2.278071E+4	2.004518E+1	2.003146E+1	1.000308E+1	-1.372006E-2	2.004060E+1	6.705810E-2	-3.140761E-2	-9.451340E-2	2.682324E+3
2.290123E+4	2.004535E+1	2.003220E+1	1.000245E+1	-1.314234E-2	2.004096E+1	6.704596E-2	-3.140786E-2	-9.451854E-2	2.681838E+3
2.302176E+4	1.999076E+1	2.003189E+1	1.000216E+1	4.112501E-2	2.000447E+1	6.705209E-2	-3.140786E-2	-9.358121E-2	2.682083E+3
2.314232E+4	1.999061E+1	2.003437E+1	1.000303E+1	4.375975E-2	2.000519E+1	6.705168E-2	-3.140761E-2	-9.358028E-2	2.682067E+3
2.326289E+4	1.999043E+1	2.003356E+1	1.000286E+1	4.313338E-2	2.000480E+1	6.705336E-2	-3.140786E-2	-9.357868E-2	2.682135E+3
2.338346E+4	1.999010E+1	2.003330E+1	1.000329E+1	4.319484E-2	2.000450E+1	6.705173E-2	-3.140761E-2	-9.357441E-2	2.682069E+3
2.350402E+4	1.999059E+1	2.003378E+1	1.000332E+1	4.319314E-2	2.000499E+1	6.705393E-2	-3.140761E-2	-9.358536E-2	2.682157E+3
2.362459E+4	1.999015E+1	2.003119E+1	1.000329E+1	4.104797E-2	2.000383E+1	6.704694E-2	-3.140786E-2	-9.357887E-2	2.681877E+3
2.374517E+4	1.999067E+1	2.003488E+1	1.000239E+1	4.420645E-2	2.000541E+1	6.705428E-2	-3.140761E-2	-9.359031E-2	2.682171E+3
2.386577E+4	1.999065E+1	2.003457E+1	1.000209E+1	4.391600E-2	2.000529E+1	6.705756E-2	-3.143442E-2	-9.359205E-2	2.682302E+3
2.398632E+4	1.999067E+1	2.003329E+1	1.000306E+1	4.262325E-2	2.000488E+1	6.704812E-2	-3.143466E-2	-9.359386E-2	2.681925E+3
2.410689E+4	1.999058E+1	2.003465E+1	1.000319E+1	4.406651E-2	2.000527E+1	6.704957E-2	-3.143466E-2	-9.359416E-2	2.681983E+3
2.422745E+4	1.999059E+1	2.003488E+1	1.000197E+1	4.428588E-2	2.000535E+1	6.705156E-2	-3.143442E-2	-9.359604E-2	2.682062E+3
2.434799E+4	1.999074E+1	2.003387E+1	1.000324E+1	4.312813E-2	2.000512E+1	6.704754E-2	-3.143466E-2	-9.360053E-2	2.681902E+3
2.446855E+4	1.999021E+1	2.003145E+1	1.000332E+1	4.124591E-2	2.000396E+1	6.705469E-2	-3.143442E-2	-9.359243E-2	2.682187E+3
2.458910E+4	1.999010E+1	2.003453E+1	1.000233E+1	4.443142E-2	2.000491E+1	6.704506E-2	-3.143466E-2	-9.359241E-2	2.681802E+3
2.470964E+4	1.999052E+1	2.003485E+1	1.000191E+1	4.432834E-2	2.000529E+1	6.705255E-2	-3.143466E-2	-9.360177E-2	2.682102E+3
2.483019E+4	1.999055E+1	2.003413E+1	1.000302E+1	4.357342E-2	2.000508E+1	6.705731E-2	-3.143466E-2	-9.360418E-2	2.682292E+3
2.495071E+4	1.999072E+1	2.003465E+1	1.000311E+1	4.392346E-2	2.000536E+1	6.705178E-2	-3.143442E-2	-9.360923E-2	2.682071E+3
2.507124E+4	1.999057E+1	2.003350E+1	1.000305E+1	4.292384E-2	2.000488E+1	6.704918E-2	-3.143466E-2	-9.360843E-2	2.681967E+3
2.519178E+4	1.999000E+1	2.003419E+1	1.000311E+1	4.418473E-2	2.000473E+1	6.705494E-2	-3.137739E-2	-9.359963E-2	2.682198E+3
2.531233E+4	1.999052E+1	2.003375E+1	1.000284E+1	4.323623E-2	2.000493E+1	6.704841E-2	-3.137739E-2	-9.361079E-2	2.681937E+3
2.543287E+4	1.999052E+1	2.003470E+1	1.000323E+1	4.417742E-2	2.000525E+1	6.705363E-2	-3.135132E-2	-9.361260E-2	2.682145E+3
2.555339E+4	1.999056E+1	2.003403E+1	1.000288E+1	4.347181E-2	2.000505E+1	6.704808E-2	-3.135132E-2	-9.361529E-2	2.681923E+3
2.567393E+4	1.999061E+1	2.003429E+1	1.000312E+1	4.368494E-2	2.000517E+1	6.704846E-2	-3.132476E-2	-9.361808E-2	2.681938E+3
2.579448E+4	1.999007E+1	2.003214E+1	1.000296E+1	4.206933E-2	2.000409E+1	6.705307E-2	-3.129820E-2	-9.360960E-2	2.682123E+3
2.591505E+4	1.998997E+1	2.003326E+1	1.000279E+1	4.328935E-2	2.000440E+1	6.705202E-2	-3.129820E-2	-9.360972E-2	2.682081E+3
2.603562E+4	1.998996E+1	2.003303E+1	1.000297E+1	4.306747E-2	2.000432E+1	6.705052E-2	-3.132525E-2	-9.361157E-2	2.682021E+3
2.615619E+4	1.999032E+1	2.003352E+1	1.000312E+1	4.320187E-2	2.000472E+1	6.705155E-2	-3.132525E-2	-9.361963E-2	2.682062E+3
2.627678E+4	1.999040E+1	2.003258E+1	1.000311E+1	4.217288E-2	2.000446E+1	6.704803E-2	-3.132525E-2	-9.362310E-2	2.681921E+3
2.639735E+4	1.999039E+1	2.003315E+1	1.000306E+1	4.275658E-2	2.000465E+1	6.705006E-2	-3.135278E-2	-9.362463E-2	2.682002E+3
2.651794E+4	1.998989E+1	2.003336E+1	1.000311E+1	4.346603E-2	2.000438E+1	6.705202E-2	-3.135254E-2	-9.361726E-2	2.682081E+3
2.663851E+4	1.999040E+1	2.003201E+1	1.000191E+1	4.160506E-2	2.000427E+1	6.705419E-2	-3.144733E-2	-9.362863E-2	2.682168E+3
2.675905E+4	1.998994E+1	2.003091E+1	1.000232E+1	4.097390E-2	2.000359E+1	6.705284E-2	-3.144733E-2	-9.274329E-2	2.682114E+3
2.687955E+4	2.004500E+1	2.003327E+1	1.000328E+1	-1.172996E-2	2.004109E+1	6.705640E-2	-3.144733E-2	-9.369277E-2	2.682256E+3
2.700005E+4	1.998989E+1	2.003077E+1	1.000333E+1	4.087583E-2	2.000352E+1	6.705468E-2	-3.144733E-2	-9.274586E-2	2.682187E+3
2.712057E+4	2.004517E+1	2.003146E+1	1.000295E+1	-1.370984E-2	2.004060E+1	6.704864E-2	-3.144733E-2	-9.369958E-2	2.681946E+3
2.724109E+4	2.004516E+1	2.003367E+1	1.000219E+1	-1.148796E-2	2.004133E+1	6.705125E-2	-3.132671E-2	-9.370114E-2	2.682050E+3
2.736161E+4	2.004503E+1	2.003310E+1	1.000334E+1	-1.192990E-2	2.004105E+1	6.705586E-2	-3.132646E-2	-9.370031E-2	2.682235E+3
2.748213E+4	2.004497E+1	2.003350E+1	1.000326E+1	-1.146352E-2	2.004115E+1	6.705049E-2	-3.132646E-2	-9.370085E-2	2.682020E+3
2.760267E+4	1.999050E+1	2.003384E+1	1.000337E+1	4.334860E-2	2.000495E+1	6.705046E-2	-3.132646E-2	-9.276626E-2	2.682018E+3
2.772324E+4	1.999058E+1	2.003436E+1	1.000361E+1	4.378774E-2	2.000517E+1	6.704988E-2	-3.132646E-2	-9.276920E-2	2.681995E+3
2.784381E+4	1.999003E+1	2.003321E+1	1.000246E+1	4.318737E-2	2.000442E+1	6.705542E-2	-3.132671E-2	-9.276078E-2	2.682217E+3
2.796439E+4	1.999038E+1	2.003151E+1	1.000322E+1	4.113434E-2	2.000409E+1	6.705598E-2	-3.132646E-2	-9.276923E-2	2.682239E+3
2.808496E+4	2.004521E+1	2.003399E+1	1.000224E+1	-1.122428E-2	2.004147E+1	6.705295E-2	-3.132671E-2	-9.371454E-2	2.682118E+3
2.820552E+4	1.999061E+1	2.003163E+1	1.000320E+1	4.101800E-2	2.000428E+1	6.704838E-2	-3.132646E-2	-9.277686E-2	2.681935E+3
2.832609E+4	1.999044E+1	2.003368E+1	1.000238E+1	4.323898E-2	2.000485E+1	6.705011E-2	-3.132646E-2	-9.277565E-2	2.682004E+3
2.844667E+4	1.999042E+1	2.003094E+1	1.000336E+1	4.051372E-2	2.000393E+1	6.704888E-2	-3.147975E-2	-9.277711E-2	2.681955E+3
2.856721E+4	1.999042E+1	2.003025E+1	1.000319E+1	3.982381E-2	2.000370E+1	6.705152E-2	-3.147975E-2	-9.277878E-2	2.682061E+3
2.868774E+4	1.999039E+1	2.003109E+1	1.000341E+1	4.069517E-2	2.000396E+1	6.704957E-2	-3.147999E-2	-9.278017E-2	2.681983E+3
2.880826E+4	1.999046E+1	2.003051E+1	1.000315E+1	4.005486E-2	2.000381E+1	6.705252E-2	-3.145318E-2	-9.278307E-2	2.682101E+3
2.892879E+4	1.999043E+1	2.003402E+1	1.000369E+1	4.359248E-2	2.000496E+1	6.705426E-2	-3.142686E-2	-9.278425E-2	2.682170E+3
2.904935E+4	1.999052E+1	2.003351E+1	1.000250E+1	4.298686E-2	2.000485E+1	6.704815E-2	-3.133987E-2	-9.278795E-2	2.681926E+3
2.916992E+4	1.999045E+1	2.003391E+1	1.000375E+1	4.346025E-2	2.000493E+1	6.704983E-2	-3.133987E-2	-9.278829E-2	2.681993E+3
2.929048E+4	1.999045E+1	2.003074E+1	1.000367E+1	4.029521E-2	2.000388E+1	6.705424E-2	-3.133987E-2	-9.279048E-2	2.682170E+3
2.941102E+4	1.999045E+1	2.003135E+1	1.000233E+1	4.089945E-2	2.000408E+1	6.705123E-2	-3.133987E-2	-9.279219E-2	2.682049E+3
2.953157E+4	1.998995E+1	2.003376E+1	1.000328E+1	4.380530E-2	2.000456E+1	6.705176E-2	-3.133987E-2	-9.278455E-2	2.682070E+3
2.965212E+4	1.999054E+1	2.003388E+1	1.000367E+1	4.333358E-2	2.000499E+1	6.705274E-2	-3.134011E-2	-9.279736E-2	2.682110E+3
2.977266E+4	1.999049E+1	2.003272E+1	1.000368E+1	4.223730E-2	2.000457E+1	6.705343E-2	-3.134011E-2	-9.279825E-2	2.682137E+3
2.989320E+4	1.998984E+1	2.003405E+1	1.000332E+1	4.420805E-2	2.000457E+1	6.705374E-2	-3.133987E-2	-9.278801E-2	2.682150E+3
3.001374E+4	1.999046E+1	2.003322E+1	1.000343E+1	4.275188E-2	2.000471E+1	6.705675E-2	-3.133987E-2	-9.280124E-2	2.682270E+3
3.013431E+4	1.999055E+1	2.003308E+1	1.000384E+1	4.252793E-2	2.000472E+1	6.705231E-2	-3.133987E-2	-9.280449E-2	2.682092E+3
3.025488E+4	1.999008E+1	2.003264E+1	1.000250E+1	4.255851E-2	2.000427E+1	6.705505E-2	-3.133987E-2	-9.279766E-2	2.682202E+3
3.037544E+4	1.999008E+1	2.003157E+1	1.000380E+1	4.149327E-2	2.000391E+1	6.704902E-2	-3.133987E-2	-9.279975E-2	2.681961E+3
3.049599E+4	1.999051E+1	2.003328E+1	1.000374E+1	4.276429E-2	2.000477E+1	6.705380E-2	-3.134011E-2	-9.280919E-2	2.682152E+3
3.061654E+4	1.999054E+1	2.003445E+1	1.000388E+1	4.391728E-2	2.000518E+1	6.705571E-2	-3.133987E-2	-9.281163E-2	2.682228E+3
3.073710E+4	1.999044E+1	2.003224E+1	1.000346E+1	4.179969E-2	2.000437E+1	6.704776E-2	-3.133987E-2	-9.281151E-2	2.681910E+3
3.085767E+4	1.999054E+1	2.003425E+1	1.000398E+1	4.370824E-2	2.000511E+1	6.705299E-2	-3.134011E-2	-9.281535E-2	2.682119E+3
3.097826E+4	1.999015E+1	2.003181E+1	1.000382E+1	4.166243E-2	2.000403E+1	6.705536E-2	-3.133987E-2	-9.280954E-2	2.682214E+3
3.109883E+4	1.999019E+1	2.003443E+1	1.000256E+1	4.423631E-2	2.000494E+1	6.704961E-2	-3.134011E-2	-9.281258E-2	2.681985E+3
3.121942E+4	1.999056E+1	2.003402E+1	1.000295E+1	4.346789E-2	2.000505E+1	6.705393E-2	-3.133987E-2	-9.282075E-2	2.682157E+3
3.133997E+4	1.999067E+1	2.003425E+1	1.000359E+1	4.358297E-2	2.000520E+1	6.705170E-2	-3.133987E-2	-9.282478E-2	2.682068E+3
3.146053E+4	1.999061E+1	2.003204E+1	1.000393E+1	4.142914E-2	2.000442E+1	6.704926E-2	-3.133987E-2	-9.282532E-2	2.681970E+3
3.158109E+4	1.999075E+1	2.003431E+1	1.000266E+1	4.355981E-2	2.000527E+1	6.705509E-2	-3.147438E-2	-9.282987E-2	2.682203E+3
3.170164E+4	1.999021E+1	2.003388E+1	1.000377E+1	4.367118E-2	2.000476E+1	6.705221E-2	-3.147438E-2	-9.282184E-2	2.682088E+3
3.182217E+4	1.999073E+1	2.003459E+1	1.000291E+1	4.386658E-2	2.000535E+1	6.704890E-2	-3.147438E-2	-9.283318E-2	2.681956E+3
3.194269E+4	1.999050E+1	2.003454E+1	1.000286E+1	4.404811E-2	2.000518E+1	6.704633E-2	-3.139104E-2	-9.242509E-2	2.681853E+3
3.206321E+4	1.999005E+1	2.003163E+1	1.000377E+1	4.157753E-2	2.000391E+1	6.705211E-2	-3.139129E-2	-9.241861E-2	2.682084E+3
3.218374E+4	1.999059E+1	2.003169E+1	1.000389E+1	4.110227E-2	2.000429E+1	6.705191E-2	-3.139129E-2	-9.243023E-2	2.682076E+3
3.230429E+4	1.999059E+1	2.003333E+1	1.000266E+1	4.274236E-2	2.000484E+1	6.705343E-2	-3.139129E-2	-9.243218E-2	2.682137E+3
3.242485E+4	1.999016E+1	2.003382E+1	1.000389E+1	4.365878E-2	2.000471E+1	6.705275E-2	-3.139104E-2	-9.242601E-2	2.682110E+3
3.254542E+4	1.999059E+1	2.003400E+1	1.000270E+1	4.340416E-2	2.000506E+1	6.705174E-2	-3.139129E-2	-9.243566E-2	2.682069E+3
3.266600E+4	1.999082E+1	2.003439E+1	1.000397E+1	4.357490E-2	2.000534E+1	6.705399E-2	-3.139129E-2	-9.244179E-2	2.682160E+3
3.278656E+4	1.999066E+1	2.003170E+1	1.000287E+1	4.104001E-2	2.000434E+1	6.705025E-2	-3.139104E-2	-9.244051E-2	2.682010E+3
3.290709E+4	1.999021E+1	2.003399E+1	1.000248E+1	4.377732E-2	2.000481E+1	6.705233E-2	-3.139104E-2	-9.243402E-2	2.682093E+3
3.302763E+4	1.999066E+1	2.003423E+1	1.000333E+1	4.356249E-2	2.000518E+1	6.705204E-2	-3.139129E-2	-9.244427E-2	2.682081E+3
3.314819E+4	1.999064E+1	2.003422E+1	1.000377E+1	4.358089E-2	2.000517E+1	6.704845E-2	-3.139104E-2	-9.244552E-2	2.681938E+3
3.326872E+4	1.999015E+1	2.003402E+1	1.000376E+1	4.386775E-2	2.000477E+1	6.705278E-2	-3.139129E-2	-9.243847E-2	2.682111E+3
3.338927E+4	1.999060E+1	2.003434E+1	1.000339E+1	4.374050E-2	2.000518E+1	6.705361E-2	-3.139129E-2	-9.244840E-2	2.682144E+3
3.350982E+4	1.999055E+1	2.003143E+1	1.000263E+1	4.087892E-2	2.000418E+1	6.705344E-2	-3.139129E-2	-9.244926E-2	2.682138E+3
3.363038E+4	1.999073E+1	2.003359E+1	1.000373E+1	4.285890E-2	2.000502E+1	6.705089E-2	-3.139104E-2	-9.245451E-2	2.682036E+3
3.375095E+4	1.999055E+1	2.003417E+1	1.000241E+1	4.362005E-2	2.000509E+1	6.704873E-2	-3.150387E-2	-9.245285E-2	2.681949E+3
3.387149E+4	1.999056E+1	2.003411E+1	1.000267E+1	4.354531E-2	2.000508E+1	6.704901E-2	-3.150387E-2	-9.245504E-2	2.681960E+3
3.399202E+4	1.999013E+1	2.003183E+1	1.000295E+1	4.170007E-2	2.000403E+1	6.705319E-2	-3.150387E-2	-9.244908E-2	2.682128E+3
3.411256E+4	1.999052E+1	2.003109E+1	1.000240E+1	4.056929E-2	2.000404E+1	6.705406E-2	-3.150411E-2	-9.245796E-2	2.682162E+3
3.423310E+4	1.999017E+1	2.003190E+1	1.000377E+1	4.172970E-2	2.000408E+1	6.705048E-2	-3.150387E-2	-9.245289E-2	2.682019E+3
3.435363E+4	1.999062E+1	2.003154E+1	1.000368E+1	4.092341E-2	2.000426E+1	6.705528E-2	-3.150387E-2	-9.246316E-2	2.682211E+3
3.447415E+4	1.999071E+1	2.003367E+1	1.000193E+1	4.296364E-2	2.000503E+1	6.704840E-2	-3.142053E-2	-9.246656E-2	2.681936E+3
3.459467E+4	1.999025E+1	2.003425E+1	1.000374E+1	4.400129E-2	2.000491E+1	6.705040E-2	-3.142053E-2	-9.245997E-2	2.682016E+3
3.471520E+4	2.004523E+1	2.003393E+1	1.000368E+1	-1.129962E-2	2.004147E+1	6.704757E-2	-3.142053E-2	-9.252935E-2	2.681903E+3
3.483569E+4	2.004530E+1	2.003192E+1	1.000374E+1	-1.337792E-2	2.004084E+1	6.705401E-2	-3.142053E-2	-9.253225E-2	2.682160E+3
3.495621E+4	2.004530E+1	2.003416E+1	1.000233E+1	-1.113932E-2	2.004159E+1	6.704805E-2	-3.136326E-2	-9.253406E-2	2.681922E+3
3.507672E+4	2.004529E+1	2.003351E+1	1.000337E+1	-1.178457E-2	2.004136E+1	6.705145E-2	-3.136326E-2	-9.253555E-2	2.682058E+3
3.519722E+4	2.004521E+1	2.003143E+1	1.000383E+1	-1.377548E-2	2.004062E+1	6.705005E-2	-3.136326E-2	-9.253619E-2	2.682002E+3
3.531773E+4	2.004511E+1	2.003420E+1	1.000253E+1	-1.090836E-2	2.004147E+1	6.704936E-2	-3.136326E-2	-9.253573E-2	2.681975E+3
3.543825E+4	2.004530E+1	2.003391E+1	1.000363E+1	-1.138937E-2	2.004150E+1	6.705247E-2	-3.136326E-2	-9.254113E-2	2.682099E+3
3.555877E+4	2.004529E+1	2.003414E+1	1.000340E+1	-1.115155E-2	2.004157E+1	6.705379E-2	-3.136326E-2	-9.254286E-2	2.682152E+3
3.567929E+4	1.999072E+1	2.003215E+1	1.000339E+1	4.142915E-2	2.000453E+1	6.705298E-2	-3.136326E-2	-9.160584E-2	2.682119E+3
3.579983E+4	1.999054E+1	2.003160E+1	1.000370E+1	4.105986E-2	2.000423E+1	6.705468E-2	-3.136326E-2	-9.160421E-2	2.682187E+3
3.592034E+4	1.999057E+1	2.003454E+1	1.000329E+1	4.396739E-2	2.000523E+1	6.705056E-2	-3.136350E-2	-9.160676E-2	2.682022E+3
3.604085E+4	2.004511E+1	2.003482E+1	1.000320E+1	-1.029005E-2	2.004168E+1	6.704545E-2	-3.136326E-2	-9.254656E-2	2.681818E+3
3.616137E+4	1.999002E+1	2.003356E+1	1.000249E+1	4.354094E-2	2.000453E+1	6.705170E-2	-3.136326E-2	-9.159991E-2	2.682068E+3
3.628189E+4	1.999058E+1	2.003184E+1	1.000358E+1	4.125634E-2	2.000433E+1	6.705376E-2	-3.136350E-2	-9.161250E-2	2.682150E+3
3.640244E+4	2.004505E+1	2.003353E+1	1.000237E+1	-1.151614E-2	2.004121E+1	6.705172E-2	-3.136326E-2	-9.255069E-2	2.682069E+3
3.652298E+4	1.999011E+1	2.003414E+1	1.000357E+1	4.402737E-2	2.000478E+1	6.704979E-2	-3.136326E-2	-9.160720E-2	2.681992E+3
3.664353E+4	2.004530E+1	2.003430E+1	1.000328E+1	-1.099677E-2	2.004164E+1	6.704797E-2	-3.136350E-2	-9.255941E-2	2.681919E+3
3.676405E+4	2.004515E+1	2.003414E+1	1.000341E+1	-1.100918E-2	2.004148E+1	6.704792E-2	-3.136326E-2	-9.255790E-2	2.681917E+3
3.688458E+4	2.004516E+1	2.003373E+1	1.000338E+1	-1.143169E-2	2.004135E+1	6.705542E-2	-3.136326E-2	-9.256018E-2	2.682217E+3
3.700512E+4	1.999016E+1	2.003454E+1	1.000362E+1	4.437808E-2	2.000495E+1	6.704792E-2	-3.136326E-2	-9.161542E-2	2.681917E+3
3.712564E+4	1.999052E+1	2.003367E+1	1.000355E+1	4.315056E-2	2.000491E+1	6.705265E-2	-3.136326E-2	-9.162360E-2	2.682106E+3
3.724619E+4	1.999003E+1	2.003428E+1	1.000342E+1	4.424369E-2	2.000478E+1	6.705163E-2	-3.136326E-2	-9.161676E-2	2.682065E+3
3.736673E+4	1.999050E+1	2.003425E+1	1.000336E+1	4.375143E-2	2.000508E+1	6.705125E-2	-3.136350E-2	-9.162676E-2	2.682050E+3
3.748725E+4	1.998996E+1	2.003370E+1	1.000327E+1	4.373881E-2	2.000454E+1	6.705258E-2	-3.136326E-2	-9.161880E-2	2.682103E+3
3.760776E+4	1.998996E+1	2.003209E+1	1.000243E+1	4.212819E-2	2.000401E+1	6.704956E-2	-3.136326E-2	-9.162085E-2	2.681982E+3
3.772831E+4	1.999000E+1	2.003148E+1	1.000335E+1	4.148771E-2	2.000383E+1	6.705680E-2	-3.136326E-2	-9.162291E-2	2.682272E+3
3.784887E+4	1.999002E+1	2.003393E+1	1.000355E+1	4.390736E-2	2.000466E+1	6.705257E-2	-3.136326E-2	-9.162539E-2	2.682103E+3
3.796944E+4	1.999007E+1	2.003158E+1	1.000333E+1	4.150219E-2	2.000391E+1	6.705204E-2	-3.136350E-2	-9.162825E-2	2.682081E+3
3.809001E+4	1.999017E+1	2.003387E+1	1.000338E+1	4.370674E-2	2.000474E+1	6.705236E-2	-3.138982E-2	-9.163144E-2	2.682094E+3
3.821057E+4	1.998996E+1	2.003206E+1	1.000336E+1	4.209940E-2	2.000400E+1	6.705310E-2	-3.138982E-2	-9.162963E-2	2.682124E+3
3.833111E+4	1.999045E+1	2.003103E+1	1.000337E+1	4.058229E-2	2.000397E+1	6.705488E-2	-3.138982E-2	-9.164022E-2	2.682195E+3
3.845166E+4	1.999053E+1	2.003370E+1	1.000318E+1	4.316981E-2	2.000492E+1	6.705225E-2	-3.138982E-2	-9.164351E-2	2.682090E+3
3.857222E+4	1.999049E+1	2.003445E+1	1.000233E+1	4.396244E-2	2.000514E+1	6.704515E-2	-3.138982E-2	-9.164444E-2	2.681806E+3
3.869278E+4	1.999062E+1	2.003195E+1	1.000326E+1	4.132562E-2	2.000440E+1	6.704825E-2	-3.151167E-2	-9.164885E-2	2.681930E+3
3.881332E+4	1.999014E+1	2.003192E+1	1.000342E+1	4.177817E-2	2.000407E+1	6.704952E-2	-3.151167E-2	-9.164167E-2	2.681981E+3
3.893384E+4	1.999053E+1	2.003071E+1	1.000334E+1	4.018632E-2	2.000392E+1	6.705113E-2	-3.151191E-2	-9.165051E-2	2.682045E+3
3.905436E+4	1.999039E+1	2.003419E+1	1.000249E+1	4.380197E-2	2.000499E+1	6.704939E-2	-3.145879E-2	-9.164989E-2	2.681975E+3
3.917488E+4	1.998988E+1	2.003368E+1	1.000236E+1	4.379974E-2	2.000448E+1	6.705282E-2	-3.140615E-2	-9.164214E-2	2.682113E+3
3.929541E+4	1.999051E+1	2.003342E+1	1.000211E+1	4.290752E-2	2.000481E+1	6.705251E-2	-3.140615E-2	-9.165576E-2	2.682100E+3
3.941596E+4	1.999001E+1	2.003325E+1	1.000260E+1	4.323462E-2	2.000442E+1	6.704810E-2	-3.140615E-2	-9.164857E-2	2.681924E+3
3.953650E+4	1.999049E+1	2.003348E+1	1.000366E+1	4.298416E-2	2.000482E+1	6.704992E-2	-3.140615E-2	-9.165914E-2	2.681997E+3
3.965706E+4	1.999054E+1	2.003143E+1	1.000382E+1	4.089609E-2	2.000417E+1	6.705320E-2	-3.140591E-2	-9.166165E-2	2.682128E+3
3.977760E+4	1.999053E+1	2.003149E+1	1.000338E+1	4.096319E-2	2.000418E+1	6.705581E-2	-3.140591E-2	-9.166318E-2	2.682232E+3
3.989814E+4	1.998993E+1	2.003314E+1	1.000253E+1	4.320920E-2	2.000433E+1	6.705148E-2	-3.140591E-2	-9.165382E-2	2.682059E+3
4.001869E+4	1.999047E+1	2.003402E+1	1.000367E+1	4.355692E-2	2.000498E+1	6.705595E-2	-3.140615E-2	-9.166568E-2	2.682238E+3
4.013925E+4	1.999052E+1	2.003388E+1	1.000387E+1	4.335967E-2	2.000498E+1	6.705139E-2	-3.140615E-2	-9.166844E-2	2.682056E+3
4.025981E+4	1.999058E+1	2.003408E+1	1.000275E+1	4.349998E-2	2.000508E+1	6.705203E-2	-3.140591E-2	-9.167120E-2	2.682081E+3
4.038039E+4	1.999018E+1	2.003469E+1	9.950086E+0	4.451369E-2	2.000501E+1	6.704681E-2	-3.141054E-2	-9.166570E-2	2.681872E+3
4.050097E+4	1.999055E+1	2.003359E+1	1.000363E+1	4.303696E-2	2.000490E+1	6.704947E-2	-3.152093E-2	-9.126962E-2	2.681979E+3
4.062153E+4	1.998999E+1	2.003322E+1	1.000333E+1	4.323254E-2	2.000440E+1	6.705255E-2	-3.152093E-2	-9.126110E-2	2.682102E+3
4.074207E+4	1.999021E+1	2.003169E+1	1.000297E+1	4.148504E-2	2.000404E+1	6.705432E-2	-3.152069E-2	-9.126713E-2	2.682173E+3
4.086261E+4	1.999066E+1	2.003152E+1	1.000263E+1	4.085784E-2	2.000428E+1	6.705063E-2	-3.152093E-2	-9.127723E-2	2.682025E+3
4.098314E+4	1.999006E+1	2.003141E+1	1.000267E+1	4.134802E-2	2.000384E+1	6.705452E-2	-3.152093E-2	-9.126801E-2	2.682181E+3
4.110368E+4	1.999059E+1	2.003144E+1	1.000254E+1	4.084207E-2	2.000421E+1	6.704882E-2	-3.152093E-2	-9.127934E-2	2.681953E+3
4.122422E+4	1.999006E+1	2.003210E+1	1.000262E+1	4.204815E-2	2.000407E+1	6.705268E-2	-3.152093E-2	-9.127114E-2	2.682107E+3
4.134476E+4	1.999069E+1	2.003158E+1	1.000382E+1	4.088864E-2	2.000432E+1	6.704560E-2	-3.152093E-2	-9.128479E-2	2.681824E+3
4.146529E+4	1.999050E+1	2.003193E+1	1.000344E+1	4.142913E-2	2.000431E+1	6.704694E-2	-3.152069E-2	-9.128295E-2	2.681878E+3
4.158584E+4	1.999013E+1	2.003394E+1	1.000388E+1	4.380886E-2	2.000473E+1	6.705202E-2	-3.152069E-2	-9.127787E-2	2.682081E+3
4.170636E+4	1.999067E+1	2.003210E+1	1.000380E+1	4.142438E-2	2.000448E+1	6.705008E-2	-3.152069E-2	-9.129012E-2	2.682003E+3
4.182689E+4	1.999054E+1	2.003170E+1	1.000390E+1	4.115636E-2	2.000426E+1	6.705293E-2	-3.152093E-2	-9.128936E-2	2.682117E+3
4.194740E+4	1.999000E+1	2.003437E+1	1.000276E+1	4.436628E-2	2.000479E+1	6.704737E-2	-3.152093E-2	-9.128116E-2	2.681895E+3
4.206793E+4	1.999054E+1	2.003333E+1	1.000316E+1	4.279515E-2	2.000480E+1	6.704766E-2	-3.152069E-2	-9.129270E-2	2.681906E+3
4.218849E+4	1.999049E+1	2.003150E+1	1.000379E+1	4.100774E-2	2.000416E+1	6.705499E-2	-3.152093E-2	-9.129360E-2	2.682200E+3
4.230904E+4	1.999004E+1	2.003377E+1	1.000377E+1	4.373350E-2	2.000462E+1	6.705254E-2	-3.152093E-2	-9.128719E-2	2.682101E+3
4.242958E+4	1.999046E+1	2.003297E+1	1.000395E+1	4.251014E-2	2.000463E+1	6.705557E-2	-3.152093E-2	-9.129659E-2	2.682223E+3
4.255013E+4	1.999056E+1	2.003329E+1	1.000277E+1	4.272941E-2	2.000480E+1	6.705406E-2	-3.152093E-2	-9.130016E-2	2.682162E+3
4.267069E+4	1.999049E+1	2.003179E+1	1.000401E+1	4.129421E-2	2.000426E+1	6.705255E-2	-3.152069E-2	-9.130067E-2	2.682102E+3
4.279124E+4	1.999050E+1	2.003398E+1	1.000386E+1	4.348165E-2	2.000499E+1	6.705442E-2	-3.152069E-2	-9.130272E-2	2.682177E+3
4.291183E+4	1.999043E+1	2.003323E+1	1.000399E+1	4.280475E-2	2.000470E+1	6.705259E-2	-3.152093E-2	-9.130309E-2	2.682104E+3
4.303239E+4	1.999042E+1	2.003254E+1	1.000402E+1	4.212308E-2	2.000446E+1	6.704962E-2	-3.152069E-2	-9.130459E-2	2.681985E+3
4.315295E+4	1.999063E+1	2.003366E+1	1.000290E+1	4.303159E-2	2.000498E+1	6.704909E-2	-3.152069E-2	-9.131054E-2	2.681964E+3
4.327350E+4	1.999062E+1	2.003393E+1	1.000400E+1	4.330964E-2	2.000505E+1	6.704999E-2	-3.152093E-2	-9.131197E-2	2.681999E+3
4.339405E+4	1.999050E+1	2.003156E+1	1.000410E+1	4.106469E-2	2.000419E+1	6.704896E-2	-3.152069E-2	-9.131174E-2	2.681958E+3
4.351461E+4	1.999013E+1	2.003307E+1	1.000299E+1	4.293409E-2	2.000444E+1	6.705673E-2	-3.152069E-2	-9.130666E-2	2.682269E+3
4.363517E+4	1.999011E+1	2.003333E+1	1.000413E+1	4.321153E-2	2.000452E+1	6.705322E-2	-3.152069E-2	-9.130805E-2	2.682129E+3
4.375570E+4	2.004524E+1	2.003404E+1	1.000436E+1	-1.119665E-2	2.004151E+1	6.705060E-2	-3.152069E-2	-9.137708E-2	2.682024E+3
4.387624E+4	1.999059E+1	2.003379E+1	1.000420E+1	4.320074E-2	2.000499E+1	6.705094E-2	-3.152069E-2	-9.043871E-2	2.682038E+3
4.399680E+4	1.999067E+1	2.003241E+1	1.000300E+1	4.173128E-2	2.000459E+1	6.705100E-2	-3.152093E-2	-9.044207E-2	2.682040E+3
4.411735E+4	1.999013E+1	2.003307E+1	1.000440E+1	4.294370E-2	2.000444E+1	6.705299E-2	-3.152093E-2	-9.043366E-2	2.682119E+3
4.423791E+4	1.999009E+1	2.003451E+1	1.000465E+1	4.441861E-2	2.000490E+1	6.705333E-2	-3.152093E-2	-9.043501E-2	2.682133E+3
4.435846E+4	1.999075E+1	2.003184E+1	1.000345E+1	4.108464E-2	2.000445E+1	6.704783E-2	-3.152093E-2	-9.044884E-2	2.681913E+3
4.447900E+4	1.999077E+1	2.003370E+1	1.000342E+1	4.293646E-2	2.000508E+1	6.705141E-2	-3.152093E-2	-9.045086E-2	2.682057E+3
4.459954E+4	1.999018E+1	2.003456E+1	1.000316E+1	4.438776E-2	2.000497E+1	6.705276E-2	-3.152093E-2	-9.044212E-2	2.682110E+3
4.472008E+4	1.999080E+1	2.003462E+1	1.000463E+1	4.382155E-2	2.000541E+1	6.704849E-2	-3.152093E-2	-9.045508E-2	2.681940E+3
4.484063E+4	1.999076E+1	2.003232E+1	1.000447E+1	4.155535E-2	2.000462E+1	6.705305E-2	-3.152069E-2	-9.045615E-2	2.682122E+3
4.496118E+4	1.999019E+1	2.003497E+1	1.000441E+1	4.477274E-2	2.000512E+1	6.705309E-2	-3.152093E-2	-9.044759E-2	2.682124E+3
4.508173E+4	1.999025E+1	2.003260E+1	1.000322E+1	4.235040E-2	2.000437E+1	6.705211E-2	-3.152093E-2	-9.045039E-2	2.682084E+3
4.520227E+4	1.999092E+1	2.003295E+1	1.000350E+1	4.202809E-2	2.000493E+1	6.705409E-2	-3.152069E-2	-9.046439E-2	2.682163E+3
4.532283E+4	1.999078E+1	2.003450E+1	1.000448E+1	4.372365E-2	2.000535E+1	6.705555E-2	-3.152069E-2	-9.046371E-2	2.682222E+3
4.544337E+4	1.999081E+1	2.003462E+1	1.000428E+1	4.380500E-2	2.000541E+1	6.704881E-2	-3.152069E-2	-9.046601E-2	2.681953E+3
4.556393E+4	1.999038E+1	2.003505E+1	1.000304E+1	4.467087E-2	2.000527E+1	6.704904E-2	-3.152069E-2	-9.046030E-2	2.681962E+3
4.568448E+4	1.999024E+1	2.003200E+1	1.000404E+1	4.175441E-2	2.000416E+1	6.704878E-2	-3.152093E-2	-9.045923E-2	2.681951E+3
4.580503E+4	1.999064E+1	2.003430E+1	1.000439E+1	4.366529E-2	2.000519E+1	6.704956E-2	-3.152093E-2	-9.046821E-2	2.681982E+3
4.592558E+4	1.999071E+1	2.003387E+1	1.000439E+1	4.316250E-2	2.000509E+1	6.704766E-2	-3.152069E-2	-9.047142E-2	2.681906E+3
4.604614E+4	1.999085E+1	2.003465E+1	1.000323E+1	4.379822E-2	2.000545E+1	6.704640E-2	-3.152069E-2	-9.047597E-2	2.681856E+3
4.616668E+4	1.999030E+1	2.003422E+1	1.000411E+1	4.391722E-2	2.000494E+1	6.704707E-2	-3.152093E-2	-9.046756E-2	2.681883E+3
4.628721E+4	1.999078E+1	2.003364E+1	1.000431E+1	4.286105E-2	2.000507E+1	6.705096E-2	-3.152093E-2	-9.047812E-2	2.682038E+3
4.640777E+4	1.999075E+1	2.003407E+1	1.000428E+1	4.331936E-2	2.000519E+1	6.705161E-2	-3.152069E-2	-9.047926E-2	2.682064E+3
4.652832E+4	1.999083E+1	2.003464E+1	1.000417E+1	4.381471E-2	2.000543E+1	6.704859E-2	-3.152093E-2	-9.048245E-2	2.681943E+3
4.664886E+4	1.999019E+1	2.003401E+1	1.000292E+1	4.382133E-2	2.000480E+1	6.705248E-2	-3.152069E-2	-9.047266E-2	2.682099E+3
4.676940E+4	1.999071E+1	2.003442E+1	1.000317E+1	4.370788E-2	2.000528E+1	6.705387E-2	-3.154773E-2	-9.048410E-2	2.682155E+3
4.688995E+4	1.999079E+1	2.003462E+1	1.000440E+1	4.382217E-2	2.000540E+1	6.705440E-2	-3.154773E-2	-9.048738E-2	2.682176E+3
4.701049E+4	1.999021E+1	2.003128E+1	1.000395E+1	4.107134E-2	2.000390E+1	6.704719E-2	-3.154773E-2	-9.047861E-2	2.681888E+3
4.713102E+4	1.999077E+1	2.003177E+1	1.000426E+1	4.099969E-2	2.000443E+1	6.705481E-2	-3.154798E-2	-9.049058E-2	2.682192E+3
4.725156E+4	1.999021E+1	2.003163E+1	1.000368E+1	4.142430E-2	2.000402E+1	6.705449E-2	-3.154773E-2	-9.048171E-2	2.682180E+3
4.737208E+4	1.999076E+1	2.003445E+1	1.000436E+1	4.368455E-2	2.000532E+1	6.704748E-2	-3.154773E-2	-9.049385E-2	2.681899E+3
4.749262E+4	1.999022E+1	2.003327E+1	1.000412E+1	4.304777E-2	2.000457E+1	6.705363E-2	-3.143807E-2	-9.048558E-2	2.682145E+3
4.761316E+4	1.999064E+1	2.003157E+1	1.000440E+1	4.093186E-2	2.000429E+1	6.705182E-2	-3.143832E-2	-9.049533E-2	2.682073E+3
4.773371E+4	1.999083E+1	2.003364E+1	1.000337E+1	4.280832E-2	2.000510E+1	6.705441E-2	-3.143807E-2	-9.050051E-2	2.682176E+3
4.785426E+4	1.999064E+1	2.003318E+1	1.000432E+1	4.254439E-2	2.000482E+1	6.704961E-2	-3.143807E-2	-9.049891E-2	2.681985E+3
4.797482E+4	1.999026E+1	2.003365E+1	1.000458E+1	4.338496E-2	2.000472E+1	6.704753E-2	-3.143832E-2	-9.049391E-2	2.681901E+3
4.809537E+4	1.999039E+1	2.003155E+1	1.000416E+1	4.116125E-2	2.000411E+1	6.705392E-2	-3.143807E-2	-9.049769E-2	2.682157E+3
4.821593E+4	1.999082E+1	2.003422E+1	1.000437E+1	4.340033E-2	2.000529E+1	6.705455E-2	-3.143832E-2	-9.050761E-2	2.682182E+3
4.833651E+4	1.999034E+1	2.003146E+1	1.000398E+1	4.112769E-2	2.000404E+1	6.705188E-2	-3.143807E-2	-9.050039E-2	2.682075E+3
4.845706E+4	1.999021E+1	2.003163E+1	1.000325E+1	4.142430E-2	2.000402E+1	6.705501E-2	-3.143807E-2	-9.049999E-2	2.682200E+3
4.857762E+4	1.999025E+1	2.003422E+1	1.000437E+1	4.397063E-2	2.000491E+1	6.705211E-2	-3.143807E-2	-9.050222E-2	2.682084E+3
4.869818E+4	1.999055E+1	2.003391E+1	1.000331E+1	4.335974E-2	2.000500E+1	6.704993E-2	-3.143832E-2	-9.050993E-2	2.681997E+3
4.881875E+4	1.999049E+1	2.003520E+1	1.000454E+1	4.470859E-2	2.000539E+1	6.704671E-2	-3.143807E-2	-9.051031E-2	2.681868E+3
4.893929E+4	1.999115E+1	2.003519E+1	1.000473E+1	4.404163E-2	2.000583E+1	6.704747E-2	-3.143807E-2	-9.052445E-2	2.681899E+3
4.905985E+4	1.999096E+1	2.003453E+1	1.000348E+1	4.356674E-2	2.000549E+1	6.704440E-2	-3.143832E-2	-9.052296E-2	2.681776E+3
4.918039E+4	1.999092E+1	2.003254E+1	1.000414E+1	4.162465E-2	2.000479E+1	6.705328E-2	-3.143832E-2	-9.052382E-2	2.682131E+3
4.930095E+4	1.999046E+1	2.003494E+1	1.000488E+1	4.447693E-2	2.000529E+1	6.705353E-2	-3.143832E-2	-9.051685E-2	2.682141E+3
4.942149E+4	1.999098E+1	2.003517E+1	1.000453E+1	4.418199E-2	2.000571E+1	6.705380E-2	-3.143832E-2	-9.052843E-2	2.682152E+3
4.954205E+4	1.999087E+1	2.003433E+1	1.000349E+1	4.346261E-2	2.000536E+1	6.705742E-2	-3.143807E-2	-9.052806E-2	2.682297E+3
4.966259E+4	1.999090E+1	2.003502E+1	1.000447E+1	4.412581E-2	2.000560E+1	6.705596E-2	-3.143807E-2	-9.053046E-2	2.682239E+3
4.978314E+4	1.999050E+1	2.003286E+1	1.000459E+1	4.236075E-2	2.000462E+1	6.705503E-2	-3.143832E-2	-9.052493E-2	2.682201E+3
4.990369E+4	1.999060E+1	2.003545E+1	1.000479E+1	4.485115E-2	2.000555E+1	6.705239E-2	-3.143832E-2	-9.052864E-2	2.682096E+3
5.002426E+4	1.999054E+1	2.003539E+1	1.000332E+1	4.485530E-2	2.000549E+1	6.705188E-2	-3.143832E-2	-9.052918E-2	2.682075E+3
5.014483E+4	1.999065E+1	2.003510E+1	1.000411E+1	4.445310E-2	2.000547E+1	6.705812E-2	-3.143832E-2	-9.053300E-2	2.682325E+3
5.026540E+4	1.999062E+1	2.003530E+1	1.000469E+1	4.468121E-2	2.000552E+1	6.705316E-2	-3.143832E-2	-9.053421E-2	2.682126E+3
5.038595E+4	1.999053E+1	2.003266E+1	1.000470E+1	4.213072E-2	2.000458E+1	6.705778E-2	-3.143807E-2	-9.053447E-2	2.682311E+3
5.050653E+4	1.999120E+1	2.003510E+1	1.000373E+1	4.390126E-2	2.000584E+1	6.705161E-2	-3.143832E-2	-9.054855E-2	2.682064E+3
5.062709E+4	1.999135E+1	2.003287E+1	1.000463E+1	4.151456E-2	2.000519E+1	6.704976E-2	-3.143807E-2	-9.055324E-2	2.681990E+3
5.074766E+4	1.999129E+1	2.003533E+1	1.000381E+1	4.404304E-2	2.000597E+1	6.705445E-2	-3.143807E-2	-9.055403E-2	2.682178E+3
5.086822E+4	1.999120E+1	2.003511E+1	1.000451E+1	4.391018E-2	2.000583E+1	6.704990E-2	-3.143807E-2	-9.055402E-2	2.681996E+3
5.098878E+4	1.999090E+1	2.003225E+1	1.000426E+1	4.135535E-2	2.000468E+1	6.705298E-2	-3.143807E-2	-9.055000E-2	2.682119E+3
5.110936E+4	1.999115E+1	2.003496E+1	1.000445E+1	4.381143E-2	2.000575E+1	6.705186E-2	-3.143807E-2	-9.055655E-2	2.682074E+3
5.122992E+4	1.999100E+1	2.003300E+1	1.000312E+1	4.199662E-2	2.000500E+1	6.705422E-2	-3.143832E-2	-9.055579E-2	2.682169E+3
5.135047E+4	1.999121E+1	2.003524E+1	1.000433E+1	4.403557E-2	2.000589E+1	6.705385E-2	-3.146561E-2	-9.056109E-2	2.682154E+3
5.147103E+4	1.999044E+1	2.003475E+1	1.000438E+1	4.431186E-2	2.000521E+1	6.705416E-2	-3.146537E-2	-9.054915E-2	2.682166E+3
5.159161E+4	1.993712E+1	2.003487E+1	1.000442E+1	9.774821E-2	1.996971E+1	6.704864E-2	-3.149290E-2	-8.951937E-2	2.681945E+3
5.171227E+4	1.999043E+1	2.003171E+1	1.000330E+1	4.127911E-2	2.000419E+1	6.704908E-2	-3.149290E-2	-9.014615E-2	2.681963E+3
5.183285E+4	1.999097E+1	2.003464E+1	1.000447E+1	4.367166E-2	2.000553E+1	6.705534E-2	-3.152532E-2	-9.015781E-2	2.682213E+3
5.195342E+4	1.999087E+1	2.003452E+1	1.000451E+1	4.365639E-2	2.000542E+1	6.704977E-2	-3.152532E-2	-9.015807E-2	2.681991E+3
5.207398E+4	1.999094E+1	2.003412E+1	1.000448E+1	4.318871E-2	2.000533E+1	6.704969E-2	-3.152532E-2	-9.016079E-2	2.681988E+3
5.219453E+4	1.999049E+1	2.003433E+1	1.000454E+1	4.383645E-2	2.000511E+1	6.704778E-2	-3.152532E-2	-9.015435E-2	2.681911E+3
5.231507E+4	1.999125E+1	2.003540E+1	1.000324E+1	4.415278E-2	2.000596E+1	6.704693E-2	-3.152532E-2	-9.017018E-2	2.681877E+3
5.243562E+4	1.999112E+1	2.003246E+1	1.000424E+1	4.134443E-2	2.000490E+1	6.705478E-2	-3.152532E-2	-9.016946E-2	2.682191E+3
5.255617E+4	1.999100E+1	2.003424E+1	1.000457E+1	4.324281E-2	2.000542E+1	6.705356E-2	-3.152556E-2	-9.016905E-2	2.682142E+3
5.267673E+4	1.999077E+1	2.003378E+1	1.000441E+1	4.301443E-2	2.000510E+1	6.704834E-2	-3.152532E-2	-9.016668E-2	2.681933E+3
5.279728E+4	1.999040E+1	2.003251E+1	1.000432E+1	4.211276E-2	2.000444E+1	6.705281E-2	-3.152532E-2	-9.016167E-2	2.682112E+3
5.291785E+4	1.999035E+1	2.003450E+1	1.000455E+1	4.415151E-2	2.000507E+1	6.705018E-2	-3.152532E-2	-9.016240E-2	2.682007E+3
5.303841E+4	1.999031E+1	2.003433E+1	1.000325E+1	4.401444E-2	2.000499E+1	6.705349E-2	-3.152532E-2	-9.016371E-2	2.682140E+3
5.315895E+4	1.999083E+1	2.003453E+1	1.000416E+1	4.369964E-2	2.000540E+1	6.705309E-2	-3.152556E-2	-9.017498E-2	2.682124E+3
5.327947E+4	1.999035E+1	2.003424E+1	1.000321E+1	4.389321E-2	2.000498E+1	6.704904E-2	-3.152532E-2	-9.016804E-2	2.681962E+3
5.340000E+4	1.999054E+1	2.003407E+1	1.000311E+1	4.353366E-2	2.000505E+1	6.704899E-2	-3.152532E-2	-9.017319E-2	2.681960E+3
5.352054E+4	1.999014E+1	2.003439E+1	1.000310E+1	4.425069E-2	2.000489E+1	6.705290E-2	-3.152532E-2	-9.016751E-2	2.682116E+3
5.364109E+4	1.999005E+1	2.003442E+1	1.000440E+1	4.436782E-2	2.000484E+1	6.704988E-2	-3.144173E-2	-9.016764E-2	2.681995E+3
5.376161E+4	1.999078E+1	2.003433E+1	1.000436E+1	4.355164E-2	2.000530E+1	6.705103E-2	-3.144173E-2	-9.018301E-2	2.682041E+3
5.388216E+4	1.999031E+1	2.003231E+1	1.000445E+1	4.200801E-2	2.000431E+1	6.704871E-2	-3.138495E-2	-9.017600E-2	2.681948E+3
5.400272E+4	1.999019E+1	2.020576E+1	1.000344E+1	2.155692E-1	2.006204E+1	6.704675E-2	-3.138519E-2	-9.017577E-2	2.681870E+3
5.412326E+4	1.999073E+1	2.020565E+1	1.000351E+1	2.149194E-1	2.006237E+1	6.704712E-2	-3.138495E-2	-9.018767E-2	2.681885E+3
5.424382E+4	1.999075E+1	2.020550E+1	1.000447E+1	2.147584E-1	2.006233E+1	6.705114E-2	-3.138495E-2	-9.018969E-2	2.682046E+3
5.436439E+4	1.999068E+1	2.020349E+1	1.000443E+1	2.128053E-1	2.006162E+1	6.704635E-2	-3.138495E-2	-9.019027E-2	2.681854E+3
5.448495E+4	1.999071E+1	2.020622E+1	1.000411E+1	2.155044E-1	2.006255E+1	6.704418E-2	-3.138495E-2	-9.019271E-2	2.681767E+3
5.460549E+4	1.998999E+1	2.020570E+1	1.000417E+1	2.157075E-1	2.006190E+1	6.705277E-2	-3.138495E-2	-9.018096E-2	2.682111E+3
5.472602E+4	1.999056E+1	2.020421E+1	1.000383E+1	2.136499E-1	2.006177E+1	6.704570E-2	-3.138495E-2	-9.019328E-2	2.681828E+3
5.484656E+4	1.999058E+1	2.020573E+1	1.000421E+1	2.151488E-1	2.006230E+1	6.704536E-2	-3.138495E-2	-9.019544E-2	2.681814E+3
5.496710E+4	1.999001E+1	2.020490E+1	1.000436E+1	2.148929E-1	2.006164E+1	6.704859E-2	-3.138495E-2	-9.018653E-2	2.681944E+3
5.508765E+4	1.999052E+1	2.020288E+1	1.000418E+1	2.123625E-1	2.006130E+1	6.704519E-2	-3.138495E-2	-9.019790E-2	2.681808E+3
5.520818E+4	1.999007E+1	2.020334E+1	1.000440E+1	2.132680E-1	2.006116E+1	6.704123E-2	-3.138495E-2	-9.019163E-2	2.681649E+3
5.532873E+4	1.999005E+1	2.020337E+1	1.000315E+1	2.133144E-1	2.006116E+1	6.704906E-2	-3.132817E-2	-9.019298E-2	2.681962E+3
5.544927E+4	1.999062E+1	2.020455E+1	1.000406E+1	2.139232E-1	2.006193E+1	6.704093E-2	-3.132817E-2	-9.020523E-2	2.681637E+3
5.556984E+4	1.999086E+1	2.020596E+1	1.000459E+1	2.151024E-1	2.006256E+1	6.704263E-2	-3.132841E-2	-9.021150E-2	2.681705E+3
5.569037E+4	2.004213E+1	2.020454E+1	1.000444E+1	1.624096E-1	2.009627E+1	6.704252E-2	-3.132817E-2	-9.108927E-2	2.681701E+3
5.581092E+4	1.999022E+1	2.020227E+1	1.000341E+1	2.120513E-1	2.006090E+1	6.704193E-2	-3.132817E-2	-9.020318E-2	2.681677E+3
5.593149E+4	1.999065E+1	2.020463E+1	1.000422E+1	2.139835E-1	2.006198E+1	6.704919E-2	-3.132817E-2	-9.021275E-2	2.681968E+3
5.605202E+4	1.999070E+1	2.020521E+1	1.000434E+1	2.145049E-1	2.006221E+1	6.704393E-2	-3.132817E-2	-9.021572E-2	2.681757E+3
5.617257E+4	2.004536E+1	2.020397E+1	1.000435E+1	1.586132E-1	2.009823E+1	6.704624E-2	-3.132817E-2	-9.115777E-2	2.681850E+3
5.629310E+4	1.999087E+1	2.020605E+1	1.000478E+1	2.151805E-1	2.006259E+1	6.704342E-2	-3.132817E-2	-9.022240E-2	2.681737E+3
5.641365E+4	1.999080E+1	2.020581E+1	1.000352E+1	2.150042E-1	2.006247E+1	6.705045E-2	-3.132817E-2	-9.022319E-2	2.682018E+3
5.653419E+4	1.999081E+1	2.020535E+1	1.000324E+1	2.145343E-1	2.006233E+1	6.705108E-2	-3.132841E-2	-9.022483E-2	2.682043E+3
5.665474E+4	1.999028E+1	2.020288E+1	1.000457E+1	2.125933E-1	2.006115E+1	6.705006E-2	-3.132817E-2	-9.021673E-2	2.682002E+3
