Temps(s)	Pc(MPa)	Pax(MPa)	Ppam(MPa)	Q(MPa)	Pmoy(MPa)	Defaxcapt	Defvolfluide	Defvolconf	Deplct(µm)
1.868000E+0	2.004544E+1	1.985618E+1	1.000434E+1	-1.892548E-1	1.998235E+1	-9.801626E-7	0.000000E+0	-9.307223E-4	-3.910163E-2
2.980000E+0	2.004560E+1	1.985880E+1	1.000356E+1	-1.868068E-1	1.998334E+1	-3.738332E-6	0.000000E+0	-9.338791E-4	-1.491333E-1
4.100000E+0	2.004546E+1	1.985891E+1	1.000473E+1	-1.865487E-1	1.998328E+1	-1.017068E-5	0.000000E+0	-9.311886E-4	-4.057389E-1
5.215000E+0	2.004555E+1	1.985687E+1	1.000424E+1	-1.886793E-1	1.998266E+1	-2.187501E-6	0.000000E+0	-9.328388E-4	-8.726598E-2
6.328000E+0	2.004548E+1	1.985865E+1	1.000479E+1	-1.868248E-1	1.998320E+1	3.398143E-7	0.000000E+0	-9.315115E-4	1.355621E-2
7.445000E+0	2.004555E+1	1.985572E+1	1.000473E+1	-1.898309E-1	1.998227E+1	-9.632452E-7	0.000000E+0	-9.328029E-4	-3.842674E-2
8.560000E+0	2.004548E+1	1.985799E+1	1.000397E+1	-1.874879E-1	1.998298E+1	8.846282E-6	0.000000E+0	-9.315115E-4	3.529047E-1
9.677000E+0	2.004545E+1	1.985773E+1	1.000484E+1	-1.877208E-1	1.998288E+1	3.954544E-6	0.000000E+0	-9.280761E-4	1.577586E-1
1.079000E+1	2.004549E+1	1.985773E+1	1.000389E+1	-1.877627E-1	1.998290E+1	1.071071E-5	0.000000E+0	-9.288653E-4	4.272825E-1
1.190800E+1	2.004538E+1	1.985805E+1	1.000483E+1	-1.873317E-1	1.998293E+1	2.577369E-6	0.000000E+0	-9.267130E-4	1.028190E-1
1.302100E+1	2.004534E+1	1.985500E+1	1.000485E+1	-1.903442E-1	1.998189E+1	8.908439E-6	0.000000E+0	-9.262728E-4	3.553844E-1
1.414100E+1	2.004537E+1	1.985756E+1	1.000473E+1	-1.878127E-1	1.998277E+1	6.630637E-6	0.000000E+0	-9.266054E-4	2.645160E-1
1.525300E+1	2.004553E+1	1.985753E+1	1.000495E+1	-1.879991E-1	1.998287E+1	5.732293E-6	0.000000E+0	-9.298601E-4	2.286784E-1
1.637100E+1	2.004548E+1	1.985756E+1	1.000396E+1	-1.879176E-1	1.998284E+1	-2.204478E-6	0.000000E+0	-9.286501E-4	-8.794325E-2
1.748900E+1	2.004524E+1	1.985773E+1	1.000492E+1	-1.875059E-1	1.998274E+1	1.284020E-5	0.000000E+0	-9.241302E-4	5.122340E-1
1.860400E+1	2.004542E+1	1.985474E+1	1.000487E+1	-1.906756E-1	1.998186E+1	5.545122E-6	0.000000E+0	-9.274663E-4	2.212116E-1
1.971800E+1	2.004537E+1	1.985730E+1	1.000486E+1	-1.880716E-1	1.998268E+1	9.441732E-6	0.000000E+0	-9.268468E-4	3.766590E-1
2.083500E+1	2.004543E+1	2.037806E+1	1.000479E+1	3.326312E-1	2.015631E+1	-9.101059E-6	0.000000E+0	-9.277533E-4	-3.630686E-1
2.194800E+1	2.004538E+1	2.037881E+1	1.000391E+1	3.334320E-1	2.015652E+1	7.355451E-7	0.000000E+0	-9.267130E-4	2.934310E-2
2.306100E+1	2.004542E+1	2.037922E+1	1.000489E+1	3.337993E-1	2.015668E+1	-4.591150E-6	0.000000E+0	-9.274304E-4	-1.831547E-1
2.417800E+1	2.004535E+1	2.020238E+1	1.000494E+1	1.570306E-1	2.009769E+1	-2.054050E-6	0.000000E+0	-9.261032E-4	-8.194223E-2
2.529200E+1	2.004536E+1	2.037956E+1	1.000486E+1	3.341999E-1	2.015676E+1	-2.869714E-6	0.000000E+0	-9.263901E-4	-1.144815E-1
2.641000E+1	2.009788E+1	2.037769E+1	1.000495E+1	2.798070E-1	2.019115E+1	-6.049014E-6	0.000000E+0	-1.914448E-3	-2.413133E-1
2.752100E+1	2.009794E+1	2.020477E+1	1.000382E+1	1.068268E-1	2.013355E+1	-8.128697E-7	0.000000E+0	-2.369634E-3	-3.242781E-2
2.863700E+1	2.009794E+1	2.037942E+1	1.000487E+1	2.814736E-1	2.019177E+1	-3.370133E-6	0.000000E+0	-2.982030E-3	-1.344447E-1
2.975500E+1	2.004530E+1	2.037766E+1	1.000449E+1	3.323626E-1	2.015609E+1	-7.225729E-6	0.000000E+0	-2.751761E-3	-2.882560E-1
3.086900E+1	2.004519E+1	2.037904E+1	1.000471E+1	3.338587E-1	2.015647E+1	-3.395135E-6	0.000000E+0	-2.776131E-3	-1.354421E-1
3.198600E+1	2.004527E+1	2.037749E+1	1.000480E+1	3.322262E-1	2.015601E+1	-5.781646E-6	0.000000E+0	-2.777879E-3	-2.306472E-1
3.309800E+1	2.009803E+1	2.037945E+1	1.000380E+1	2.814217E-1	2.019183E+1	-4.857672E-6	0.000000E+0	-3.770179E-3	-1.937871E-1
3.421800E+1	2.009782E+1	2.020551E+1	1.000484E+1	1.076924E-1	2.013372E+1	3.294463E-7	0.000000E+0	-4.225002E-3	1.314260E-2
3.533000E+1	2.009796E+1	2.037944E+1	1.000384E+1	2.814826E-1	2.019179E+1	-2.616542E-6	0.000000E+0	-4.841912E-3	-1.043817E-1
3.644600E+1	2.004522E+1	2.020554E+1	1.000476E+1	1.603189E-1	2.009866E+1	-1.560084E-6	0.000000E+0	-4.611468E-3	-6.223642E-2
3.756000E+1	2.004534E+1	2.020255E+1	1.000491E+1	1.572057E-1	2.009774E+1	5.212398E-7	0.000000E+0	-4.641046E-3	2.079382E-2
3.868000E+1	1.999028E+1	2.020453E+1	1.000407E+1	2.142537E-1	2.006170E+1	1.984023E-6	0.000000E+0	-3.701709E-3	7.914865E-2
3.979600E+1	2.004527E+1	2.020477E+1	1.000486E+1	1.595001E-1	2.009843E+1	-4.686095E-6	0.000000E+0	-4.639370E-3	-1.869424E-1
4.091100E+1	2.004525E+1	2.020436E+1	1.000379E+1	1.591164E-1	2.009828E+1	-4.892655E-6	0.000000E+0	-4.639253E-3	-1.951827E-1
4.202700E+1	2.004542E+1	2.020482E+1	1.000486E+1	1.594070E-1	2.009855E+1	-1.988503E-6	0.000000E+0	-4.642204E-3	-7.932735E-2
4.314000E+1	2.004532E+1	2.020246E+1	1.000487E+1	1.571436E-1	2.009770E+1	-1.380674E-6	0.000000E+0	-4.640616E-3	-5.507924E-2
4.425900E+1	2.004535E+1	2.020534E+1	1.000460E+1	1.599955E-1	2.009868E+1	-2.523352E-6	0.000000E+0	-4.640877E-3	-1.006641E-1
4.537500E+1	2.004543E+1	2.020281E+1	1.000466E+1	1.573738E-1	2.009789E+1	2.310720E-7	0.000000E+0	-4.642804E-3	9.218154E-3
4.648700E+1	2.004555E+1	2.037910E+1	1.000354E+1	3.335520E-1	2.015673E+1	-4.982749E-7	0.000000E+0	-4.644957E-3	-1.987768E-2
4.760400E+1	2.009807E+1	2.020488E+1	1.000465E+1	1.068122E-1	2.013367E+1	-4.518152E-6	0.000000E+0	-5.632701E-3	-1.802426E-1
4.872400E+1	2.009819E+1	2.020249E+1	1.000416E+1	1.043057E-1	2.013296E+1	-1.362879E-6	0.000000E+0	-6.090278E-3	-5.436932E-2
4.983400E+1	2.009810E+1	2.020379E+1	1.000451E+1	1.056826E-1	2.013333E+1	4.525411E-6	0.000000E+0	-6.702473E-3	1.805322E-1
5.094900E+1	2.004543E+1	2.020249E+1	1.000423E+1	1.570586E-1	2.009779E+1	-2.201053E-6	0.000000E+0	-6.474116E-3	-8.780661E-2
5.206800E+1	2.004532E+1	2.020548E+1	1.000367E+1	1.601660E-1	2.009871E+1	2.073685E-6	0.000000E+0	-6.498244E-3	8.272550E-2
5.318400E+1	2.004531E+1	2.020548E+1	1.000468E+1	1.601756E-1	2.009870E+1	4.633225E-6	0.000000E+0	-6.498065E-3	1.848333E-1
5.430000E+1	2.004547E+1	2.037942E+1	1.000365E+1	3.339473E-1	2.015679E+1	-8.930407E-6	0.000000E+0	-6.501320E-3	-3.562607E-1
5.541700E+1	2.004551E+1	2.037953E+1	1.000466E+1	3.340262E-1	2.015685E+1	-4.150139E-7	0.000000E+0	-6.502001E-3	-1.655615E-2
5.653200E+1	2.009819E+1	2.020235E+1	1.000464E+1	1.041619E-1	2.013291E+1	-1.258948E-6	0.000000E+0	-7.492553E-3	-5.022320E-2
5.764600E+1	2.009818E+1	2.020488E+1	1.000389E+1	1.066964E-1	2.013375E+1	-2.770886E-7	0.000000E+0	-7.949283E-3	-1.105389E-2
5.876400E+1	2.009809E+1	2.003368E+1	1.000467E+1	-6.441559E-2	2.007662E+1	7.371905E-6	0.000000E+0	-8.565233E-3	2.940874E-1
5.987500E+1	2.004539E+1	2.003282E+1	1.000349E+1	-1.257366E-2	2.004120E+1	-5.627905E-7	0.000000E+0	-8.334782E-3	-2.245140E-2
6.099500E+1	1.999082E+1	2.003334E+1	1.000479E+1	4.251157E-2	2.000499E+1	8.802629E-7	0.000000E+0	-7.431476E-3	3.511633E-2
6.210600E+1	1.999073E+1	2.003063E+1	1.000498E+1	3.989595E-2	2.000403E+1	4.853813E-6	0.000000E+0	-7.429805E-3	1.936332E-1
6.322200E+1	1.999074E+1	2.003345E+1	1.000484E+1	4.270484E-2	2.000498E+1	5.733447E-6	0.000000E+0	-7.430221E-3	2.287244E-1
6.433900E+1	1.999079E+1	2.003172E+1	1.000495E+1	4.092697E-2	2.000444E+1	4.812731E-6	0.000000E+0	-7.431161E-3	1.919943E-1
6.545600E+1	1.999079E+1	2.003330E+1	1.000384E+1	4.251712E-2	2.000496E+1	-3.027792E-6	0.000000E+0	-7.431021E-3	-1.207877E-1
6.657300E+1	1.999070E+1	2.003302E+1	1.000496E+1	4.232030E-2	2.000480E+1	3.410371E-6	0.000000E+0	-7.429143E-3	1.360499E-1
6.768700E+1	1.999073E+1	2.003118E+1	1.000447E+1	4.045087E-2	2.000421E+1	5.702521E-6	0.000000E+0	-7.429701E-3	2.274907E-1
6.880500E+1	1.999063E+1	2.003328E+1	1.000488E+1	4.264862E-2	2.000485E+1	-8.073047E-7	0.000000E+0	-7.428166E-3	-3.220580E-2
6.992100E+1	1.999070E+1	2.003080E+1	1.000494E+1	4.010414E-2	2.000407E+1	6.513025E-6	0.000000E+0	-7.429661E-3	2.598241E-1
7.103600E+1	1.999074E+1	2.003325E+1	1.000382E+1	4.250410E-2	2.000491E+1	3.384083E-6	0.000000E+0	-7.430497E-3	1.350012E-1
7.215000E+1	1.999074E+1	2.003330E+1	1.000498E+1	4.256099E-2	2.000493E+1	3.038516E-6	0.000000E+0	-7.430221E-3	1.212155E-1
7.326800E+1	1.999075E+1	2.003319E+1	1.000391E+1	4.243829E-2	2.000490E+1	4.875839E-6	0.000000E+0	-7.430360E-3	1.945119E-1
7.438300E+1	1.999073E+1	2.003353E+1	1.000496E+1	4.280201E-2	2.000500E+1	4.004865E-6	0.000000E+0	-7.430288E-3	1.597661E-1
7.549500E+1	1.999060E+1	2.003109E+1	1.000500E+1	4.048850E-2	2.000409E+1	5.844052E-6	0.000000E+0	-7.427851E-3	2.331368E-1
7.661300E+1	1.999063E+1	2.003348E+1	1.000478E+1	4.284172E-2	2.000492E+1	5.991447E-6	0.000000E+0	-7.428271E-3	2.390168E-1
7.773100E+1	1.999059E+1	2.003399E+1	1.000500E+1	4.340348E-2	2.000506E+1	4.707066E-6	0.000000E+0	-7.427470E-3	1.877790E-1
7.884700E+1	1.999073E+1	1.985773E+1	1.000387E+1	-1.329945E-1	1.994639E+1	8.979675E-6	0.000000E+0	-7.430183E-3	3.582262E-1
7.996100E+1	1.999018E+1	1.985854E+1	1.000486E+1	-1.316363E-1	1.994630E+1	6.726303E-6	0.000000E+0	-7.419879E-3	2.683324E-1
8.107400E+1	1.999077E+1	1.985558E+1	1.000497E+1	-1.351957E-1	1.994571E+1	7.566549E-6	0.000000E+0	-7.430778E-3	3.018523E-1
8.218900E+1	1.999065E+1	1.985880E+1	1.000496E+1	-1.318491E-1	1.994670E+1	1.294871E-5	0.000000E+0	-7.428514E-3	5.165629E-1
8.330500E+1	1.999027E+1	1.985650E+1	1.000487E+1	-1.337683E-1	1.994568E+1	6.358341E-6	0.000000E+0	-7.421792E-3	2.536533E-1
8.442500E+1	1.999013E+1	1.985868E+1	1.000396E+1	-1.314473E-1	1.994632E+1	1.024850E-5	0.000000E+0	-7.419320E-3	4.088432E-1
8.554100E+1	1.999015E+1	1.985883E+1	1.000496E+1	-1.313213E-1	1.994637E+1	7.692792E-6	0.000000E+0	-7.419598E-3	3.068885E-1
8.665500E+1	1.999023E+1	1.985583E+1	1.000438E+1	-1.344027E-1	1.994543E+1	8.134839E-6	0.000000E+0	-7.421200E-3	3.245231E-1
8.776800E+1	1.999014E+1	1.985877E+1	1.000494E+1	-1.313693E-1	1.994635E+1	1.073303E-5	0.000000E+0	-7.419424E-3	4.281727E-1
8.888600E+1	1.999026E+1	1.985583E+1	1.000494E+1	-1.344300E-1	1.994545E+1	6.040400E-6	0.000000E+0	-7.421722E-3	2.409697E-1
9.000400E+1	1.999027E+1	1.985851E+1	1.000403E+1	-1.317618E-1	1.994635E+1	4.338503E-6	0.000000E+0	-7.421862E-3	1.730759E-1
9.111700E+1	1.999018E+1	1.985851E+1	1.000492E+1	-1.316651E-1	1.994629E+1	2.545350E-6	0.000000E+0	-7.420121E-3	1.015417E-1
9.223400E+1	1.999012E+1	1.985863E+1	1.000390E+1	-1.314966E-1	1.994629E+1	5.508704E-6	0.000000E+0	-7.419146E-3	2.197587E-1
9.334700E+1	1.999018E+1	1.985880E+1	1.000494E+1	-1.313869E-1	1.994639E+1	1.201097E-5	0.000000E+0	-7.420295E-3	4.791536E-1
9.446800E+1	1.999023E+1	1.985569E+1	1.000486E+1	-1.345383E-1	1.994538E+1	1.116442E-5	0.000000E+0	-7.421096E-3	4.453821E-1
9.558400E+1	1.999027E+1	2.020474E+1	1.000479E+1	2.144640E-1	2.006176E+1	9.325771E-7	0.000000E+0	-7.421896E-3	3.720330E-2
9.669700E+1	1.999037E+1	2.020384E+1	1.000495E+1	2.134748E-1	2.006153E+1	-2.563053E-6	0.000000E+0	-7.423672E-3	-1.022479E-1
9.781700E+1	1.999034E+1	2.020551E+1	1.000393E+1	2.151779E-1	2.006206E+1	-2.247397E-7	0.000000E+0	-7.423287E-3	-8.965542E-3
9.893200E+1	2.004528E+1	2.037850E+1	1.000491E+1	3.332135E-1	2.015635E+1	-4.886209E-6	0.000000E+0	-8.360020E-3	-1.949255E-1
1.000490E+2	2.009792E+1	2.037806E+1	1.000397E+1	2.801448E-1	2.019130E+1	-7.781418E-6	0.000000E+0	-9.349988E-3	-3.104241E-1
1.011660E+2	2.009794E+1	2.037930E+1	1.000489E+1	2.813643E-1	2.019173E+1	-2.246452E-6	0.000000E+0	-9.806183E-3	-8.961770E-2
1.022810E+2	2.009796E+1	2.020249E+1	1.000482E+1	1.045289E-1	2.013281E+1	8.786181E-7	0.000000E+0	-1.042039E-2	3.505071E-2
1.033990E+2	2.004526E+1	2.020491E+1	1.000431E+1	1.596446E-1	2.009848E+1	-4.803215E-6	0.000000E+0	-1.018977E-2	-1.916147E-1
1.045150E+2	2.004520E+1	2.020531E+1	1.000489E+1	1.601084E-1	2.009857E+1	-4.488062E-6	0.000000E+0	-1.021566E-2	-1.790423E-1
1.056280E+2	2.004531E+1	2.003374E+1	1.000385E+1	-1.157154E-2	2.004145E+1	-1.429246E-6	0.000000E+0	-1.021763E-2	-5.701692E-2
1.067460E+2	2.004540E+1	2.003402E+1	1.000485E+1	-1.137349E-2	2.004161E+1	-1.484196E-6	0.000000E+0	-1.021932E-2	-5.920903E-2
1.078590E+2	2.004531E+1	2.003132E+1	1.000467E+1	-1.398850E-2	2.004064E+1	6.115933E-7	0.000000E+0	-1.021763E-2	2.439829E-2
1.089730E+2	2.004527E+1	2.037930E+1	1.000461E+1	3.340287E-1	2.015662E+1	-1.025897E-5	0.000000E+0	-1.021699E-2	-4.092612E-1
1.100920E+2	2.004536E+1	2.037881E+1	1.000463E+1	3.334493E-1	2.015651E+1	-1.064355E-5	0.000000E+0	-1.021871E-2	-4.246030E-1
1.112030E+2	2.009800E+1	2.037910E+1	1.000365E+1	2.811018E-1	2.019170E+1	-1.011968E-5	0.000000E+0	-1.120888E-2	-4.037045E-1
1.123230E+2	2.009820E+1	2.037939E+1	1.000460E+1	2.811873E-1	2.019193E+1	-9.012014E-6	0.000000E+0	-1.167021E-2	-3.595163E-1
1.134350E+2	2.009818E+1	2.037752E+1	1.000465E+1	2.793438E-1	2.019129E+1	-1.215917E-5	0.000000E+0	-1.228658E-2	-4.850659E-1
1.145520E+2	2.009824E+1	2.020491E+1	1.000463E+1	1.066706E-1	2.013380E+1	-4.879354E-6	0.000000E+0	-1.305292E-2	-1.946521E-1
1.156720E+2	2.004542E+1	2.020241E+1	1.000464E+1	1.569901E-1	2.009775E+1	-6.972831E-6	0.000000E+0	-1.297256E-2	-2.781671E-1
1.167860E+2	1.999057E+1	2.020548E+1	1.000350E+1	2.149082E-1	2.006221E+1	-8.357516E-6	0.000000E+0	-1.207002E-2	-3.334064E-1
1.178970E+2	1.999082E+1	2.020499E+1	1.000459E+1	2.141711E-1	2.006221E+1	-4.225252E-6	0.000000E+0	-1.207455E-2	-1.685580E-1
1.190170E+2	2.004541E+1	2.037769E+1	1.000388E+1	3.322737E-1	2.015617E+1	-5.414871E-6	0.000000E+0	-1.300512E-2	-2.160155E-1
1.201280E+2	2.004549E+1	2.037907E+1	1.000467E+1	3.335766E-1	2.015668E+1	-5.887574E-6	0.000000E+0	-1.300659E-2	-2.348730E-1
1.212450E+2	2.009809E+1	2.055133E+1	1.000465E+1	4.532490E-1	2.024917E+1	-8.337311E-6	0.000000E+0	-1.399573E-2	-3.326004E-1
1.223600E+2	2.015110E+1	2.073183E+1	1.000463E+1	5.807328E-1	2.034467E+1	-1.613950E-5	0.000000E+0	-1.544977E-2	-6.438530E-1
1.234770E+2	2.015110E+1	2.073192E+1	1.000466E+1	5.808115E-1	2.034471E+1	-1.899634E-5	0.000000E+0	-1.656947E-2	-7.578209E-1
1.245920E+2	2.015108E+1	2.073160E+1	1.000363E+1	5.805211E-1	2.034459E+1	-2.088763E-5	0.000000E+0	-1.804661E-2	-8.332701E-1
1.257140E+2	2.009809E+1	2.055272E+1	1.000468E+1	4.546301E-1	2.024963E+1	-1.741605E-5	0.000000E+0	-1.887086E-2	-6.947783E-1
1.268240E+2	2.004532E+1	2.055107E+1	1.000490E+1	5.057574E-1	2.021390E+1	-1.660658E-5	0.000000E+0	-1.953830E-2	-6.624861E-1
1.279440E+2	1.999071E+1	2.037869E+1	1.000481E+1	3.879892E-1	2.012004E+1	-8.510647E-6	0.000000E+0	-1.866732E-2	-3.395153E-1
1.290560E+2	1.999062E+1	2.003212E+1	1.000489E+1	4.150718E-2	2.000445E+1	-1.926948E-6	0.000000E+0	-1.866544E-2	-7.687174E-2
1.301730E+2	1.999071E+1	2.003336E+1	1.000384E+1	4.264716E-2	2.000493E+1	-1.244850E-6	0.000000E+0	-1.866746E-2	-4.966081E-2
1.312910E+2	2.004547E+1	2.055283E+1	1.000486E+1	5.073613E-1	2.021459E+1	-1.163636E-5	0.000000E+0	-1.960081E-2	-4.642094E-1
1.324030E+2	2.004545E+1	2.055102E+1	1.000494E+1	5.055671E-1	2.021397E+1	-1.037780E-5	0.000000E+0	-1.960049E-2	-4.140014E-1
1.335170E+2	2.009817E+1	2.055283E+1	1.000485E+1	4.546644E-1	2.024972E+1	-1.008519E-5	0.000000E+0	-2.059217E-2	-4.023284E-1
1.346350E+2	2.015112E+1	2.073160E+1	1.000493E+1	5.804779E-1	2.034461E+1	-1.501290E-5	0.000000E+0	-2.204417E-2	-5.989098E-1
1.357460E+2	2.015114E+1	2.055280E+1	1.000381E+1	4.016635E-1	2.028503E+1	-5.917908E-6	0.000000E+0	-2.316404E-2	-2.360831E-1
1.368630E+2	2.015107E+1	2.055300E+1	1.000486E+1	4.019285E-1	2.028505E+1	-6.956482E-6	0.000000E+0	-2.463849E-2	-2.775149E-1
1.379750E+2	2.009823E+1	2.055128E+1	1.000495E+1	4.530484E-1	2.024924E+1	-1.294137E-5	0.000000E+0	-2.546555E-2	-5.162701E-1
1.390920E+2	1.999059E+1	2.037950E+1	1.000482E+1	3.889106E-1	2.012023E+1	-7.910197E-6	0.000000E+0	-2.519807E-2	-3.155615E-1
1.402090E+2	1.999075E+1	2.037763E+1	1.000496E+1	3.868814E-1	2.011971E+1	-9.912637E-6	0.000000E+0	-2.525991E-2	-3.954448E-1
1.413280E+2	1.999020E+1	2.055326E+1	1.000381E+1	5.630640E-1	2.017789E+1	-1.588569E-5	0.000000E+0	-2.525005E-2	-6.337279E-1
1.424380E+2	2.004525E+1	2.020482E+1	1.000491E+1	1.595665E-1	2.009844E+1	-6.737346E-6	0.000000E+0	-2.618875E-2	-2.687730E-1
1.435560E+2	2.004526E+1	2.003215E+1	1.000398E+1	-1.311087E-2	2.004089E+1	4.159835E-8	0.000000E+0	-2.618890E-2	1.659483E-3
1.446730E+2	2.004513E+1	2.073194E+1	1.000494E+1	6.868125E-1	2.027407E+1	-1.569918E-5	0.000000E+0	-2.618663E-2	-6.262874E-1
1.457870E+2	2.009781E+1	2.055202E+1	1.000487E+1	4.542154E-1	2.024921E+1	-1.805462E-5	0.000000E+0	-2.717714E-2	-7.202529E-1
1.469000E+2	2.015075E+1	2.073171E+1	1.000386E+1	5.809558E-1	2.034440E+1	-2.236653E-5	0.000000E+0	-2.862900E-2	-8.922680E-1
1.480180E+2	2.020391E+1	2.055257E+1	1.000489E+1	3.486557E-1	2.032013E+1	-1.743487E-5	0.000000E+0	-3.092327E-2	-6.955291E-1
1.491340E+2	2.015078E+1	2.073145E+1	1.000376E+1	5.806703E-1	2.034434E+1	-1.431967E-5	0.000000E+0	-3.154567E-2	-5.712547E-1
1.502510E+2	2.009800E+1	2.055340E+1	1.000482E+1	4.554090E-1	2.024980E+1	-1.308103E-5	0.000000E+0	-3.238852E-2	-5.218414E-1
1.513660E+2	1.999028E+1	2.037777E+1	1.000492E+1	3.874957E-1	2.011944E+1	-4.834511E-6	0.000000E+0	-3.211827E-2	-1.928632E-1
1.524830E+2	1.999023E+1	2.037959E+1	1.000482E+1	3.893542E-1	2.012002E+1	-6.218664E-6	0.000000E+0	-3.217634E-2	-2.480812E-1
1.535990E+2	1.999026E+1	2.037973E+1	1.000492E+1	3.894700E-1	2.012008E+1	-7.345097E-6	0.000000E+0	-3.217707E-2	-2.930180E-1
1.547140E+2	2.004527E+1	2.037967E+1	1.000387E+1	3.344026E-1	2.015674E+1	-8.830172E-6	0.000000E+0	-3.311495E-2	-3.522620E-1
1.558290E+2	2.004535E+1	2.020591E+1	1.000495E+1	1.605594E-1	2.009887E+1	-7.149623E-6	0.000000E+0	-3.311652E-2	-2.852199E-1
1.569430E+2	2.009791E+1	2.003169E+1	1.000499E+1	-6.621470E-2	2.007583E+1	-1.870226E-6	0.000000E+0	-3.410516E-2	-7.460893E-2
1.580610E+2	2.009733E+1	2.003393E+1	1.000479E+1	-6.339374E-2	2.007620E+1	-2.898860E-7	0.000000E+0	-3.454892E-2	-1.156442E-2
1.591720E+2	2.004537E+1	2.020367E+1	1.000480E+1	1.582999E-1	2.009813E+1	-4.210401E-6	0.000000E+0	-3.417987E-2	-1.679655E-1
1.602910E+2	2.004548E+1	2.055317E+1	1.000343E+1	5.076995E-1	2.021471E+1	-1.218262E-5	0.000000E+0	-3.420264E-2	-4.860014E-1
1.614030E+2	2.009820E+1	2.073194E+1	1.000461E+1	6.337431E-1	2.030945E+1	-1.092911E-5	0.000000E+0	-3.519402E-2	-4.359950E-1
1.625210E+2	2.015113E+1	2.073146E+1	1.000446E+1	5.803258E-1	2.034457E+1	-1.487342E-5	0.000000E+0	-3.664752E-2	-5.933452E-1
1.636370E+2	2.015120E+1	2.055341E+1	1.000468E+1	4.022042E-1	2.028527E+1	-1.614029E-5	0.000000E+0	-3.777109E-2	-6.438848E-1
1.647500E+2	2.015118E+1	2.073146E+1	1.000468E+1	5.802710E-1	2.034461E+1	-1.759632E-5	0.000000E+0	-3.924954E-2	-7.019700E-1
1.658690E+2	2.009811E+1	2.073180E+1	1.000347E+1	6.336870E-1	2.030934E+1	-1.855844E-5	0.000000E+0	-4.007667E-2	-7.403518E-1
1.669850E+2	2.004544E+1	2.055329E+1	1.000459E+1	5.078497E-1	2.021473E+1	-1.213039E-5	0.000000E+0	-4.074477E-2	-4.839176E-1
1.680980E+2	1.999073E+1	2.020324E+1	1.000364E+1	2.125126E-1	2.006156E+1	-1.017077E-6	0.000000E+0	-3.986938E-2	-4.057427E-2
1.692170E+2	1.999076E+1	2.020537E+1	1.000468E+1	2.146062E-1	2.006230E+1	-3.793839E-6	0.000000E+0	-3.987032E-2	-1.513476E-1
1.703320E+2	2.004531E+1	2.055194E+1	1.000476E+1	5.066322E-1	2.021419E+1	-1.008226E-5	0.000000E+0	-4.079972E-2	-4.022117E-1
1.714440E+2	2.009819E+1	2.020531E+1	1.000457E+1	1.071172E-1	2.013390E+1	1.198550E-6	0.000000E+0	-4.179456E-2	4.781377E-2
1.725600E+2	2.009809E+1	2.020565E+1	1.000465E+1	1.075693E-1	2.013394E+1	-2.434252E-6	0.000000E+0	-4.225129E-2	-9.710962E-2
1.736810E+2	2.009810E+1	2.037907E+1	1.000367E+1	2.809675E-1	2.019176E+1	-4.062240E-6	0.000000E+0	-4.286824E-2	-1.620549E-1
1.747940E+2	2.009808E+1	2.037875E+1	1.000467E+1	2.806763E-1	2.019163E+1	-7.730466E-6	0.000000E+0	-4.363189E-2	-3.083915E-1
1.759120E+2	2.004539E+1	2.003069E+1	1.000486E+1	-1.470162E-2	2.004049E+1	-1.365422E-6	0.000000E+0	-4.355190E-2	-5.447078E-2
1.770220E+2	2.004533E+1	1.985762E+1	1.000486E+1	-1.877093E-1	1.998276E+1	5.465463E-6	0.000000E+0	-4.358311E-2	2.180337E-1
1.781390E+2	1.999073E+1	2.037855E+1	1.000489E+1	3.878199E-1	2.012001E+1	-4.094888E-6	0.000000E+0	-4.265279E-2	-1.633574E-1
1.792570E+2	2.009818E+1	2.073171E+1	1.000392E+1	6.335307E-1	2.030936E+1	-1.497868E-5	0.000000E+0	-4.457717E-2	-5.975444E-1
1.803670E+2	2.009808E+1	2.055300E+1	1.000495E+1	4.549273E-1	2.024972E+1	-4.320692E-6	0.000000E+0	-4.535504E-2	-1.723654E-1
1.814820E+2	2.009820E+1	2.037697E+1	1.000497E+1	2.787692E-1	2.019112E+1	-4.692674E-6	0.000000E+0	-4.630771E-2	-1.872048E-1
1.825970E+2	2.009813E+1	2.055272E+1	1.000486E+1	4.545856E-1	2.024966E+1	-1.000415E-5	0.000000E+0	-4.740589E-2	-3.990957E-1
1.837110E+2	2.004538E+1	2.055349E+1	1.000491E+1	5.081153E-1	2.021475E+1	-1.008521E-5	0.000000E+0	-4.765887E-2	-4.023294E-1
1.848270E+2	2.004546E+1	2.037876E+1	1.000392E+1	3.332945E-1	2.015656E+1	-2.560716E-6	0.000000E+0	-4.770460E-2	-1.021546E-1
1.859420E+2	2.009811E+1	2.037939E+1	1.000498E+1	2.812738E-1	2.019187E+1	-8.289123E-6	0.000000E+0	-4.869485E-2	-3.306780E-1
1.870610E+2	2.009814E+1	2.055142E+1	1.000475E+1	4.532838E-1	2.024923E+1	-9.939693E-6	0.000000E+0	-4.915184E-2	-3.965242E-1
1.881770E+2	2.009813E+1	2.037973E+1	1.000481E+1	2.816006E-1	2.019200E+1	-4.854180E-6	0.000000E+0	-4.976740E-2	-1.936478E-1
1.892920E+2	2.009800E+1	2.055191E+1	1.000495E+1	4.539122E-1	2.024930E+1	-1.286248E-5	0.000000E+0	-5.052760E-2	-5.131229E-1
1.904050E+2	2.009818E+1	2.055355E+1	1.000394E+1	4.553762E-1	2.024997E+1	-6.702411E-6	0.000000E+0	-5.143898E-2	-2.673793E-1
1.915240E+2	2.004527E+1	2.020568E+1	1.000498E+1	1.604119E-1	2.009874E+1	-5.877011E-6	0.000000E+0	-5.150443E-2	-2.344516E-1
1.926390E+2	2.004518E+1	2.003149E+1	1.000393E+1	-1.368296E-2	2.004061E+1	3.468342E-6	0.000000E+0	-5.153833E-2	1.383626E-1
1.937540E+2	1.999027E+1	2.003394E+1	1.000497E+1	4.366703E-2	2.000483E+1	-3.956998E-6	0.000000E+0	-5.060246E-2	-1.578565E-1
1.948700E+2	1.999023E+1	2.003164E+1	1.000488E+1	4.140908E-2	2.000403E+1	4.164014E-6	0.000000E+0	-5.060166E-2	1.661150E-1
1.959810E+2	2.004525E+1	2.020534E+1	1.000384E+1	1.600934E-1	2.009861E+1	-4.685412E-6	0.000000E+0	-5.153966E-2	-1.869152E-1
1.970970E+2	2.004506E+1	2.037945E+1	1.000492E+1	3.343855E-1	2.015652E+1	-8.045661E-6	0.000000E+0	-5.153642E-2	-3.209655E-1
1.982120E+2	2.009779E+1	2.055260E+1	1.000387E+1	4.548095E-1	2.024940E+1	-6.157533E-6	0.000000E+0	-5.252818E-2	-2.456425E-1
1.993300E+2	2.015096E+1	2.055315E+1	1.000496E+1	4.021856E-1	2.028502E+1	-1.347959E-5	0.000000E+0	-5.398424E-2	-5.377413E-1
2.004470E+2	2.015085E+1	2.055174E+1	1.000490E+1	4.008831E-1	2.028448E+1	-1.130462E-5	0.000000E+0	-5.510319E-2	-4.509753E-1
2.015580E+2	2.009784E+1	2.073177E+1	1.000459E+1	6.339342E-1	2.030915E+1	-1.231088E-5	0.000000E+0	-5.558296E-2	-4.911178E-1
2.026750E+2	2.009777E+1	2.055352E+1	1.000478E+1	4.557556E-1	2.024969E+1	-9.935223E-6	0.000000E+0	-5.689482E-2	-3.963459E-1
2.037950E+2	2.004526E+1	2.073146E+1	1.000374E+1	6.861918E-1	2.027399E+1	-1.991717E-5	0.000000E+0	-5.735382E-2	-7.945556E-1
2.049060E+2	1.999017E+1	2.106986E+1	1.005701E+1	1.079682E+0	2.035007E+1	-2.307223E-5	0.000000E+0	-5.646616E-2	-9.204203E-1
2.060230E+2	1.999025E+1	2.089762E+1	1.005696E+1	9.073662E-1	2.029271E+1	-2.324743E-5	1.641782E-5	-5.646762E-2	-9.274097E-1
2.071410E+2	1.999028E+1	2.089903E+1	1.005657E+1	9.087488E-1	2.029320E+1	-2.632004E-5	4.490757E-5	-5.646814E-2	-1.049985E+0
2.082590E+2	1.999052E+1	2.089811E+1	1.005697E+1	9.075877E-1	2.029305E+1	-2.806452E-5	7.677746E-5	-5.647253E-2	-1.119578E+0
2.093760E+2	1.999035E+1	2.089892E+1	1.005527E+1	9.085708E-1	2.029320E+1	-2.737105E-5	1.120275E-4	-5.646929E-2	-1.091913E+0
2.104950E+2	1.999018E+1	2.089932E+1	1.005690E+1	9.091434E-1	2.029322E+1	-2.139836E-5	1.496919E-4	-5.646619E-2	-8.536447E-1
2.116120E+2	1.999025E+1	2.089943E+1	1.000387E+1	9.091865E-1	2.029331E+1	-2.458703E-5	1.912193E-4	-5.646748E-2	-9.808504E-1
2.127260E+2	1.999024E+1	2.090015E+1	1.000488E+1	9.099154E-1	2.029354E+1	-2.482843E-5	1.924265E-4	-5.646730E-2	-9.904805E-1
2.138450E+2	1.999027E+1	2.089765E+1	9.950903E+0	9.073765E-1	2.029273E+1	-2.391920E-5	1.921851E-4	-5.646793E-2	-9.542088E-1
2.149600E+2	1.999010E+1	2.089923E+1	1.000488E+1	9.091288E-1	2.029314E+1	-3.596342E-5	1.924265E-4	-5.646483E-2	-1.434689E+0
2.160740E+2	1.999082E+1	2.089773E+1	1.000494E+1	9.069110E-1	2.029313E+1	-2.821370E-5	1.921851E-4	-5.647803E-2	-1.125529E+0
2.171940E+2	1.999018E+1	2.089920E+1	1.000348E+1	9.090193E-1	2.029319E+1	-2.757519E-5	1.921851E-4	-5.646633E-2	-1.100057E+0
2.183100E+2	1.999049E+1	2.090015E+1	1.000471E+1	9.096579E-1	2.029371E+1	-2.854222E-5	1.924265E-4	-5.647200E-2	-1.138635E+0
2.194240E+2	1.999065E+1	2.089791E+1	1.000354E+1	9.072624E-1	2.029307E+1	-2.970440E-5	1.921851E-4	-5.647479E-2	-1.184997E+0
2.205400E+2	1.999060E+1	2.089952E+1	1.000460E+1	9.089188E-1	2.029358E+1	-3.100349E-5	1.921851E-4	-5.647399E-2	-1.236822E+0
2.216560E+2	1.999076E+1	2.089776E+1	1.000467E+1	9.070027E-1	2.029310E+1	-2.762887E-5	1.924265E-4	-5.647736E-2	-1.102198E+0
