Temps(s)	Pc(MPa)	Pax(MPa)	Ppam(MPa)	Q(MPa)	Pmoy(MPa)	Defaxcapt	Defvolfluide	Defvolconf	Deplct(µm)
1.869000E+0	6.004715E+1	6.028672E+1	1.000520E+1	2.395681E-1	6.012701E+1	4.197028E-6	0.000000E+0	2.097482E-6	1.673355E-1
2.987000E+0	6.004704E+1	6.028094E+1	1.000408E+1	2.338992E-1	6.012501E+1	1.742704E-5	0.000000E+0	3.948201E-6	6.948162E-1
4.103000E+0	6.004716E+1	6.028652E+1	1.000484E+1	2.393553E-1	6.012695E+1	1.973347E-5	0.000000E+0	1.912410E-6	7.867735E-1
5.218000E+0	6.004610E+1	6.028629E+1	1.000487E+1	2.401855E-1	6.012616E+1	4.575240E-5	0.000000E+0	1.912410E-5	1.824148E+0
6.335000E+0	6.004578E+1	6.028594E+1	1.000479E+1	2.401684E-1	6.012583E+1	5.397892E-5	0.000000E+0	2.436781E-5	2.152140E+0
7.451000E+0	6.004636E+1	6.011374E+1	1.000482E+1	6.738560E-2	6.006882E+1	6.572192E-5	0.000000E+0	1.499083E-5	2.620333E+0
8.565000E+0	6.004641E+1	5.993938E+1	1.000388E+1	-1.070326E-1	6.001073E+1	6.894809E-5	0.000000E+0	1.412716E-5	2.748960E+0
9.680000E+0	6.004637E+1	5.994421E+1	1.000488E+1	-1.021567E-1	6.001232E+1	6.335129E-5	0.000000E+0	1.739615E-5	2.525816E+0
1.079500E+1	6.004628E+1	6.080111E+1	1.000483E+1	7.548331E-1	6.029789E+1	4.239974E-5	0.000000E+0	1.917951E-5	1.690478E+0
1.190900E+1	6.004619E+1	6.080133E+1	1.000481E+1	7.551433E-1	6.029790E+1	4.626797E-5	0.000000E+0	2.035730E-5	1.844704E+0
1.303000E+1	6.009943E+1	6.045789E+1	1.000487E+1	3.584586E-1	6.021892E+1	5.388091E-5	0.000000E+0	-8.404797E-4	2.148232E+0
1.414800E+1	6.009952E+1	6.045366E+1	1.000380E+1	3.541374E-1	6.021757E+1	5.299073E-5	0.000000E+0	-1.302878E-3	2.112740E+0
1.525800E+1	6.004610E+1	6.045774E+1	1.000483E+1	4.116442E-1	6.018331E+1	4.993166E-5	0.000000E+0	-1.062863E-3	1.990775E+0
1.637300E+1	5.999203E+1	6.045259E+1	1.000406E+1	4.605557E-1	6.014555E+1	5.768605E-5	0.000000E+0	-2.412166E-4	2.299943E+0
1.749100E+1	5.999180E+1	6.063217E+1	1.000487E+1	6.403725E-1	6.020526E+1	4.667173E-5	0.000000E+0	-2.372373E-4	1.860802E+0
1.860600E+1	6.000092E+1	6.063223E+1	1.000482E+1	6.313130E-1	6.021136E+1	4.690161E-5	0.000000E+0	-3.816377E-4	1.869967E+0
1.972400E+1	6.004623E+1	6.063100E+1	1.000384E+1	5.847686E-1	6.024115E+1	5.093130E-5	0.000000E+0	-1.086901E-3	2.030631E+0
2.083700E+1	6.004610E+1	6.080173E+1	1.000502E+1	7.556339E-1	6.029798E+1	4.774747E-5	0.000000E+0	-1.085106E-3	1.903692E+0
2.195200E+1	6.004628E+1	6.079586E+1	1.000410E+1	7.495887E-1	6.029614E+1	4.064397E-5	0.000000E+0	-1.087703E-3	1.620475E+0
2.307000E+1	6.009941E+1	6.045830E+1	1.000501E+1	3.588958E-1	6.021904E+1	4.850749E-5	0.000000E+0	-1.947171E-3	1.933994E+0
2.418700E+1	6.010025E+1	6.045812E+1	1.000506E+1	3.578763E-1	6.021954E+1	4.978294E-5	0.000000E+0	-2.422687E-3	1.984846E+0
2.530000E+1	6.004625E+1	6.028597E+1	1.000501E+1	2.397164E-1	6.012616E+1	5.558424E-5	0.000000E+0	-2.180713E-3	2.216144E+0
2.641400E+1	5.999262E+1	6.063228E+1	1.000509E+1	6.396636E-1	6.020584E+1	5.282560E-5	0.000000E+0	-1.366003E-3	2.106157E+0
2.753300E+1	5.999282E+1	6.028019E+1	1.000398E+1	2.873617E-1	6.008861E+1	6.018343E-5	0.000000E+0	-1.369018E-3	2.399513E+0
2.864700E+1	5.999252E+1	6.045769E+1	1.000503E+1	4.651641E-1	6.014758E+1	5.172347E-5	0.000000E+0	-1.364255E-3	2.062215E+0
2.976300E+1	5.999272E+1	6.062984E+1	1.000511E+1	6.371188E-1	6.020509E+1	4.893118E-5	0.000000E+0	-1.367631E-3	1.950886E+0
3.087700E+1	6.004710E+1	6.045778E+1	1.000512E+1	4.106850E-1	6.018399E+1	5.790222E-5	0.000000E+0	-2.216528E-3	2.308561E+0
3.199500E+1	6.004707E+1	6.063246E+1	1.000506E+1	5.853930E-1	6.024220E+1	5.168872E-5	0.000000E+0	-2.216096E-3	2.060829E+0
3.311200E+1	6.004694E+1	6.062590E+1	1.000359E+1	5.789586E-1	6.023993E+1	4.160811E-5	0.000000E+0	-2.214301E-3	1.658916E+0
3.422600E+1	6.004711E+1	6.063254E+1	1.000514E+1	5.854335E-1	6.024226E+1	4.994682E-5	0.000000E+0	-2.216775E-3	1.991380E+0
3.534100E+1	6.004705E+1	6.045047E+1	1.000410E+1	4.034186E-1	6.018152E+1	5.847443E-5	0.000000E+0	-2.216029E-3	2.331376E+0
3.645900E+1	6.004671E+1	6.028488E+1	1.000501E+1	2.381615E-1	6.012610E+1	5.398158E-5	0.000000E+0	-2.210600E-3	2.152246E+0
3.757300E+1	6.004700E+1	6.063159E+1	1.000510E+1	5.845869E-1	6.024187E+1	5.387203E-5	0.000000E+0	-2.215047E-3	2.147878E+0
3.868700E+1	6.010002E+1	6.063116E+1	1.000437E+1	5.311425E-1	6.027707E+1	4.134805E-5	0.000000E+0	-3.072603E-3	1.648547E+0
3.980500E+1	6.010008E+1	6.063123E+1	1.000502E+1	5.311467E-1	6.027713E+1	4.812257E-5	0.000000E+0	-3.537946E-3	1.918647E+0
4.092000E+1	6.004683E+1	6.062599E+1	1.000394E+1	5.791594E-1	6.023988E+1	4.824501E-5	0.000000E+0	-3.304867E-3	1.923529E+0
4.203600E+1	6.004646E+1	6.063115E+1	1.000499E+1	5.846837E-1	6.024136E+1	5.116465E-5	0.000000E+0	-3.321849E-3	2.039934E+0
4.315300E+1	6.004696E+1	6.063129E+1	1.000513E+1	5.843317E-1	6.024174E+1	4.175797E-5	0.000000E+0	-3.329930E-3	1.664890E+0
4.426800E+1	6.004688E+1	6.063123E+1	1.000496E+1	5.843504E-1	6.024167E+1	5.060306E-5	0.000000E+0	-3.328394E-3	2.017544E+0
4.538900E+1	6.004703E+1	6.063146E+1	1.000503E+1	5.844279E-1	6.024184E+1	4.248716E-5	0.000000E+0	-3.330738E-3	1.693963E+0
4.650300E+1	6.004677E+1	6.062590E+1	1.000393E+1	5.791341E-1	6.023981E+1	5.261562E-5	0.000000E+0	-3.326543E-3	2.097785E+0
4.761900E+1	6.010014E+1	6.063116E+1	1.000506E+1	5.310281E-1	6.027715E+1	4.585431E-5	0.000000E+0	-4.189595E-3	1.828211E+0
4.873500E+1	6.010030E+1	6.062633E+1	1.000411E+1	5.260340E-1	6.027564E+1	4.972585E-5	0.000000E+0	-4.658229E-3	1.982570E+0
4.985100E+1	6.004691E+1	6.063123E+1	1.000505E+1	5.843122E-1	6.024168E+1	5.013086E-5	0.000000E+0	-4.427331E-3	1.998717E+0
5.096600E+1	6.004700E+1	6.063123E+1	1.000504E+1	5.842206E-1	6.024174E+1	4.443453E-5	0.000000E+0	-4.451475E-3	1.771605E+0
5.208100E+1	6.004682E+1	6.063146E+1	1.000490E+1	5.846339E-1	6.024170E+1	4.764827E-5	0.000000E+0	-4.448755E-3	1.899736E+0
5.320200E+1	6.004692E+1	6.063151E+1	1.000504E+1	5.845961E-1	6.024178E+1	4.641359E-5	0.000000E+0	-4.450297E-3	1.850510E+0
5.431300E+1	6.010018E+1	6.079425E+1	1.000409E+1	6.940719E-1	6.033154E+1	3.520979E-5	0.000000E+0	-5.311443E-3	1.403814E+0
5.542900E+1	6.010027E+1	6.045577E+1	1.000503E+1	3.554941E-1	6.021877E+1	5.604001E-5	0.000000E+0	-5.778966E-3	2.234315E+0
5.654400E+1	6.010004E+1	6.028601E+1	1.000509E+1	1.859695E-1	6.016203E+1	5.819590E-5	0.000000E+0	-6.407301E-3	2.320271E+0
5.766000E+1	6.004685E+1	6.028598E+1	1.000483E+1	2.391329E-1	6.012656E+1	5.185816E-5	0.000000E+0	-6.330718E-3	2.067585E+0
5.877600E+1	5.999263E+1	6.063203E+1	1.000500E+1	6.394010E-1	6.020577E+1	5.165201E-5	0.000000E+0	-5.512652E-3	2.059366E+0
5.989300E+1	5.999255E+1	6.062674E+1	1.000397E+1	6.341868E-1	6.020395E+1	5.436459E-5	0.000000E+0	-5.511145E-3	2.167516E+0
6.101100E+1	5.999266E+1	6.063212E+1	1.000490E+1	6.394606E-1	6.020581E+1	4.774551E-5	0.000000E+0	-5.512773E-3	1.903613E+0
6.212300E+1	6.004678E+1	6.062688E+1	1.000464E+1	5.800971E-1	6.024015E+1	4.649307E-5	0.000000E+0	-6.358118E-3	1.853679E+0
6.323800E+1	6.009998E+1	6.063180E+1	1.000488E+1	5.318175E-1	6.027725E+1	4.828216E-5	0.000000E+0	-7.218153E-3	1.925010E+0
6.435700E+1	6.010013E+1	6.063243E+1	1.000505E+1	5.323018E-1	6.027757E+1	4.335520E-5	0.000000E+0	-7.685217E-3	1.728572E+0
6.547400E+1	6.010019E+1	6.063088E+1	1.000363E+1	5.306870E-1	6.027708E+1	4.834402E-5	0.000000E+0	-8.316856E-3	1.927476E+0
6.658700E+1	6.004684E+1	6.063245E+1	1.000502E+1	5.856142E-1	6.024205E+1	4.458975E-5	0.000000E+0	-8.237199E-3	1.777794E+0
6.770400E+1	6.004655E+1	6.062702E+1	1.000368E+1	5.804621E-1	6.024004E+1	4.065117E-5	0.000000E+0	-8.259576E-3	1.620762E+0
6.881800E+1	6.004698E+1	6.063260E+1	1.000472E+1	5.856246E-1	6.024219E+1	4.630849E-5	0.000000E+0	-8.266423E-3	1.846320E+0
6.993500E+1	6.004609E+1	6.028608E+1	1.000480E+1	2.399955E-1	6.012609E+1	5.622910E-5	0.000000E+0	-8.251808E-3	2.241854E+0
7.104900E+1	6.004598E+1	6.028611E+1	1.000431E+1	2.401273E-1	6.012602E+1	5.710556E-5	0.000000E+0	-8.250081E-3	2.276799E+0
7.216300E+1	6.004573E+1	6.028654E+1	1.000476E+1	2.408069E-1	6.012600E+1	5.376485E-5	0.000000E+0	-8.246312E-3	2.143604E+0
7.327800E+1	6.004587E+1	6.028050E+1	1.000382E+1	2.346310E-1	6.012408E+1	5.547942E-5	0.000000E+0	-8.248533E-3	2.211965E+0
7.439500E+1	6.004592E+1	6.028635E+1	1.000484E+1	2.404262E-1	6.012606E+1	5.666279E-5	0.000000E+0	-8.249335E-3	2.259145E+0
7.551300E+1	6.004615E+1	6.028583E+1	1.000477E+1	2.396795E-1	6.012605E+1	5.882194E-5	0.000000E+0	-8.253339E-3	2.345231E+0
7.662900E+1	6.004624E+1	6.028347E+1	1.000474E+1	2.372323E-1	6.012532E+1	5.484826E-5	0.000000E+0	-8.254758E-3	2.186800E+0
7.774400E+1	6.004607E+1	6.028598E+1	1.000477E+1	2.399149E-1	6.012604E+1	5.237403E-5	0.000000E+0	-8.251679E-3	2.088153E+0
7.886100E+1	6.004620E+1	6.028045E+1	1.000378E+1	2.342569E-1	6.012428E+1	5.809419E-5	0.000000E+0	-8.254018E-3	2.316216E+0
7.997900E+1	6.004628E+1	6.028647E+1	1.000474E+1	2.401904E-1	6.012634E+1	5.794622E-5	0.000000E+0	-8.255313E-3	2.310316E+0
8.109100E+1	6.004638E+1	6.028080E+1	1.000452E+1	2.344191E-1	6.012452E+1	5.113919E-5	0.000000E+0	-8.256738E-3	2.038920E+0
8.220600E+1	6.004634E+1	6.028651E+1	1.000438E+1	2.401677E-1	6.012640E+1	5.525858E-5	0.000000E+0	-8.256424E-3	2.203160E+0
8.332300E+1	6.004626E+1	6.028638E+1	1.000483E+1	2.401193E-1	6.012630E+1	5.859117E-5	0.000000E+0	-8.255005E-3	2.336030E+0
8.443800E+1	6.004623E+1	6.028119E+1	1.000388E+1	2.349668E-1	6.012455E+1	5.773111E-5	0.000000E+0	-8.254270E-3	2.301739E+0
8.555200E+1	6.004679E+1	6.028635E+1	1.000514E+1	2.395603E-1	6.012664E+1	5.390384E-5	0.000000E+0	-8.263580E-3	2.149146E+0
8.667100E+1	6.004635E+1	6.028060E+1	1.000408E+1	2.342482E-1	6.012443E+1	5.916675E-5	0.000000E+0	-8.256485E-3	2.358978E+0
8.778400E+1	6.004592E+1	6.045808E+1	1.000511E+1	4.121554E-1	6.018331E+1	4.926093E-5	0.000000E+0	-8.249335E-3	1.964033E+0
8.890100E+1	6.009930E+1	6.063293E+1	1.000510E+1	5.336264E-1	6.027718E+1	4.441575E-5	0.000000E+0	-9.112813E-3	1.770856E+0
9.001700E+1	6.009912E+1	6.045814E+1	1.000508E+1	3.590171E-1	6.021879E+1	5.476462E-5	0.000000E+0	-9.571858E-3	2.183466E+0
9.113200E+1	6.004683E+1	6.063273E+1	1.000507E+1	5.859000E-1	6.024213E+1	5.084415E-5	0.000000E+0	-9.351129E-3	2.027156E+0
9.225300E+1	6.004606E+1	6.062740E+1	1.000406E+1	5.813437E-1	6.023984E+1	4.924840E-5	0.000000E+0	-9.360608E-3	1.963534E+0
9.336800E+1	6.004646E+1	6.045807E+1	1.000522E+1	4.116137E-1	6.018366E+1	5.101174E-5	0.000000E+0	-9.367085E-3	2.033838E+0
9.448500E+1	6.004699E+1	6.045284E+1	1.000457E+1	4.058506E-1	6.018227E+1	5.225810E-5	0.000000E+0	-9.375419E-3	2.083531E+0
9.559800E+1	6.004682E+1	6.063247E+1	1.000499E+1	5.856487E-1	6.024204E+1	4.955644E-5	0.000000E+0	-9.372946E-3	1.975815E+0
9.671600E+1	6.010027E+1	6.045808E+1	1.000501E+1	3.578112E-1	6.021954E+1	5.488588E-5	0.000000E+0	-1.023723E-2	2.188300E+0
9.783100E+1	6.010021E+1	6.062819E+1	1.000403E+1	5.279786E-1	6.027620E+1	4.949662E-5	0.000000E+0	-1.070139E-2	1.973430E+0
9.895100E+1	6.010014E+1	6.063224E+1	1.000505E+1	5.321082E-1	6.027751E+1	5.149672E-5	0.000000E+0	-1.133141E-2	2.053174E+0
1.000640E+2	6.004710E+1	6.062727E+1	1.000403E+1	5.801700E-1	6.024049E+1	5.105403E-5	0.000000E+0	-1.125723E-2	2.035524E+0
1.011850E+2	5.999259E+1	6.063241E+1	1.000507E+1	6.398209E-1	6.020587E+1	5.636678E-5	0.000000E+0	-1.043425E-2	2.247343E+0
1.023000E+2	6.004690E+1	6.063255E+1	1.000519E+1	5.856549E-1	6.024212E+1	4.637512E-5	0.000000E+0	-1.128223E-2	1.848976E+0
1.034120E+2	6.004680E+1	6.063270E+1	1.000509E+1	5.858979E-1	6.024210E+1	4.559628E-5	0.000000E+0	-1.128087E-2	1.817924E+0
1.045270E+2	6.010024E+1	6.063129E+1	1.000515E+1	5.310441E-1	6.027726E+1	4.924083E-5	0.000000E+0	-1.214515E-2	1.963232E+0
1.056420E+2	6.009996E+1	6.045065E+1	1.000411E+1	3.506853E-1	6.021686E+1	5.041325E-5	0.000000E+0	-1.260597E-2	2.009976E+0
1.067620E+2	6.004710E+1	6.028477E+1	1.000510E+1	2.376688E-1	6.012633E+1	5.018641E-5	0.000000E+0	-1.238015E-2	2.000932E+0
1.078720E+2	5.999280E+1	6.028095E+1	1.000497E+1	2.881480E-1	6.008885E+1	6.325761E-5	0.000000E+0	-1.155524E-2	2.522081E+0
1.089920E+2	5.999289E+1	6.045624E+1	1.000512E+1	4.633497E-1	6.014734E+1	5.085161E-5	0.000000E+0	-1.155663E-2	2.027454E+0
1.101070E+2	6.004711E+1	6.045643E+1	1.000524E+1	4.093174E-1	6.018355E+1	5.694352E-5	0.000000E+0	-1.240342E-2	2.270338E+0
1.112210E+2	6.004696E+1	6.062605E+1	1.000410E+1	5.790834E-1	6.023999E+1	4.687627E-5	0.000000E+0	-1.240125E-2	1.868957E+0
1.123400E+2	6.004706E+1	6.063166E+1	1.000519E+1	5.845988E-1	6.024192E+1	5.213329E-5	0.000000E+0	-1.240255E-2	2.078554E+0
1.134530E+2	6.010041E+1	6.079434E+1	1.000417E+1	6.939254E-1	6.033172E+1	4.781587E-5	0.000000E+0	-1.326536E-2	1.906419E+0
1.145730E+2	6.010011E+1	6.063148E+1	1.000517E+1	5.313713E-1	6.027723E+1	4.792270E-5	0.000000E+0	-1.372719E-2	1.910678E+0
1.156880E+2	6.010011E+1	6.079948E+1	1.000502E+1	6.993771E-1	6.033323E+1	4.282200E-5	0.000000E+0	-1.435622E-2	1.707313E+0
1.168000E+2	6.010014E+1	6.045627E+1	1.000462E+1	3.561377E-1	6.021885E+1	5.451291E-5	0.000000E+0	-1.513907E-2	2.173430E+0
1.179170E+2	6.004704E+1	6.028493E+1	1.000507E+1	2.378909E-1	6.012634E+1	5.956988E-5	0.000000E+0	-1.521683E-2	2.375051E+0
1.190330E+2	5.999265E+1	6.027883E+1	1.000427E+1	2.861772E-1	6.008805E+1	5.745241E-5	0.000000E+0	-1.440201E-2	2.290628E+0
1.201480E+2	5.999275E+1	6.028603E+1	1.000512E+1	2.932751E-1	6.009051E+1	5.788140E-5	0.000000E+0	-1.440333E-2	2.307731E+0
1.212610E+2	5.993916E+1	6.011394E+1	1.000505E+1	1.747799E-1	5.999742E+1	6.730394E-5	0.000000E+0	-1.355622E-2	2.683408E+0
1.223780E+2	5.993950E+1	6.011385E+1	1.000507E+1	1.743465E-1	5.999762E+1	6.715554E-5	0.000000E+0	-1.318777E-2	2.677491E+0
1.234920E+2	5.999262E+1	6.045815E+1	1.000511E+1	4.655291E-1	6.014780E+1	5.935335E-5	0.000000E+0	-1.358782E-2	2.366418E+0
1.246110E+2	5.999285E+1	6.045231E+1	1.000414E+1	4.594631E-1	6.014600E+1	5.603678E-5	0.000000E+0	-1.357594E-2	2.234186E+0
1.257290E+2	5.999294E+1	6.063024E+1	1.000512E+1	6.373080E-1	6.020537E+1	5.154763E-5	0.000000E+0	-1.357733E-2	2.055204E+0
1.268430E+2	6.004704E+1	6.045344E+1	1.000452E+1	4.063937E-1	6.018251E+1	5.038130E-5	0.000000E+0	-1.442223E-2	2.008702E+0
1.279550E+2	6.004686E+1	6.063250E+1	1.000499E+1	5.856355E-1	6.024208E+1	4.451230E-5	0.000000E+0	-1.441957E-2	1.774705E+0
1.290760E+2	6.010009E+1	6.063261E+1	1.000515E+1	5.325203E-1	6.027760E+1	4.814670E-5	0.000000E+0	-1.528016E-2	1.919609E+0
1.301910E+2	6.010021E+1	6.062726E+1	1.000389E+1	5.270502E-1	6.027590E+1	5.165222E-5	0.000000E+0	-1.574354E-2	2.059374E+0
1.313040E+2	6.009944E+1	6.063256E+1	1.000458E+1	5.331189E-1	6.027715E+1	4.830006E-5	0.000000E+0	-1.635962E-2	1.925723E+0
1.324230E+2	6.010029E+1	6.028067E+1	1.000389E+1	1.803736E-1	6.016042E+1	5.734086E-5	0.000000E+0	-1.714826E-2	2.286180E+0
1.335370E+2	6.004595E+1	6.028610E+1	1.000482E+1	2.401521E-1	6.012600E+1	5.902505E-5	0.000000E+0	-1.720181E-2	2.353329E+0
1.346480E+2	5.999229E+1	6.045779E+1	1.000484E+1	4.654985E-1	6.014746E+1	5.496396E-5	0.000000E+0	-1.639987E-2	2.191413E+0
1.357680E+2	5.999231E+1	6.045571E+1	1.000418E+1	4.634001E-1	6.014678E+1	5.752915E-5	0.000000E+0	-1.639993E-2	2.293687E+0
1.368790E+2	6.004630E+1	6.063245E+1	1.000485E+1	5.861597E-1	6.024168E+1	5.138660E-5	0.000000E+0	-1.724256E-2	2.048784E+0
1.379960E+2	6.004624E+1	6.062739E+1	1.000388E+1	5.811490E-1	6.023996E+1	4.810723E-5	0.000000E+0	-1.724194E-2	1.918035E+0
1.391120E+2	6.009919E+1	6.063272E+1	1.000495E+1	5.335279E-1	6.027703E+1	4.881938E-5	0.000000E+0	-1.809796E-2	1.946429E+0
1.402270E+2	6.009952E+1	6.080205E+1	1.000489E+1	7.025331E-1	6.033370E+1	4.425194E-5	0.000000E+0	-1.856304E-2	1.764325E+0
1.413450E+2	6.009943E+1	6.080168E+1	1.000487E+1	7.022508E-1	6.033352E+1	3.840202E-5	0.000000E+0	-1.918589E-2	1.531089E+0
1.424580E+2	6.009957E+1	6.080215E+1	1.000494E+1	7.025854E-1	6.033376E+1	3.947566E-5	0.000000E+0	-1.996583E-2	1.573895E+0
1.435790E+2	6.004632E+1	6.079623E+1	1.000385E+1	7.499075E-1	6.029629E+1	4.431296E-5	0.000000E+0	-2.003244E-2	1.766758E+0
1.446940E+2	6.004645E+1	6.063273E+1	1.000497E+1	5.862853E-1	6.024188E+1	4.335215E-5	0.000000E+0	-2.006973E-2	1.728450E+0
1.458070E+2	6.006675E+1	6.079708E+1	1.000450E+1	7.303314E-1	6.031019E+1	4.504803E-5	0.000000E+0	-2.039805E-2	1.796065E+0
1.469220E+2	6.009930E+1	6.080154E+1	1.000483E+1	7.022328E-1	6.033338E+1	4.197759E-5	0.000000E+0	-2.111113E-2	1.673646E+0
1.480380E+2	6.009945E+1	6.045810E+1	1.000487E+1	3.586525E-1	6.021900E+1	5.027533E-5	0.000000E+0	-2.164582E-2	2.004477E+0
1.491570E+2	6.009936E+1	6.045298E+1	1.000391E+1	3.536186E-1	6.021723E+1	6.098461E-5	0.000000E+0	-2.233605E-2	2.431457E+0
1.502720E+2	6.004634E+1	6.045830E+1	1.000511E+1	4.119583E-1	6.018366E+1	5.270892E-5	0.000000E+0	-2.232155E-2	2.101504E+0
1.513890E+2	5.999202E+1	6.028083E+1	1.000423E+1	2.888112E-1	6.008829E+1	6.771553E-5	0.000000E+0	-2.150319E-2	2.699818E+0
1.525000E+2	6.004707E+1	6.045810E+1	1.000513E+1	4.110359E-1	6.018408E+1	5.654314E-5	0.000000E+0	-2.236293E-2	2.254375E+0
1.536150E+2	6.004704E+1	6.045793E+1	1.000513E+1	4.108861E-1	6.018400E+1	5.583355E-5	0.000000E+0	-2.236256E-2	2.226084E+0
1.547350E+2	6.004690E+1	6.063094E+1	1.000482E+1	5.840397E-1	6.024158E+1	5.369645E-5	0.000000E+0	-2.236076E-2	2.140877E+0
1.558510E+2	6.010023E+1	6.063269E+1	1.000526E+1	5.324577E-1	6.027772E+1	5.154915E-5	0.000000E+0	-2.322326E-2	2.055265E+0
1.569640E+2	6.010025E+1	6.062748E+1	1.000416E+1	5.272307E-1	6.027599E+1	5.205096E-5	0.000000E+0	-2.368979E-2	2.075272E+0
1.580850E+2	6.010023E+1	6.028632E+1	1.000516E+1	1.860914E-1	6.016226E+1	5.857315E-5	0.000000E+0	-2.431989E-2	2.335312E+0
1.591980E+2	6.004698E+1	6.028468E+1	1.000499E+1	2.377007E-1	6.012621E+1	6.336268E-5	0.000000E+0	-2.424328E-2	2.526270E+0
1.603180E+2	5.999275E+1	6.045807E+1	1.000513E+1	4.653169E-1	6.014785E+1	5.468551E-5	0.000000E+0	-2.342589E-2	2.180311E+0
1.614350E+2	5.999287E+1	6.045824E+1	1.000513E+1	4.653675E-1	6.014800E+1	6.113989E-5	0.000000E+0	-2.342788E-2	2.437647E+0
1.625520E+2	6.004699E+1	6.045346E+1	1.000444E+1	4.064682E-1	6.018248E+1	5.389638E-5	0.000000E+0	-2.427318E-2	2.148849E+0
1.636640E+2	6.004687E+1	6.045787E+1	1.000459E+1	4.110041E-1	6.018387E+1	5.389419E-5	0.000000E+0	-2.427115E-2	2.148761E+0
1.647850E+2	6.004678E+1	6.062703E+1	1.000409E+1	5.802525E-1	6.024019E+1	5.288174E-5	0.000000E+0	-2.426967E-2	2.108395E+0
1.658960E+2	6.010023E+1	6.045626E+1	1.000512E+1	3.560290E-1	6.021891E+1	5.683007E-5	0.000000E+0	-2.513390E-2	2.265815E+0
1.670120E+2	6.010033E+1	6.045603E+1	1.000516E+1	3.556996E-1	6.021890E+1	5.012980E-5	0.000000E+0	-2.560347E-2	1.998675E+0
1.681290E+2	6.010031E+1	6.063115E+1	1.000500E+1	5.308393E-1	6.027725E+1	5.162541E-5	0.000000E+0	-2.623671E-2	2.058305E+0
1.692460E+2	6.004695E+1	6.028446E+1	1.000512E+1	2.375126E-1	6.012612E+1	6.048036E-5	0.000000E+0	-2.616127E-2	2.411352E+0
1.703590E+2	5.999262E+1	6.027891E+1	1.000411E+1	2.862883E-1	6.008805E+1	6.121634E-5	0.000000E+0	-2.534208E-2	2.440696E+0
1.714810E+2	5.999258E+1	6.045612E+1	1.000518E+1	4.635397E-1	6.014709E+1	6.177910E-5	0.000000E+0	-2.534166E-2	2.463133E+0
1.725950E+2	5.999273E+1	6.028109E+1	1.000454E+1	2.883606E-1	6.008885E+1	6.116117E-5	0.000000E+0	-2.534383E-2	2.438496E+0
1.737120E+2	6.004713E+1	6.045632E+1	1.000507E+1	4.091910E-1	6.018353E+1	5.843390E-5	0.000000E+0	-2.619334E-2	2.329759E+0
1.748280E+2	6.004690E+1	6.045372E+1	1.000506E+1	4.068226E-1	6.018251E+1	5.246086E-5	0.000000E+0	-2.618964E-2	2.091614E+0
1.759450E+2	6.004653E+1	6.045502E+1	1.000489E+1	4.084912E-1	6.018270E+1	5.831380E-5	0.000000E+0	-2.618366E-2	2.324971E+0
1.770630E+2	6.010002E+1	6.045620E+1	1.000515E+1	3.561813E-1	6.021875E+1	5.339008E-5	0.000000E+0	-2.704892E-2	2.128662E+0
1.781780E+2	6.009993E+1	6.045074E+1	1.000414E+1	3.508059E-1	6.021687E+1	5.813227E-5	0.000000E+0	-2.751180E-2	2.317733E+0
1.792890E+2	6.010020E+1	6.045646E+1	1.000517E+1	3.562648E-1	6.021895E+1	5.141912E-5	0.000000E+0	-2.814418E-2	2.050080E+0
1.804050E+2	6.004681E+1	6.045664E+1	1.000526E+1	4.098280E-1	6.018342E+1	6.043534E-5	0.000000E+0	-2.806366E-2	2.409557E+0
1.815190E+2	5.999260E+1	6.063137E+1	1.000513E+1	6.387774E-1	6.020552E+1	5.353233E-5	0.000000E+0	-2.724730E-2	2.134334E+0
1.826360E+2	6.004686E+1	6.045635E+1	1.000520E+1	4.094868E-1	6.018336E+1	5.980090E-5	0.000000E+0	-2.809466E-2	2.384262E+0
1.837520E+2	6.004705E+1	6.030382E+1	1.000411E+1	2.567662E-1	6.013264E+1	6.171808E-5	0.000000E+0	-2.809751E-2	2.460700E+0
1.848670E+2	6.010004E+1	6.045615E+1	1.000517E+1	3.561086E-1	6.021875E+1	5.160985E-5	0.000000E+0	-2.895469E-2	2.057685E+0
1.859830E+2	6.010012E+1	6.080117E+1	1.000511E+1	7.010462E-1	6.033380E+1	4.485628E-5	0.000000E+0	-2.941787E-2	1.788420E+0
1.870980E+2	6.010015E+1	6.045681E+1	1.000518E+1	3.566520E-1	6.021904E+1	5.914272E-5	0.000000E+0	-3.004601E-2	2.358020E+0
1.882160E+2	6.004660E+1	6.045788E+1	1.000512E+1	4.112788E-1	6.018369E+1	5.494845E-5	0.000000E+0	-2.996175E-2	2.190795E+0
1.893280E+2	5.999268E+1	6.045261E+1	1.000406E+1	4.599303E-1	6.014599E+1	6.068544E-5	0.000000E+0	-2.914945E-2	2.419528E+0
1.904440E+2	6.004686E+1	6.080160E+1	1.000507E+1	7.547348E-1	6.029844E+1	5.106032E-5	0.000000E+0	-2.999548E-2	2.035775E+0
1.915640E+2	6.004698E+1	6.079817E+1	1.000448E+1	7.511964E-1	6.029738E+1	4.647773E-5	0.000000E+0	-2.999709E-2	1.853067E+0
1.926770E+2	6.004701E+1	6.080180E+1	1.000500E+1	7.547913E-1	6.029861E+1	4.553062E-5	0.000000E+0	-2.999789E-2	1.815306E+0
1.937920E+2	6.004707E+1	6.080152E+1	1.000514E+1	7.544502E-1	6.029855E+1	4.728394E-5	0.000000E+0	-2.999851E-2	1.885211E+0
1.949100E+2	6.004688E+1	6.079538E+1	1.000381E+1	7.485084E-1	6.029638E+1	5.114614E-5	0.000000E+0	-2.999567E-2	2.039197E+0
1.960200E+2	6.004698E+1	6.080171E+1	1.000484E+1	7.547355E-1	6.029856E+1	4.712395E-5	0.000000E+0	-2.999733E-2	1.878832E+0
1.971360E+2	6.004692E+1	6.079616E+1	1.000383E+1	7.492433E-1	6.029666E+1	4.383463E-5	0.000000E+0	-2.999611E-2	1.747687E+0
1.982500E+2	6.004602E+1	6.080177E+1	1.005694E+1	7.557505E-1	6.029794E+1	4.503927E-5	0.000000E+0	-2.998185E-2	1.795716E+0
1.993730E+2	6.004707E+1	6.080166E+1	1.005737E+1	7.545940E-1	6.029860E+1	4.067493E-5	1.639468E-5	-2.999851E-2	1.621710E+0
2.004920E+2	6.004622E+1	6.080154E+1	1.000504E+1	7.553258E-1	6.029799E+1	4.589700E-5	4.484428E-5	-2.998506E-2	1.829913E+0
2.016080E+2	6.004705E+1	6.080163E+1	1.000498E+1	7.545767E-1	6.029858E+1	4.535077E-5	4.580867E-5	-2.999857E-2	1.808135E+0
2.027190E+2	6.004705E+1	6.079547E+1	1.000385E+1	7.484192E-1	6.029652E+1	4.733859E-5	4.580867E-5	-2.999851E-2	1.887390E+0
2.038360E+2	6.004616E+1	6.080146E+1	1.000484E+1	7.552967E-1	6.029793E+1	4.680321E-5	4.556757E-5	-2.998413E-2	1.866044E+0
2.049820E+2	6.004620E+1	6.080128E+1	1.000487E+1	7.550782E-1	6.029789E+1	4.201723E-5	4.580867E-5	-2.998475E-2	1.675227E+0
2.061710E+2	6.004601E+1	6.079866E+1	1.000434E+1	7.526544E-1	6.029689E+1	4.527474E-5	4.556757E-5	-2.998191E-2	1.805104E+0
2.077820E+2	6.004694E+1	6.079605E+1	1.000425E+1	7.491092E-1	6.029664E+1	4.400491E-5	4.580867E-5	-2.999690E-2	1.754476E+0
